TIMES1 := Matrix(5, 1501, [[.14e-1,.4e-2,.4e-2,.3e-2,.3e-2,.4e-2,.3e-2,.3e-2,.3\
e-2,.3e-2,.3e-2,.3e-2,.3e-2,.4e-2,.5e-2,.4e-2,.5e-2,.4e-2,.6e-2,.5e-2,.4e-2,.6e\
-2,.4e-2,.4e-2,.4e-2,.4e-2,.4e-2,.5e-2,.5e-2,.4e-2,.4e-2,.4e-2,.20e-1,.7e-2,.6e\
-2,.4e-2,.5e-2,.5e-2,.4e-2,.5e-2,.4e-2,.4e-2,.5e-2,.6e-2,.4e-2,.4e-2,.4e-2,.4e-\
2,.4e-2,.4e-2,.5e-2,.4e-2,.6e-2,.6e-2,.4e-2,.4e-2,.5e-2,.5e-2,.4e-2,.4e-2,.4e-2
,.4e-2,.19e-1,.10e-1,.6e-2,.5e-2,.4e-2,.4e-2,.4e-2,.4e-2,.5e-2,.6e-2,.4e-2,.7e-\
2,.6e-2,.5e-2,.5e-2,.4e-2,.4e-2,.5e-2,.9e-2,.11e-1,.9e-2,.6e-2,.5e-2,.5e-2,.5e-\
2,.6e-2,.6e-2,.23e-1,.12e-1,.5e-2,.6e-2,.4e-2,.9e-2,.5e-2,.5e-2,.4e-2,.5e-2,.4e\
-2,.5e-2,.5e-2,.6e-2,.5e-2,.5e-2,.9e-2,.6e-2,.5e-2,.6e-2,.5e-2,.5e-2,.6e-2,.5e-\
2,.21e-1,.7e-2,.6e-2,.8e-2,.6e-2,.6e-2,.5e-2,.5e-2,.6e-2,.6e-2,.5e-2,.6e-2,.7e-\
2,.7e-2,.5e-2,.6e-2,.7e-2,.6e-2,.5e-2,.6e-2,.7e-2,.26e-1,.16e-1,.8e-2,.5e-2,.6e\
-2,.6e-2,.7e-2,.6e-2,.6e-2,.6e-2,.6e-2,.7e-2,.5e-2,.8e-2,.6e-2,.6e-2,.7e-2,.7e-\
2,.8e-2,.8e-2,.25e-1,.21e-1,.8e-2,.6e-2,.6e-2,.6e-2,.5e-2,.6e-2,.6e-2,.6e-2,.7e\
-2,.6e-2,.7e-2,.7e-2,.9e-2,.6e-2,.6e-2,.7e-2,.6e-2,.29e-1,.21e-1,.7e-2,.8e-2,.6\
e-2,.10e-1,.7e-2,.6e-2,.6e-2,.6e-2,.6e-2,.9e-2,.8e-2,.7e-2,.6e-2,.6e-2,.9e-2,.9\
e-2,.40e-1,.14e-1,.9e-2,.8e-2,.7e-2,.7e-2,.8e-2,.7e-2,.7e-2,.9e-2,.7e-2,.6e-2,.\
7e-2,.11e-1,.8e-2,.9e-2,.12e-1,.8e-2,.9e-2,.7e-2,.8e-2,.11e-1,.7e-2,.10e-1,.17e\
-1,.13e-1,.17e-1,.14e-1,.71e-1,.23e-1,.12e-1,.13e-1,.14e-1,.12e-1,.9e-2,.10e-1,
.11e-1,.8e-2,.11e-1,.12e-1,.10e-1,.10e-1,.10e-1,.10e-1,.11e-1,.12e-1,.9e-2,.7e-\
2,.8e-2,.13e-1,.12e-1,.12e-1,.11e-1,.11e-1,.10e-1,.11e-1,.20e-1,.9e-2,.10e-1,.\
15e-1,.13e-1,.64e-1,.34e-1,.14e-1,.12e-1,.11e-1,.12e-1,.11e-1,.13e-1,.12e-1,.12\
e-1,.13e-1,.12e-1,.12e-1,.10e-1,.10e-1,.9e-2,.14e-1,.11e-1,.13e-1,.10e-1,.16e-1
,.11e-1,.11e-1,.9e-2,.14e-1,.13e-1,.10e-1,.9e-2,.9e-2,.10e-1,.15e-1,.58e-1,.41e\
-1,.15e-1,.11e-1,.16e-1,.20e-1,.11e-1,.10e-1,.18e-1,.14e-1,.13e-1,.15e-1,.15e-1
,.14e-1,.14e-1,.14e-1,.11e-1,.12e-1,.13e-1,.13e-1,.12e-1,.12e-1,.13e-1,.14e-1,.\
14e-1,.13e-1,.13e-1,.13e-1,.12e-1,.85e-1,.15e-1,.13e-1,.12e-1,.13e-1,.11e-1,.13\
e-1,.15e-1,.15e-1,.14e-1,.13e-1,.12e-1,.12e-1,.12e-1,.14e-1,.14e-1,.14e-1,.14e-\
1,.14e-1,.15e-1,.13e-1,.16e-1,.15e-1,.14e-1,.14e-1,.16e-1,.13e-1,.75e-1,.18e-1,
.14e-1,.14e-1,.14e-1,.16e-1,.14e-1,.14e-1,.15e-1,.14e-1,.12e-1,.16e-1,.13e-1,.\
10e-1,.12e-1,.14e-1,.11e-1,.14e-1,.11e-1,.13e-1,.12e-1,.11e-1,.11e-1,.14e-1,.12\
e-1,.45e-1,.41e-1,.13e-1,.12e-1,.12e-1,.10e-1,.11e-1,.11e-1,.15e-1,.10e-1,.9e-2
,.10e-1,.11e-1,.11e-1,.11e-1,.15e-1,.11e-1,.12e-1,.12e-1,.10e-1,.16e-1,.11e-1,.\
12e-1,.13e-1,.10e-1,.67e-1,.16e-1,.13e-1,.12e-1,.15e-1,.11e-1,.12e-1,.11e-1,.14\
e-1,.11e-1,.12e-1,.11e-1,.15e-1,.11e-1,.11e-1,.10e-1,.13e-1,.16e-1,.11e-1,.11e-\
1,.12e-1,.12e-1,.15e-1,.54e-1,.40e-1,.13e-1,.11e-1,.10e-1,.12e-1,.14e-1,.11e-1,
.10e-1,.11e-1,.10e-1,.12e-1,.13e-1,.15e-1,.11e-1,.13e-1,.17e-1,.17e-1,.17e-1,.\
16e-1,.12e-1,.13e-1,.16e-1,.49e-1,.15e-1,.11e-1,.12e-1,.12e-1,.14e-1,.11e-1,.12\
e-1,.14e-1,.14e-1,.12e-1,.13e-1,.17e-1,.12e-1,.12e-1,.14e-1,.16e-1,.13e-1,.12e-\
1,.12e-1,.14e-1,.54e-1,.53e-1,.13e-1,.16e-1,.14e-1,.14e-1,.15e-1,.12e-1,.11e-1,
.12e-1,.11e-1,.13e-1,.16e-1,.13e-1,.12e-1,.13e-1,.17e-1,.15e-1,.14e-1,.14e-1,.\
16e-1,.49e-1,.48e-1,.16e-1,.13e-1,.12e-1,.11e-1,.16e-1,.14e-1,.12e-1,.13e-1,.13\
e-1,.16e-1,.14e-1,.14e-1,.17e-1,.19e-1,.14e-1,.16e-1,.13e-1,.12e-1,.48e-1,.50e-\
1,.13e-1,.15e-1,.13e-1,.13e-1,.16e-1,.13e-1,.13e-1,.17e-1,.13e-1,.13e-1,.13e-1,
.14e-1,.14e-1,.17e-1,.16e-1,.16e-1,.16e-1,.14e-1,.79e-1,.35e-1,.16e-1,.16e-1,.\
13e-1,.15e-1,.15e-1,.15e-1,.21e-1,.14e-1,.16e-1,.29e-1,.28e-1,.21e-1,.28e-1,.22\
e-1,.27e-1,.23e-1,.23e-1,.102,.40e-1,.19e-1,.20e-1,.15e-1,.23e-1,.19e-1,.14e-1,
.21e-1,.19e-1,.23e-1,.23e-1,.23e-1,.23e-1,.30e-1,.20e-1,.24e-1,.22e-1,.60e-1,.\
84e-1,.26e-1,.28e-1,.33e-1,.30e-1,.23e-1,.24e-1,.24e-1,.21e-1,.22e-1,.23e-1,.21\
e-1,.21e-1,.22e-1,.20e-1,.23e-1,.20e-1,.81e-1,.57e-1,.21e-1,.20e-1,.23e-1,.23e-\
1,.21e-1,.22e-1,.20e-1,.21e-1,.24e-1,.22e-1,.20e-1,.23e-1,.22e-1,.22e-1,.20e-1,
.17e-1,.68e-1,.18e-1,.19e-1,.14e-1,.16e-1,.19e-1,.14e-1,.14e-1,.14e-1,.17e-1,.\
19e-1,.15e-1,.16e-1,.20e-1,.16e-1,.17e-1,.57e-1,.68e-1,.19e-1,.18e-1,.19e-1,.19\
e-1,.21e-1,.22e-1,.21e-1,.18e-1,.20e-1,.21e-1,.18e-1,.20e-1,.17e-1,.21e-1,.16e-\
1,.76e-1,.43e-1,.20e-1,.19e-1,.20e-1,.17e-1,.17e-1,.19e-1,.19e-1,.19e-1,.22e-1,
.20e-1,.19e-1,.20e-1,.17e-1,.18e-1,.69e-1,.53e-1,.22e-1,.20e-1,.22e-1,.18e-1,.\
17e-1,.17e-1,.17e-1,.17e-1,.17e-1,.21e-1,.22e-1,.19e-1,.18e-1,.20e-1,.103,.38e-\
1,.18e-1,.18e-1,.15e-1,.16e-1,.21e-1,.15e-1,.17e-1,.20e-1,.17e-1,.25e-1,.17e-1,
.20e-1,.20e-1,.58e-1,.70e-1,.22e-1,.20e-1,.16e-1,.15e-1,.17e-1,.17e-1,.20e-1,.\
17e-1,.22e-1,.17e-1,.20e-1,.22e-1,.18e-1,.17e-1,.108,.23e-1,.23e-1,.18e-1,.16e-\
1,.17e-1,.21e-1,.19e-1,.22e-1,.24e-1,.25e-1,.19e-1,.22e-1,.26e-1,.30e-1,.18e-1,
.17e-1,.17e-1,.19e-1,.21e-1,.18e-1,.21e-1,.28e-1,.41e-1,.72e-1,.19e-1,.25e-1,.\
23e-1,.19e-1,.20e-1,.16e-1,.21e-1,.18e-1,.21e-1,.23e-1,.18e-1,.18e-1,.19e-1,.21\
e-1,.18e-1,.22e-1,.17e-1,.18e-1,.23e-1,.19e-1,.20e-1,.21e-1,.136,.26e-1,.18e-1,
.22e-1,.23e-1,.23e-1,.20e-1,.18e-1,.21e-1,.22e-1,.22e-1,.22e-1,.19e-1,.19e-1,.\
21e-1,.21e-1,.23e-1,.20e-1,.23e-1,.19e-1,.22e-1,.21e-1,.155,.32e-1,.23e-1,.19e-\
1,.23e-1,.19e-1,.17e-1,.19e-1,.22e-1,.19e-1,.20e-1,.23e-1,.22e-1,.23e-1,.21e-1,
.23e-1,.19e-1,.25e-1,.21e-1,.21e-1,.27e-1,.21e-1,.21e-1,.37e-1,.20e-1,.24e-1,.\
20e-1,.24e-1,.25e-1,.24e-1,.153,.45e-1,.41e-1,.21e-1,.20e-1,.22e-1,.19e-1,.20e-\
1,.27e-1,.27e-1,.22e-1,.23e-1,.20e-1,.23e-1,.22e-1,.24e-1,.26e-1,.21e-1,.21e-1,
.25e-1,.27e-1,.24e-1,.20e-1,.23e-1,.26e-1,.21e-1,.23e-1,.22e-1,.21e-1,.153,.40e\
-1,.27e-1,.21e-1,.25e-1,.19e-1,.21e-1,.25e-1,.21e-1,.28e-1,.21e-1,.21e-1,.24e-1
,.21e-1,.21e-1,.24e-1,.21e-1,.23e-1,.22e-1,.24e-1,.22e-1,.21e-1,.23e-1,.23e-1,.\
22e-1,.24e-1,.24e-1,.26e-1,.153,.57e-1,.25e-1,.26e-1,.22e-1,.21e-1,.24e-1,.20e-\
1,.22e-1,.24e-1,.20e-1,.24e-1,.22e-1,.21e-1,.26e-1,.27e-1,.30e-1,.26e-1,.27e-1,
.24e-1,.24e-1,.21e-1,.22e-1,.29e-1,.28e-1,.27e-1,.22e-1,.133,.75e-1,.22e-1,.24e\
-1,.20e-1,.25e-1,.21e-1,.26e-1,.29e-1,.23e-1,.25e-1,.22e-1,.26e-1,.21e-1,.26e-1
,.23e-1,.28e-1,.26e-1,.26e-1,.21e-1,.22e-1,.24e-1,.26e-1,.26e-1,.23e-1,.29e-1,.\
23e-1,.158,.55e-1,.25e-1,.23e-1,.24e-1,.23e-1,.24e-1,.27e-1,.25e-1,.25e-1,.26e-\
1,.26e-1,.24e-1,.22e-1,.24e-1,.29e-1,.27e-1,.24e-1,.23e-1,.28e-1,.27e-1,.28e-1,
.25e-1,.29e-1,.24e-1,.29e-1,.162,.52e-1,.22e-1,.27e-1,.23e-1,.28e-1,.25e-1,.25e\
-1,.28e-1,.28e-1,.26e-1,.22e-1,.27e-1,.23e-1,.28e-1,.23e-1,.23e-1,.28e-1,.23e-1
,.28e-1,.24e-1,.27e-1,.31e-1,.24e-1,.24e-1,.146,.66e-1,.28e-1,.21e-1,.26e-1,.22\
e-1,.22e-1,.23e-1,.30e-1,.30e-1,.23e-1,.30e-1,.30e-1,.29e-1,.24e-1,.28e-1,.38e-\
1,.32e-1,.26e-1,.29e-1,.23e-1,.29e-1,.26e-1,.27e-1,.26e-1,.184,.37e-1,.26e-1,.\
24e-1,.27e-1,.23e-1,.23e-1,.27e-1,.23e-1,.29e-1,.26e-1,.27e-1,.25e-1,.31e-1,.27\
e-1,.26e-1,.24e-1,.30e-1,.24e-1,.29e-1,.29e-1,.30e-1,.27e-1,.27e-1,.171,.45e-1,
.27e-1,.28e-1,.24e-1,.28e-1,.23e-1,.41e-1,.26e-1,.29e-1,.34e-1,.28e-1,.27e-1,.\
45e-1,.28e-1,.24e-1,.25e-1,.27e-1,.28e-1,.25e-1,.23e-1,.25e-1,.29e-1,.142,.81e-\
1,.23e-1,.22e-1,.26e-1,.25e-1,.29e-1,.28e-1,.28e-1,.27e-1,.30e-1,.28e-1,.27e-1,
.27e-1,.29e-1,.25e-1,.30e-1,.26e-1,.33e-1,.24e-1,.26e-1,.29e-1,.31e-1,.158,.79e\
-1,.25e-1,.27e-1,.27e-1,.28e-1,.30e-1,.26e-1,.26e-1,.28e-1,.26e-1,.28e-1,.23e-1
,.26e-1,.29e-1,.26e-1,.28e-1,.28e-1,.33e-1,.54e-1,.48e-1,.38e-1,.151,.130,.33e-\
1,.34e-1,.33e-1,.35e-1,.33e-1,.36e-1,.33e-1,.31e-1,.38e-1,.36e-1,.38e-1,.37e-1,
.40e-1,.38e-1,.38e-1,.39e-1,.36e-1,.39e-1,.39e-1,.40e-1,.172,.129,.35e-1,.35e-1
,.36e-1,.37e-1,.36e-1,.37e-1,.38e-1,.39e-1,.40e-1,.39e-1,.36e-1,.32e-1,.27e-1,.\
28e-1,.31e-1,.30e-1,.29e-1,.32e-1,.31e-1,.27e-1,.187,.56e-1,.31e-1,.29e-1,.31e-\
1,.29e-1,.32e-1,.28e-1,.32e-1,.29e-1,.32e-1,.33e-1,.30e-1,.32e-1,.27e-1,.32e-1,
.26e-1,.30e-1,.29e-1,.30e-1,.33e-1,.163,.65e-1,.36e-1,.33e-1,.26e-1,.32e-1,.27e\
-1,.37e-1,.36e-1,.27e-1,.29e-1,.26e-1,.33e-1,.31e-1,.31e-1,.31e-1,.34e-1,.33e-1
,.28e-1,.27e-1,.31e-1,.226,.35e-1,.28e-1,.36e-1,.39e-1,.40e-1,.43e-1,.39e-1,.40\
e-1,.39e-1,.42e-1,.40e-1,.43e-1,.38e-1,.41e-1,.32e-1,.33e-1,.31e-1,.33e-1,.34e-\
1,.176,.74e-1,.30e-1,.28e-1,.29e-1,.32e-1,.34e-1,.28e-1,.32e-1,.29e-1,.30e-1,.\
34e-1,.37e-1,.28e-1,.29e-1,.33e-1,.29e-1,.31e-1,.33e-1,.30e-1,.174,.79e-1,.29e-\
1,.31e-1,.29e-1,.32e-1,.29e-1,.31e-1,.31e-1,.28e-1,.41e-1,.28e-1,.33e-1,.32e-1,
.28e-1,.29e-1,.34e-1,.46e-1,.55e-1,.38e-1,.198,.47e-1,.30e-1,.29e-1,.32e-1,.28e\
-1,.33e-1,.32e-1,.37e-1,.33e-1,.29e-1,.33e-1,.34e-1,.32e-1,.29e-1,.34e-1,.31e-1
,.30e-1,.34e-1,.154,.88e-1,.34e-1,.30e-1,.31e-1,.27e-1,.37e-1,.33e-1,.32e-1,.30\
e-1,.31e-1,.34e-1,.31e-1,.33e-1,.29e-1,.34e-1,.31e-1,.35e-1,.38e-1,.153,.94e-1,
.33e-1,.27e-1,.30e-1,.33e-1,.36e-1,.39e-1,.30e-1,.33e-1,.29e-1,.36e-1,.29e-1,.\
33e-1,.33e-1,.30e-1,.35e-1,.36e-1,.31e-1,.196,.72e-1,.27e-1,.29e-1,.32e-1,.34e-\
1,.36e-1,.30e-1,.34e-1,.33e-1,.31e-1,.29e-1,.35e-1,.36e-1,.35e-1,.34e-1,.33e-1,
.34e-1,.124,.130,.31e-1,.33e-1,.29e-1,.37e-1,.31e-1,.32e-1,.36e-1,.37e-1,.32e-1
,.35e-1,.29e-1,.31e-1,.37e-1,.36e-1,.38e-1,.35e-1,.44e-1,.295,.59e-1,.46e-1,.43\
e-1,.46e-1,.46e-1,.53e-1,.44e-1,.43e-1,.33e-1,.35e-1,.31e-1,.33e-1,.36e-1,.36e-\
1,.35e-1,.36e-1,.33e-1,.228,.36e-1,.34e-1,.31e-1,.32e-1,.32e-1,.34e-1,.34e-1,.\
34e-1,.38e-1,.39e-1,.32e-1,.40e-1,.32e-1,.36e-1,.37e-1,.35e-1,.147,.115,.31e-1,
.34e-1,.35e-1,.42e-1,.35e-1,.37e-1,.31e-1,.36e-1,.37e-1,.33e-1,.35e-1,.32e-1,.\
36e-1,.37e-1,.34e-1,.35e-1,.210,.61e-1,.31e-1,.35e-1,.39e-1,.38e-1,.38e-1,.35e-\
1,.35e-1,.38e-1,.46e-1,.41e-1,.39e-1,.49e-1,.41e-1,.40e-1,.39e-1,.192,.96e-1,.\
39e-1,.34e-1,.42e-1,.37e-1,.36e-1,.35e-1,.40e-1,.43e-1,.36e-1,.37e-1,.38e-1,.38\
e-1,.44e-1,.37e-1,.37e-1,.179,.94e-1,.37e-1,.37e-1,.37e-1,.40e-1,.35e-1,.39e-1,
.39e-1,.39e-1,.36e-1,.39e-1,.38e-1,.33e-1,.38e-1,.39e-1,.36e-1,.218,.83e-1,.34e\
-1,.38e-1,.39e-1,.33e-1,.36e-1,.32e-1,.38e-1,.39e-1,.39e-1,.37e-1,.39e-1,.41e-1
,.35e-1,.40e-1,.133,.151,.42e-1,.47e-1,.38e-1,.38e-1,.38e-1,.34e-1,.39e-1,.41e-\
1,.32e-1,.40e-1,.36e-1,.38e-1,.40e-1,.43e-1,.37e-1,.209,.67e-1,.43e-1,.39e-1,.\
39e-1,.37e-1,.39e-1,.46e-1,.35e-1,.38e-1,.34e-1,.38e-1,.39e-1,.39e-1,.36e-1,.39\
e-1,.210,.95e-1,.36e-1,.37e-1,.40e-1,.37e-1,.38e-1,.35e-1,.42e-1,.58e-1,.41e-1,
.44e-1,.34e-1,.39e-1,.40e-1,.37e-1,.190,.102,.35e-1,.40e-1,.38e-1,.35e-1,.38e-1
,.37e-1,.38e-1,.33e-1,.36e-1,.36e-1,.38e-1,.33e-1,.39e-1,.38e-1,.238,.58e-1,.37\
e-1,.35e-1,.41e-1,.37e-1,.33e-1,.38e-1,.39e-1,.40e-1,.40e-1,.41e-1],[.4e-2,.5e-\
2,.4e-2,.3e-2,.6e-2,.4e-2,.3e-2,.5e-2,.4e-2,.4e-2,.5e-2,.6e-2,.3e-2,.5e-2,.3e-2
,.4e-2,.4e-2,.3e-2,.5e-2,.4e-2,.5e-2,.4e-2,.4e-2,.6e-2,.4e-2,.3e-2,.4e-2,.5e-2,
.4e-2,.99e-1,.9e-2,.5e-2,.3e-2,.4e-2,.5e-2,.4e-2,.4e-2,.4e-2,.4e-2,.7e-2,.5e-2,
.5e-2,.4e-2,.5e-2,.5e-2,.6e-2,.4e-2,.5e-2,.4e-2,.4e-2,.4e-2,.4e-2,.5e-2,.5e-2,.\
4e-2,.5e-2,.5e-2,.4e-2,.8e-2,.6e-2,.5e-2,.6e-2,.9e-2,.12e-1,.4e-2,.6e-2,.7e-2,.\
5e-2,.4e-2,.5e-2,.7e-2,.5e-2,.6e-2,.6e-2,.5e-2,.4e-2,.5e-2,.5e-2,.4e-2,.5e-2,.5\
e-2,.5e-2,.5e-2,.8e-2,.6e-2,.5e-2,.5e-2,.6e-2,.5e-2,.6e-2,.5e-2,.7e-2,.6e-2,.5e\
-2,.5e-2,.5e-2,.5e-2,.5e-2,.5e-2,.5e-2,.7e-2,.6e-2,.6e-2,.6e-2,.9e-2,.6e-2,.6e-\
2,.8e-2,.5e-2,.6e-2,.8e-2,.5e-2,.7e-2,.6e-2,.6e-2,.6e-2,.5e-2,.6e-2,.8e-2,.8e-2
,.7e-2,.6e-2,.7e-2,.6e-2,.6e-2,.8e-2,.8e-2,.6e-2,.6e-2,.7e-2,.7e-2,.6e-2,.10e-1
,.6e-2,.6e-2,.6e-2,.7e-2,.7e-2,.99e-1,.12e-1,.7e-2,.6e-2,.6e-2,.9e-2,.6e-2,.6e-\
2,.8e-2,.7e-2,.6e-2,.10e-1,.6e-2,.6e-2,.7e-2,.7e-2,.7e-2,.8e-2,.6e-2,.6e-2,.7e-\
2,.7e-2,.7e-2,.7e-2,.6e-2,.7e-2,.7e-2,.8e-2,.12e-1,.11e-1,.9e-2,.10e-1,.7e-2,.\
10e-1,.6e-2,.6e-2,.7e-2,.8e-2,.7e-2,.10e-1,.7e-2,.6e-2,.7e-2,.7e-2,.7e-2,.7e-2,
.6e-2,.11e-1,.7e-2,.7e-2,.7e-2,.7e-2,.8e-2,.11e-1,.9e-2,.9e-2,.12e-1,.8e-2,.8e-\
2,.10e-1,.9e-2,.7e-2,.7e-2,.8e-2,.7e-2,.11e-1,.8e-2,.8e-2,.8e-2,.8e-2,.7e-2,.8e\
-2,.10e-1,.8e-2,.8e-2,.7e-2,.7e-2,.8e-2,.8e-2,.8e-2,.110,.34e-1,.10e-1,.10e-1,.\
12e-1,.10e-1,.12e-1,.13e-1,.12e-1,.13e-1,.11e-1,.13e-1,.12e-1,.15e-1,.12e-1,.16\
e-1,.14e-1,.12e-1,.10e-1,.11e-1,.13e-1,.14e-1,.11e-1,.12e-1,.10e-1,.14e-1,.14e-\
1,.13e-1,.15e-1,.16e-1,.12e-1,.11e-1,.14e-1,.13e-1,.13e-1,.15e-1,.13e-1,.13e-1,
.10e-1,.15e-1,.13e-1,.14e-1,.12e-1,.16e-1,.15e-1,.15e-1,.16e-1,.14e-1,.14e-1,.\
14e-1,.19e-1,.15e-1,.12e-1,.14e-1,.14e-1,.13e-1,.12e-1,.15e-1,.15e-1,.18e-1,.15\
e-1,.13e-1,.13e-1,.11e-1,.14e-1,.17e-1,.14e-1,.125,.42e-1,.12e-1,.10e-1,.15e-1,
.15e-1,.15e-1,.15e-1,.14e-1,.11e-1,.14e-1,.13e-1,.15e-1,.14e-1,.13e-1,.16e-1,.\
12e-1,.15e-1,.15e-1,.17e-1,.17e-1,.14e-1,.14e-1,.14e-1,.10e-1,.10e-1,.13e-1,.10\
e-1,.10e-1,.9e-2,.12e-1,.9e-2,.9e-2,.10e-1,.10e-1,.13e-1,.10e-1,.10e-1,.11e-1,.\
11e-1,.11e-1,.12e-1,.10e-1,.11e-1,.14e-1,.11e-1,.12e-1,.13e-1,.18e-1,.14e-1,.11\
e-1,.11e-1,.14e-1,.10e-1,.10e-1,.10e-1,.10e-1,.11e-1,.11e-1,.121,.15e-1,.10e-1,
.11e-1,.13e-1,.10e-1,.10e-1,.11e-1,.11e-1,.12e-1,.10e-1,.10e-1,.10e-1,.10e-1,.\
10e-1,.14e-1,.10e-1,.12e-1,.14e-1,.12e-1,.14e-1,.15e-1,.12e-1,.11e-1,.10e-1,.11\
e-1,.12e-1,.10e-1,.14e-1,.11e-1,.12e-1,.11e-1,.15e-1,.11e-1,.20e-1,.16e-1,.15e-\
1,.12e-1,.13e-1,.13e-1,.11e-1,.13e-1,.15e-1,.12e-1,.11e-1,.11e-1,.12e-1,.17e-1,
.15e-1,.12e-1,.12e-1,.14e-1,.105,.45e-1,.12e-1,.12e-1,.13e-1,.14e-1,.12e-1,.11e\
-1,.11e-1,.12e-1,.13e-1,.15e-1,.12e-1,.12e-1,.16e-1,.13e-1,.11e-1,.15e-1,.12e-1
,.13e-1,.14e-1,.14e-1,.14e-1,.15e-1,.12e-1,.13e-1,.16e-1,.12e-1,.12e-1,.11e-1,.\
14e-1,.16e-1,.13e-1,.11e-1,.14e-1,.20e-1,.17e-1,.12e-1,.13e-1,.14e-1,.13e-1,.12\
e-1,.14e-1,.16e-1,.12e-1,.12e-1,.13e-1,.13e-1,.106,.45e-1,.15e-1,.15e-1,.15e-1,
.16e-1,.13e-1,.12e-1,.13e-1,.12e-1,.16e-1,.13e-1,.13e-1,.13e-1,.16e-1,.14e-1,.\
21e-1,.19e-1,.14e-1,.12e-1,.14e-1,.19e-1,.18e-1,.14e-1,.15e-1,.15e-1,.17e-1,.18\
e-1,.17e-1,.15e-1,.16e-1,.15e-1,.17e-1,.18e-1,.19e-1,.14e-1,.14e-1,.14e-1,.16e-\
1,.15e-1,.15e-1,.18e-1,.14e-1,.15e-1,.20e-1,.144,.37e-1,.14e-1,.14e-1,.16e-1,.\
15e-1,.13e-1,.14e-1,.17e-1,.12e-1,.15e-1,.17e-1,.13e-1,.19e-1,.18e-1,.13e-1,.17\
e-1,.14e-1,.17e-1,.17e-1,.18e-1,.14e-1,.18e-1,.14e-1,.15e-1,.17e-1,.16e-1,.14e-\
1,.14e-1,.16e-1,.19e-1,.20e-1,.19e-1,.14e-1,.15e-1,.18e-1,.14e-1,.18e-1,.16e-1,
.14e-1,.14e-1,.16e-1,.61e-1,.15e-1,.18e-1,.16e-1,.16e-1,.17e-1,.14e-1,.17e-1,.\
17e-1,.15e-1,.13e-1,.13e-1,.18e-1,.18e-1,.15e-1,.15e-1,.18e-1,.20e-1,.19e-1,.19\
e-1,.14e-1,.16e-1,.19e-1,.15e-1,.15e-1,.19e-1,.19e-1,.17e-1,.22e-1,.21e-1,.19e-\
1,.17e-1,.18e-1,.15e-1,.19e-1,.20e-1,.17e-1,.20e-1,.18e-1,.134,.32e-1,.15e-1,.\
17e-1,.16e-1,.17e-1,.18e-1,.14e-1,.14e-1,.13e-1,.15e-1,.17e-1,.16e-1,.16e-1,.20\
e-1,.18e-1,.16e-1,.19e-1,.15e-1,.19e-1,.20e-1,.17e-1,.19e-1,.20e-1,.16e-1,.20e-\
1,.22e-1,.21e-1,.17e-1,.19e-1,.17e-1,.19e-1,.16e-1,.15e-1,.18e-1,.20e-1,.15e-1,
.121,.49e-1,.19e-1,.17e-1,.20e-1,.23e-1,.17e-1,.15e-1,.19e-1,.16e-1,.15e-1,.17e\
-1,.18e-1,.16e-1,.17e-1,.20e-1,.16e-1,.20e-1,.17e-1,.15e-1,.18e-1,.19e-1,.16e-1
,.16e-1,.17e-1,.18e-1,.19e-1,.18e-1,.20e-1,.18e-1,.19e-1,.20e-1,.18e-1,.21e-1,.\
16e-1,.16e-1,.162,.27e-1,.16e-1,.19e-1,.20e-1,.16e-1,.19e-1,.20e-1,.20e-1,.17e-\
1,.19e-1,.20e-1,.19e-1,.19e-1,.20e-1,.25e-1,.19e-1,.21e-1,.20e-1,.20e-1,.46e-1,
.18e-1,.19e-1,.21e-1,.18e-1,.23e-1,.20e-1,.21e-1,.26e-1,.20e-1,.24e-1,.19e-1,.\
18e-1,.21e-1,.166,.25e-1,.18e-1,.18e-1,.17e-1,.18e-1,.21e-1,.18e-1,.17e-1,.19e-\
1,.19e-1,.18e-1,.21e-1,.19e-1,.31e-1,.23e-1,.22e-1,.17e-1,.17e-1,.18e-1,.21e-1,
.22e-1,.24e-1,.17e-1,.19e-1,.21e-1,.19e-1,.22e-1,.19e-1,.21e-1,.18e-1,.18e-1,.1\
18,.80e-1,.21e-1,.22e-1,.23e-1,.17e-1,.18e-1,.27e-1,.18e-1,.24e-1,.19e-1,.19e-1
,.23e-1,.18e-1,.21e-1,.24e-1,.18e-1,.19e-1,.24e-1,.19e-1,.20e-1,.19e-1,.20e-1,.\
33e-1,.37e-1,.38e-1,.28e-1,.26e-1,.28e-1,.23e-1,.26e-1,.30e-1,.211,.38e-1,.26e-\
1,.31e-1,.28e-1,.29e-1,.29e-1,.27e-1,.29e-1,.29e-1,.28e-1,.29e-1,.27e-1,.29e-1,
.26e-1,.25e-1,.27e-1,.26e-1,.26e-1,.29e-1,.28e-1,.29e-1,.30e-1,.28e-1,.28e-1,.\
31e-1,.32e-1,.33e-1,.36e-1,.34e-1,.199,.66e-1,.28e-1,.29e-1,.28e-1,.29e-1,.31e-\
1,.32e-1,.30e-1,.28e-1,.26e-1,.27e-1,.26e-1,.29e-1,.27e-1,.22e-1,.22e-1,.27e-1,
.26e-1,.26e-1,.21e-1,.23e-1,.24e-1,.23e-1,.26e-1,.25e-1,.24e-1,.25e-1,.25e-1,.1\
24,.89e-1,.22e-1,.24e-1,.21e-1,.21e-1,.24e-1,.27e-1,.29e-1,.25e-1,.24e-1,.25e-1
,.26e-1,.25e-1,.26e-1,.24e-1,.25e-1,.32e-1,.20e-1,.21e-1,.26e-1,.25e-1,.24e-1,.\
24e-1,.25e-1,.23e-1,.25e-1,.23e-1,.26e-1,.182,.39e-1,.20e-1,.20e-1,.25e-1,.23e-\
1,.23e-1,.26e-1,.23e-1,.23e-1,.24e-1,.22e-1,.23e-1,.25e-1,.22e-1,.23e-1,.25e-1,
.20e-1,.21e-1,.25e-1,.22e-1,.24e-1,.23e-1,.24e-1,.21e-1,.23e-1,.22e-1,.134,.72e\
-1,.24e-1,.21e-1,.24e-1,.23e-1,.25e-1,.20e-1,.26e-1,.25e-1,.22e-1,.26e-1,.24e-1
,.28e-1,.24e-1,.27e-1,.25e-1,.28e-1,.24e-1,.25e-1,.28e-1,.26e-1,.32e-1,.28e-1,.\
29e-1,.27e-1,.24e-1,.154,.52e-1,.22e-1,.21e-1,.23e-1,.23e-1,.24e-1,.22e-1,.25e-\
1,.28e-1,.29e-1,.30e-1,.32e-1,.34e-1,.38e-1,.34e-1,.33e-1,.33e-1,.33e-1,.33e-1,
.31e-1,.32e-1,.31e-1,.29e-1,.28e-1,.31e-1,.184,.71e-1,.28e-1,.31e-1,.31e-1,.28e\
-1,.25e-1,.25e-1,.21e-1,.26e-1,.22e-1,.21e-1,.26e-1,.21e-1,.30e-1,.26e-1,.25e-1
,.23e-1,.25e-1,.23e-1,.21e-1,.28e-1,.22e-1,.23e-1,.26e-1,.123,.92e-1,.21e-1,.22\
e-1,.27e-1,.25e-1,.23e-1,.21e-1,.29e-1,.24e-1,.27e-1,.23e-1,.25e-1,.24e-1,.26e-\
1,.23e-1,.27e-1,.23e-1,.25e-1,.26e-1,.27e-1,.25e-1,.24e-1,.29e-1,.28e-1,.134,.\
74e-1,.23e-1,.26e-1,.23e-1,.26e-1,.23e-1,.31e-1,.23e-1,.27e-1,.24e-1,.27e-1,.22\
e-1,.29e-1,.24e-1,.23e-1,.27e-1,.24e-1,.24e-1,.27e-1,.28e-1,.24e-1,.28e-1,.24e-\
1,.123,.96e-1,.24e-1,.29e-1,.31e-1,.23e-1,.28e-1,.29e-1,.24e-1,.28e-1,.24e-1,.\
24e-1,.28e-1,.25e-1,.25e-1,.45e-1,.28e-1,.30e-1,.25e-1,.26e-1,.26e-1,.30e-1,.27\
e-1,.27e-1,.167,.58e-1,.23e-1,.27e-1,.23e-1,.28e-1,.24e-1,.23e-1,.32e-1,.24e-1,
.28e-1,.32e-1,.26e-1,.30e-1,.24e-1,.23e-1,.26e-1,.26e-1,.29e-1,.25e-1,.28e-1,.\
37e-1,.42e-1,.230,.58e-1,.33e-1,.33e-1,.29e-1,.26e-1,.27e-1,.26e-1,.24e-1,.29e-\
1,.25e-1,.30e-1,.36e-1,.28e-1,.26e-1,.29e-1,.31e-1,.30e-1,.29e-1,.27e-1,.28e-1,
.25e-1,.142,.89e-1,.28e-1,.24e-1,.25e-1,.28e-1,.25e-1,.33e-1,.31e-1,.25e-1,.30e\
-1,.35e-1,.27e-1,.25e-1,.27e-1,.27e-1,.30e-1,.27e-1,.29e-1,.28e-1,.27e-1,.34e-1
,.185,.94e-1,.28e-1,.24e-1,.26e-1,.32e-1,.31e-1,.28e-1,.28e-1,.25e-1,.30e-1,.25\
e-1,.26e-1,.28e-1,.26e-1,.30e-1,.27e-1,.28e-1,.31e-1,.26e-1,.27e-1,.31e-1,.190,
.40e-1,.29e-1,.24e-1,.27e-1,.33e-1,.29e-1,.27e-1,.28e-1,.27e-1,.30e-1,.25e-1,.\
27e-1,.29e-1,.30e-1,.28e-1,.31e-1,.29e-1,.34e-1,.41e-1,.40e-1,.224,.78e-1,.36e-\
1,.36e-1,.36e-1,.38e-1,.35e-1,.40e-1,.36e-1,.30e-1,.32e-1,.33e-1,.31e-1,.29e-1,
.33e-1,.28e-1,.29e-1,.32e-1,.32e-1,.31e-1,.34e-1,.216,.34e-1,.32e-1,.28e-1,.31e\
-1,.32e-1,.31e-1,.28e-1,.31e-1,.33e-1,.29e-1,.33e-1,.33e-1,.27e-1,.33e-1,.31e-1
,.31e-1,.29e-1,.33e-1,.28e-1,.165,.73e-1,.31e-1,.32e-1,.30e-1,.32e-1,.31e-1,.36\
e-1,.30e-1,.35e-1,.35e-1,.29e-1,.31e-1,.32e-1,.35e-1,.28e-1,.32e-1,.35e-1,.58e-\
1,.57e-1,.176,.75e-1,.30e-1,.26e-1,.31e-1,.32e-1,.28e-1,.29e-1,.29e-1,.32e-1,.\
32e-1,.32e-1,.34e-1,.34e-1,.32e-1,.32e-1,.34e-1,.31e-1,.35e-1,.29e-1,.194,.47e-\
1,.27e-1,.31e-1,.26e-1,.28e-1,.35e-1,.34e-1,.30e-1,.32e-1,.37e-1,.42e-1,.45e-1,
.45e-1,.46e-1,.48e-1,.44e-1,.45e-1,.43e-1,.190,.109,.45e-1,.40e-1,.37e-1,.37e-1
,.34e-1,.33e-1,.35e-1,.36e-1,.30e-1,.35e-1,.34e-1,.32e-1,.35e-1,.31e-1,.36e-1,.\
34e-1,.42e-1,.203,.119,.35e-1,.41e-1,.35e-1,.33e-1,.34e-1,.37e-1,.32e-1,.30e-1,
.33e-1,.33e-1,.34e-1,.35e-1,.36e-1,.35e-1,.40e-1,.34e-1,.59e-1,.217,.76e-1,.38e\
-1,.49e-1,.39e-1,.35e-1,.32e-1,.35e-1,.32e-1,.36e-1,.37e-1,.32e-1,.34e-1,.35e-1
,.29e-1,.30e-1,.34e-1,.35e-1,.124,.159,.35e-1,.39e-1,.36e-1,.36e-1,.37e-1,.31e-\
1,.29e-1,.34e-1,.32e-1,.32e-1,.36e-1,.35e-1,.40e-1,.41e-1,.41e-1,.40e-1,.36e-1,
.204,.55e-1,.34e-1,.38e-1,.43e-1,.38e-1,.34e-1,.34e-1,.30e-1,.30e-1,.33e-1,.34e\
-1,.31e-1,.35e-1,.36e-1,.33e-1,.34e-1,.30e-1,.260,.57e-1,.46e-1,.58e-1,.53e-1,.\
50e-1,.38e-1,.39e-1,.44e-1,.61e-1,.48e-1,.66e-1,.43e-1,.47e-1,.44e-1,.41e-1,.36\
e-1,.139,.141,.32e-1,.34e-1,.35e-1,.36e-1,.37e-1,.33e-1,.34e-1,.39e-1,.50e-1,.\
32e-1,.37e-1,.38e-1,.35e-1,.35e-1,.37e-1,.32e-1,.190,.76e-1,.35e-1,.36e-1,.38e-\
1,.31e-1,.33e-1,.36e-1,.30e-1,.35e-1,.33e-1,.35e-1,.38e-1,.34e-1,.36e-1,.39e-1,
.32e-1,.163,.103,.34e-1,.30e-1,.34e-1,.40e-1,.36e-1,.37e-1,.36e-1,.31e-1,.32e-1
,.36e-1,.35e-1,.38e-1,.33e-1,.37e-1,.33e-1,.167,.109,.35e-1,.37e-1,.35e-1,.35e-\
1,.37e-1,.31e-1,.37e-1,.33e-1,.38e-1,.36e-1,.35e-1,.46e-1,.39e-1,.39e-1,.35e-1,
.191,.79e-1,.38e-1,.37e-1,.35e-1,.43e-1,.37e-1,.34e-1,.36e-1,.36e-1,.37e-1,.38e\
-1,.33e-1,.39e-1,.35e-1,.39e-1,.39e-1,.246,.37e-1,.37e-1,.36e-1,.40e-1,.36e-1,.\
31e-1,.39e-1,.40e-1,.33e-1,.40e-1,.39e-1,.38e-1,.32e-1,.41e-1,.37e-1,.186,.81e-\
1,.37e-1,.40e-1,.42e-1,.32e-1,.35e-1,.37e-1,.37e-1,.36e-1,.37e-1,.37e-1,.35e-1,
.39e-1,.40e-1,.35e-1,.178,.108,.37e-1,.36e-1,.41e-1,.32e-1,.38e-1,.34e-1,.37e-1
,.44e-1,.44e-1,.36e-1,.42e-1,.40e-1,.37e-1,.39e-1,.173,.116,.44e-1,.43e-1,.39e-\
1,.37e-1,.36e-1,.39e-1,.39e-1,.39e-1,.38e-1,.38e-1,.40e-1,.37e-1,.44e-1,.37e-1,
.183,.92e-1,.37e-1,.39e-1,.38e-1,.39e-1,.48e-1,.43e-1,.35e-1,.35e-1,.39e-1,.38e\
-1,.39e-1,.36e-1,.36e-1,.39e-1,.246,.55e-1,.48e-1,.61e-1,.43e-1,.48e-1,.43e-1,.\
35e-1],[.3e-2,.3e-2,.3e-2,.4e-2,.4e-2,.3e-2,.3e-2,.4e-2,.4e-2,.5e-2,.5e-2,.4e-2
,.5e-2,.6e-2,.4e-2,.4e-2,.4e-2,.5e-2,.4e-2,.4e-2,.5e-2,.4e-2,.4e-2,.5e-2,.5e-2,
.4e-2,.4e-2,.4e-2,.6e-2,.6e-2,.4e-2,.4e-2,.4e-2,.4e-2,.5e-2,.4e-2,.4e-2,.6e-2,.\
6e-2,.4e-2,.4e-2,.4e-2,.5e-2,.5e-2,.7e-2,.4e-2,.5e-2,.6e-2,.7e-2,.7e-2,.5e-2,.6\
e-2,.6e-2,.5e-2,.5e-2,.100,.10e-1,.7e-2,.4e-2,.7e-2,.5e-2,.5e-2,.5e-2,.4e-2,.4e\
-2,.5e-2,.5e-2,.5e-2,.8e-2,.4e-2,.5e-2,.5e-2,.5e-2,.5e-2,.5e-2,.4e-2,.4e-2,.5e-\
2,.5e-2,.5e-2,.6e-2,.4e-2,.7e-2,.6e-2,.5e-2,.5e-2,.5e-2,.5e-2,.6e-2,.5e-2,.10e-\
1,.5e-2,.6e-2,.7e-2,.8e-2,.6e-2,.7e-2,.8e-2,.5e-2,.5e-2,.6e-2,.6e-2,.8e-2,.6e-2
,.6e-2,.6e-2,.6e-2,.6e-2,.5e-2,.7e-2,.7e-2,.9e-2,.5e-2,.6e-2,.6e-2,.5e-2,.6e-2,
.7e-2,.5e-2,.6e-2,.6e-2,.6e-2,.6e-2,.8e-2,.6e-2,.6e-2,.6e-2,.6e-2,.7e-2,.6e-2,.\
9e-2,.6e-2,.6e-2,.6e-2,.6e-2,.6e-2,.8e-2,.7e-2,.6e-2,.6e-2,.6e-2,.7e-2,.6e-2,.6\
e-2,.7e-2,.9e-2,.6e-2,.7e-2,.7e-2,.7e-2,.7e-2,.7e-2,.7e-2,.9e-2,.7e-2,.96e-1,.\
17e-1,.8e-2,.6e-2,.10e-1,.7e-2,.6e-2,.7e-2,.7e-2,.7e-2,.10e-1,.7e-2,.10e-1,.11e\
-1,.8e-2,.6e-2,.6e-2,.11e-1,.7e-2,.7e-2,.7e-2,.7e-2,.7e-2,.7e-2,.6e-2,.9e-2,.8e\
-2,.10e-1,.7e-2,.8e-2,.7e-2,.10e-1,.7e-2,.8e-2,.7e-2,.13e-1,.13e-1,.12e-1,.16e-\
1,.12e-1,.11e-1,.8e-2,.11e-1,.10e-1,.7e-2,.9e-2,.8e-2,.11e-1,.7e-2,.8e-2,.8e-2,
.9e-2,.8e-2,.14e-1,.12e-1,.13e-1,.9e-2,.12e-1,.9e-2,.8e-2,.9e-2,.18e-1,.16e-1,.\
10e-1,.10e-1,.9e-2,.10e-1,.10e-1,.9e-2,.11e-1,.13e-1,.12e-1,.11e-1,.11e-1,.12e-\
1,.11e-1,.11e-1,.115,.33e-1,.11e-1,.8e-2,.10e-1,.13e-1,.10e-1,.10e-1,.11e-1,.14\
e-1,.9e-2,.10e-1,.12e-1,.9e-2,.8e-2,.8e-2,.9e-2,.10e-1,.11e-1,.10e-1,.9e-2,.9e-\
2,.9e-2,.11e-1,.10e-1,.9e-2,.9e-2,.9e-2,.8e-2,.10e-1,.10e-1,.11e-1,.9e-2,.9e-2,
.14e-1,.12e-1,.10e-1,.11e-1,.15e-1,.13e-1,.11e-1,.10e-1,.11e-1,.14e-1,.12e-1,.\
10e-1,.10e-1,.10e-1,.11e-1,.11e-1,.12e-1,.11e-1,.13e-1,.11e-1,.9e-2,.13e-1,.10e\
-1,.11e-1,.13e-1,.9e-2,.9e-2,.10e-1,.10e-1,.11e-1,.12e-1,.102,.31e-1,.13e-1,.10\
e-1,.13e-1,.10e-1,.14e-1,.11e-1,.13e-1,.11e-1,.12e-1,.10e-1,.12e-1,.10e-1,.13e-\
1,.11e-1,.13e-1,.10e-1,.10e-1,.10e-1,.10e-1,.14e-1,.13e-1,.11e-1,.9e-2,.12e-1,.\
11e-1,.13e-1,.10e-1,.11e-1,.11e-1,.12e-1,.10e-1,.11e-1,.11e-1,.12e-1,.11e-1,.10\
e-1,.10e-1,.10e-1,.13e-1,.10e-1,.10e-1,.10e-1,.10e-1,.10e-1,.11e-1,.14e-1,.12e-\
1,.11e-1,.14e-1,.14e-1,.12e-1,.15e-1,.13e-1,.16e-1,.26e-1,.134,.41e-1,.13e-1,.\
14e-1,.15e-1,.14e-1,.12e-1,.14e-1,.14e-1,.13e-1,.11e-1,.11e-1,.15e-1,.14e-1,.12\
e-1,.12e-1,.14e-1,.12e-1,.12e-1,.14e-1,.13e-1,.13e-1,.12e-1,.11e-1,.12e-1,.13e-\
1,.15e-1,.16e-1,.15e-1,.12e-1,.14e-1,.15e-1,.14e-1,.13e-1,.12e-1,.14e-1,.13e-1,
.11e-1,.13e-1,.14e-1,.13e-1,.12e-1,.16e-1,.13e-1,.13e-1,.12e-1,.14e-1,.13e-1,.\
12e-1,.11e-1,.12e-1,.15e-1,.120,.30e-1,.19e-1,.24e-1,.30e-1,.31e-1,.27e-1,.28e-\
1,.31e-1,.29e-1,.18e-1,.20e-1,.32e-1,.17e-1,.20e-1,.17e-1,.18e-1,.18e-1,.16e-1,
.15e-1,.18e-1,.14e-1,.14e-1,.17e-1,.15e-1,.16e-1,.19e-1,.17e-1,.18e-1,.18e-1,.\
21e-1,.19e-1,.22e-1,.19e-1,.21e-1,.19e-1,.19e-1,.21e-1,.18e-1,.19e-1,.20e-1,.19\
e-1,.16e-1,.16e-1,.16e-1,.17e-1,.13e-1,.113,.48e-1,.16e-1,.14e-1,.12e-1,.15e-1,
.15e-1,.16e-1,.15e-1,.13e-1,.14e-1,.17e-1,.17e-1,.14e-1,.17e-1,.16e-1,.14e-1,.\
18e-1,.13e-1,.14e-1,.14e-1,.16e-1,.13e-1,.13e-1,.13e-1,.16e-1,.15e-1,.14e-1,.14\
e-1,.18e-1,.15e-1,.14e-1,.17e-1,.18e-1,.15e-1,.19e-1,.15e-1,.14e-1,.15e-1,.18e-\
1,.17e-1,.15e-1,.18e-1,.13e-1,.99e-1,.65e-1,.14e-1,.15e-1,.14e-1,.18e-1,.15e-1,
.17e-1,.13e-1,.12e-1,.14e-1,.15e-1,.14e-1,.15e-1,.15e-1,.14e-1,.16e-1,.28e-1,.\
27e-1,.22e-1,.21e-1,.19e-1,.17e-1,.21e-1,.21e-1,.18e-1,.14e-1,.16e-1,.18e-1,.14\
e-1,.22e-1,.20e-1,.20e-1,.15e-1,.19e-1,.19e-1,.15e-1,.15e-1,.20e-1,.28e-1,.21e-\
1,.131,.71e-1,.21e-1,.19e-1,.22e-1,.18e-1,.18e-1,.16e-1,.19e-1,.20e-1,.19e-1,.\
19e-1,.16e-1,.20e-1,.20e-1,.22e-1,.20e-1,.14e-1,.15e-1,.20e-1,.20e-1,.20e-1,.19\
e-1,.19e-1,.29e-1,.27e-1,.31e-1,.26e-1,.22e-1,.30e-1,.27e-1,.22e-1,.29e-1,.25e-\
1,.23e-1,.26e-1,.17e-1,.16e-1,.22e-1,.177,.67e-1,.26e-1,.24e-1,.23e-1,.24e-1,.\
20e-1,.21e-1,.21e-1,.19e-1,.23e-1,.20e-1,.22e-1,.21e-1,.23e-1,.26e-1,.24e-1,.20\
e-1,.24e-1,.21e-1,.20e-1,.22e-1,.22e-1,.23e-1,.23e-1,.22e-1,.24e-1,.22e-1,.25e-\
1,.23e-1,.23e-1,.25e-1,.25e-1,.20e-1,.21e-1,.17e-1,.18e-1,.143,.46e-1,.18e-1,.\
18e-1,.19e-1,.17e-1,.19e-1,.20e-1,.20e-1,.17e-1,.21e-1,.18e-1,.21e-1,.18e-1,.15\
e-1,.18e-1,.17e-1,.20e-1,.18e-1,.23e-1,.19e-1,.26e-1,.19e-1,.19e-1,.21e-1,.19e-\
1,.22e-1,.18e-1,.19e-1,.19e-1,.22e-1,.19e-1,.22e-1,.17e-1,.18e-1,.124,.54e-1,.\
19e-1,.20e-1,.19e-1,.17e-1,.24e-1,.19e-1,.19e-1,.21e-1,.19e-1,.22e-1,.19e-1,.17\
e-1,.19e-1,.22e-1,.17e-1,.19e-1,.21e-1,.21e-1,.19e-1,.23e-1,.20e-1,.21e-1,.19e-\
1,.19e-1,.23e-1,.21e-1,.24e-1,.20e-1,.20e-1,.23e-1,.20e-1,.22e-1,.151,.27e-1,.\
19e-1,.17e-1,.21e-1,.19e-1,.21e-1,.18e-1,.19e-1,.22e-1,.23e-1,.19e-1,.23e-1,.20\
e-1,.22e-1,.22e-1,.20e-1,.23e-1,.19e-1,.20e-1,.21e-1,.21e-1,.22e-1,.21e-1,.19e-\
1,.23e-1,.19e-1,.23e-1,.20e-1,.28e-1,.22e-1,.24e-1,.151,.52e-1,.22e-1,.21e-1,.\
24e-1,.21e-1,.18e-1,.19e-1,.22e-1,.22e-1,.21e-1,.23e-1,.21e-1,.24e-1,.21e-1,.22\
e-1,.22e-1,.23e-1,.25e-1,.23e-1,.26e-1,.20e-1,.21e-1,.25e-1,.21e-1,.24e-1,.20e-\
1,.20e-1,.22e-1,.18e-1,.20e-1,.136,.60e-1,.25e-1,.18e-1,.21e-1,.21e-1,.22e-1,.\
21e-1,.24e-1,.24e-1,.23e-1,.28e-1,.25e-1,.29e-1,.31e-1,.44e-1,.38e-1,.33e-1,.38\
e-1,.35e-1,.42e-1,.29e-1,.24e-1,.27e-1,.26e-1,.24e-1,.26e-1,.22e-1,.21e-1,.27e-\
1,.155,.59e-1,.24e-1,.22e-1,.19e-1,.19e-1,.23e-1,.27e-1,.28e-1,.20e-1,.25e-1,.\
19e-1,.20e-1,.24e-1,.19e-1,.20e-1,.25e-1,.20e-1,.25e-1,.20e-1,.27e-1,.23e-1,.27\
e-1,.23e-1,.24e-1,.26e-1,.25e-1,.26e-1,.23e-1,.155,.57e-1,.21e-1,.26e-1,.21e-1,
.21e-1,.25e-1,.24e-1,.25e-1,.22e-1,.23e-1,.22e-1,.20e-1,.23e-1,.30e-1,.24e-1,.\
22e-1,.24e-1,.22e-1,.33e-1,.22e-1,.25e-1,.21e-1,.22e-1,.23e-1,.26e-1,.22e-1,.26\
e-1,.155,.57e-1,.23e-1,.23e-1,.24e-1,.24e-1,.23e-1,.22e-1,.26e-1,.23e-1,.26e-1,
.23e-1,.27e-1,.21e-1,.23e-1,.26e-1,.24e-1,.24e-1,.25e-1,.26e-1,.24e-1,.26e-1,.\
24e-1,.26e-1,.23e-1,.22e-1,.26e-1,.120,.97e-1,.21e-1,.29e-1,.20e-1,.21e-1,.25e-\
1,.20e-1,.25e-1,.25e-1,.20e-1,.24e-1,.23e-1,.26e-1,.23e-1,.24e-1,.25e-1,.24e-1,
.27e-1,.21e-1,.24e-1,.29e-1,.35e-1,.35e-1,.34e-1,.33e-1,.34e-1,.234,.56e-1,.30e\
-1,.27e-1,.28e-1,.23e-1,.28e-1,.23e-1,.25e-1,.26e-1,.23e-1,.28e-1,.24e-1,.26e-1
,.22e-1,.27e-1,.23e-1,.26e-1,.27e-1,.27e-1,.26e-1,.28e-1,.26e-1,.29e-1,.27e-1,.\
28e-1,.107,.26e-1,.28e-1,.24e-1,.27e-1,.24e-1,.29e-1,.27e-1,.26e-1,.28e-1,.23e-\
1,.23e-1,.26e-1,.24e-1,.26e-1,.24e-1,.27e-1,.33e-1,.29e-1,.24e-1,.23e-1,.28e-1,
.26e-1,.29e-1,.26e-1,.186,.31e-1,.26e-1,.23e-1,.26e-1,.22e-1,.32e-1,.27e-1,.27e\
-1,.23e-1,.23e-1,.27e-1,.24e-1,.26e-1,.24e-1,.26e-1,.24e-1,.28e-1,.24e-1,.27e-1
,.22e-1,.27e-1,.29e-1,.25e-1,.143,.82e-1,.23e-1,.23e-1,.26e-1,.23e-1,.26e-1,.29\
e-1,.28e-1,.24e-1,.27e-1,.24e-1,.27e-1,.24e-1,.25e-1,.31e-1,.33e-1,.25e-1,.23e-\
1,.28e-1,.25e-1,.28e-1,.27e-1,.27e-1,.131,.88e-1,.29e-1,.27e-1,.27e-1,.27e-1,.\
26e-1,.28e-1,.23e-1,.24e-1,.27e-1,.38e-1,.41e-1,.26e-1,.24e-1,.29e-1,.26e-1,.27\
e-1,.25e-1,.29e-1,.25e-1,.28e-1,.30e-1,.31e-1,.183,.40e-1,.27e-1,.27e-1,.27e-1,
.30e-1,.27e-1,.25e-1,.23e-1,.26e-1,.27e-1,.31e-1,.24e-1,.36e-1,.34e-1,.24e-1,.\
30e-1,.24e-1,.24e-1,.29e-1,.26e-1,.28e-1,.120,.118,.33e-1,.28e-1,.32e-1,.27e-1,
.35e-1,.31e-1,.36e-1,.39e-1,.37e-1,.41e-1,.37e-1,.42e-1,.40e-1,.43e-1,.41e-1,.\
40e-1,.40e-1,.39e-1,.44e-1,.41e-1,.39e-1,.241,.42e-1,.29e-1,.30e-1,.29e-1,.30e-\
1,.28e-1,.31e-1,.28e-1,.30e-1,.32e-1,.27e-1,.30e-1,.28e-1,.31e-1,.26e-1,.33e-1,
.30e-1,.31e-1,.33e-1,.26e-1,.118,.111,.28e-1,.28e-1,.32e-1,.30e-1,.30e-1,.34e-1
,.33e-1,.30e-1,.29e-1,.32e-1,.30e-1,.31e-1,.29e-1,.33e-1,.31e-1,.34e-1,.35e-1,.\
30e-1,.31e-1,.28e-1,.198,.54e-1,.27e-1,.28e-1,.25e-1,.29e-1,.31e-1,.30e-1,.26e-\
1,.29e-1,.27e-1,.31e-1,.26e-1,.35e-1,.35e-1,.30e-1,.33e-1,.29e-1,.40e-1,.42e-1,
.44e-1,.246,.72e-1,.37e-1,.39e-1,.37e-1,.34e-1,.33e-1,.32e-1,.33e-1,.27e-1,.29e\
-1,.33e-1,.33e-1,.29e-1,.35e-1,.34e-1,.33e-1,.30e-1,.33e-1,.34e-1,.134,.116,.32\
e-1,.29e-1,.33e-1,.27e-1,.36e-1,.30e-1,.32e-1,.28e-1,.29e-1,.32e-1,.28e-1,.42e-\
1,.42e-1,.32e-1,.33e-1,.29e-1,.31e-1,.37e-1,.50e-1,.278,.41e-1,.40e-1,.52e-1,.\
47e-1,.34e-1,.36e-1,.30e-1,.34e-1,.36e-1,.36e-1,.39e-1,.46e-1,.46e-1,.45e-1,.48\
e-1,.46e-1,.52e-1,.53e-1,.160,.140,.33e-1,.34e-1,.40e-1,.33e-1,.33e-1,.34e-1,.\
35e-1,.34e-1,.33e-1,.35e-1,.32e-1,.33e-1,.32e-1,.35e-1,.30e-1,.33e-1,.37e-1,.30\
e-1,.172,.80e-1,.30e-1,.31e-1,.30e-1,.37e-1,.35e-1,.30e-1,.36e-1,.41e-1,.43e-1,
.47e-1,.44e-1,.47e-1,.49e-1,.45e-1,.47e-1,.46e-1,.46e-1,.184,.152,.39e-1,.41e-1
,.38e-1,.38e-1,.37e-1,.32e-1,.29e-1,.32e-1,.32e-1,.35e-1,.36e-1,.33e-1,.33e-1,.\
34e-1,.31e-1,.52e-1,.40e-1,.149,.101,.32e-1,.36e-1,.30e-1,.36e-1,.27e-1,.32e-1,
.29e-1,.30e-1,.31e-1,.30e-1,.30e-1,.32e-1,.31e-1,.31e-1,.35e-1,.36e-1,.30e-1,.1\
72,.68e-1,.31e-1,.31e-1,.32e-1,.35e-1,.30e-1,.40e-1,.34e-1,.40e-1,.33e-1,.34e-1
,.29e-1,.34e-1,.29e-1,.34e-1,.30e-1,.34e-1,.144,.106,.34e-1,.34e-1,.30e-1,.33e-\
1,.29e-1,.34e-1,.33e-1,.30e-1,.37e-1,.33e-1,.35e-1,.32e-1,.36e-1,.37e-1,.36e-1,
.36e-1,.139,.118,.31e-1,.36e-1,.32e-1,.36e-1,.37e-1,.34e-1,.37e-1,.33e-1,.37e-1
,.46e-1,.48e-1,.48e-1,.47e-1,.47e-1,.46e-1,.49e-1,.197,.129,.38e-1,.42e-1,.38e-\
1,.43e-1,.32e-1,.37e-1,.34e-1,.39e-1,.38e-1,.35e-1,.34e-1,.39e-1,.35e-1,.36e-1,
.33e-1,.32e-1,.199,.74e-1,.40e-1,.48e-1,.49e-1,.44e-1,.43e-1,.39e-1,.44e-1,.42e\
-1,.41e-1,.44e-1,.38e-1,.34e-1,.36e-1,.35e-1,.35e-1,.159,.103,.45e-1,.39e-1,.35\
e-1,.37e-1,.34e-1,.35e-1,.30e-1,.34e-1,.34e-1,.35e-1,.38e-1,.43e-1,.47e-1,.45e-\
1,.46e-1,.181,.122,.34e-1,.41e-1,.44e-1,.38e-1,.40e-1,.39e-1,.33e-1,.37e-1,.30e\
-1,.32e-1,.35e-1,.35e-1,.36e-1,.32e-1,.36e-1,.145,.112,.35e-1,.36e-1,.33e-1,.33\
e-1,.35e-1,.33e-1,.34e-1,.33e-1,.38e-1,.40e-1,.33e-1,.35e-1,.37e-1,.42e-1,.37e-\
1,.195,.86e-1,.47e-1,.42e-1,.36e-1,.37e-1,.32e-1,.37e-1,.36e-1,.32e-1,.35e-1,.\
35e-1,.36e-1,.37e-1,.38e-1,.48e-1,.159,.161,.38e-1,.56e-1,.53e-1,.47e-1,.36e-1,
.36e-1,.34e-1,.40e-1,.46e-1,.49e-1,.48e-1,.46e-1,.43e-1,.43e-1,.38e-1,.214,.71e\
-1,.45e-1,.41e-1,.37e-1,.32e-1,.39e-1,.40e-1,.48e-1,.44e-1,.41e-1,.44e-1,.47e-1
,.44e-1,.38e-1,.46e-1,.238,.84e-1,.46e-1,.48e-1,.44e-1,.42e-1,.44e-1,.47e-1,.43\
e-1,.46e-1,.44e-1,.55e-1,.52e-1,.50e-1,.48e-1,.49e-1,.234,.68e-1,.51e-1,.43e-1,
.50e-1,.44e-1,.65e-1,.54e-1,.48e-1,.49e-1,.51e-1,.64e-1,.50e-1,.57e-1,.53e-1,.1\
84,.195,.50e-1,.47e-1,.38e-1,.40e-1,.40e-1,.39e-1,.35e-1,.38e-1,.40e-1,.54e-1,.\
37e-1,.41e-1,.42e-1,.66e-1,.270,.161,.57e-1,.58e-1,.57e-1,.57e-1,.58e-1,.57e-1,
.59e-1],[.5e-2,.6e-2,.5e-2,.6e-2,.6e-2,.6e-2,.7e-2,.6e-2,.7e-2,.6e-2,.6e-2,.7e-\
2,.7e-2,.6e-2,.7e-2,.7e-2,.6e-2,.7e-2,.7e-2,.6e-2,.8e-2,.7e-2,.8e-2,.7e-2,.7e-2
,.7e-2,.7e-2,.7e-2,.8e-2,.9e-2,.9e-2,.7e-2,.7e-2,.7e-2,.8e-2,.8e-2,.7e-2,.8e-2,
.8e-2,.8e-2,.8e-2,.9e-2,.8e-2,.8e-2,.8e-2,.7e-2,.8e-2,.8e-2,.9e-2,.8e-2,.141,.\
13e-1,.8e-2,.8e-2,.7e-2,.8e-2,.8e-2,.8e-2,.8e-2,.8e-2,.8e-2,.7e-2,.8e-2,.8e-2,.\
8e-2,.8e-2,.8e-2,.8e-2,.8e-2,.8e-2,.9e-2,.9e-2,.9e-2,.9e-2,.8e-2,.9e-2,.9e-2,.\
11e-1,.9e-2,.8e-2,.9e-2,.8e-2,.9e-2,.8e-2,.8e-2,.9e-2,.9e-2,.9e-2,.9e-2,.9e-2,.\
9e-2,.9e-2,.10e-1,.9e-2,.9e-2,.9e-2,.9e-2,.9e-2,.9e-2,.9e-2,.9e-2,.10e-1,.9e-2,
.9e-2,.10e-1,.10e-1,.9e-2,.9e-2,.10e-1,.10e-1,.11e-1,.9e-2,.9e-2,.10e-1,.10e-1,
.10e-1,.10e-1,.10e-1,.10e-1,.10e-1,.11e-1,.10e-1,.11e-1,.10e-1,.10e-1,.10e-1,.\
11e-1,.10e-1,.10e-1,.11e-1,.11e-1,.11e-1,.10e-1,.10e-1,.11e-1,.11e-1,.12e-1,.11\
e-1,.10e-1,.10e-1,.11e-1,.11e-1,.11e-1,.11e-1,.11e-1,.12e-1,.12e-1,.11e-1,.12e-\
1,.11e-1,.11e-1,.32e-1,.11e-1,.11e-1,.10e-1,.11e-1,.10e-1,.10e-1,.12e-1,.11e-1,
.12e-1,.11e-1,.13e-1,.11e-1,.11e-1,.12e-1,.11e-1,.11e-1,.11e-1,.11e-1,.12e-1,.\
11e-1,.12e-1,.11e-1,.12e-1,.11e-1,.12e-1,.12e-1,.12e-1,.12e-1,.11e-1,.12e-1,.13\
e-1,.12e-1,.12e-1,.12e-1,.12e-1,.15e-1,.15e-1,.19e-1,.14e-1,.13e-1,.13e-1,.13e-\
1,.14e-1,.15e-1,.14e-1,.14e-1,.15e-1,.17e-1,.25e-1,.21e-1,.15e-1,.14e-1,.15e-1,
.14e-1,.14e-1,.15e-1,.15e-1,.14e-1,.14e-1,.14e-1,.13e-1,.15e-1,.14e-1,.15e-1,.\
15e-1,.17e-1,.15e-1,.14e-1,.14e-1,.14e-1,.18e-1,.21e-1,.19e-1,.15e-1,.15e-1,.16\
e-1,.174,.43e-1,.25e-1,.23e-1,.14e-1,.16e-1,.15e-1,.14e-1,.15e-1,.15e-1,.14e-1,
.15e-1,.15e-1,.16e-1,.14e-1,.15e-1,.14e-1,.16e-1,.15e-1,.15e-1,.17e-1,.16e-1,.\
16e-1,.17e-1,.15e-1,.16e-1,.15e-1,.16e-1,.15e-1,.18e-1,.15e-1,.15e-1,.16e-1,.15\
e-1,.17e-1,.24e-1,.26e-1,.26e-1,.21e-1,.23e-1,.21e-1,.21e-1,.21e-1,.18e-1,.17e-\
1,.19e-1,.17e-1,.16e-1,.18e-1,.18e-1,.17e-1,.17e-1,.19e-1,.19e-1,.23e-1,.35e-1,
.22e-1,.20e-1,.19e-1,.20e-1,.31e-1,.27e-1,.26e-1,.27e-1,.27e-1,.271,.51e-1,.18e\
-1,.18e-1,.19e-1,.20e-1,.17e-1,.18e-1,.17e-1,.18e-1,.18e-1,.19e-1,.18e-1,.19e-1
,.18e-1,.18e-1,.19e-1,.17e-1,.18e-1,.20e-1,.18e-1,.19e-1,.19e-1,.19e-1,.20e-1,.\
20e-1,.20e-1,.19e-1,.19e-1,.18e-1,.17e-1,.19e-1,.17e-1,.17e-1,.18e-1,.18e-1,.18\
e-1,.21e-1,.20e-1,.23e-1,.18e-1,.18e-1,.18e-1,.18e-1,.18e-1,.19e-1,.18e-1,.18e-\
1,.18e-1,.18e-1,.18e-1,.19e-1,.19e-1,.20e-1,.18e-1,.18e-1,.19e-1,.133,.61e-1,.\
17e-1,.19e-1,.19e-1,.17e-1,.17e-1,.18e-1,.17e-1,.18e-1,.18e-1,.18e-1,.20e-1,.18\
e-1,.17e-1,.18e-1,.18e-1,.18e-1,.19e-1,.19e-1,.18e-1,.18e-1,.19e-1,.19e-1,.19e-\
1,.18e-1,.18e-1,.19e-1,.20e-1,.19e-1,.21e-1,.19e-1,.19e-1,.19e-1,.19e-1,.19e-1,
.20e-1,.20e-1,.19e-1,.20e-1,.20e-1,.20e-1,.20e-1,.20e-1,.20e-1,.20e-1,.20e-1,.\
20e-1,.19e-1,.20e-1,.20e-1,.21e-1,.177,.35e-1,.19e-1,.19e-1,.19e-1,.20e-1,.21e-\
1,.19e-1,.20e-1,.20e-1,.19e-1,.21e-1,.20e-1,.21e-1,.20e-1,.20e-1,.20e-1,.20e-1,
.20e-1,.22e-1,.20e-1,.21e-1,.20e-1,.20e-1,.20e-1,.21e-1,.21e-1,.22e-1,.20e-1,.\
27e-1,.25e-1,.25e-1,.22e-1,.21e-1,.21e-1,.22e-1,.21e-1,.23e-1,.22e-1,.23e-1,.24\
e-1,.22e-1,.24e-1,.22e-1,.22e-1,.22e-1,.22e-1,.143,.71e-1,.22e-1,.21e-1,.21e-1,
.23e-1,.23e-1,.26e-1,.27e-1,.24e-1,.22e-1,.23e-1,.23e-1,.21e-1,.23e-1,.21e-1,.\
22e-1,.24e-1,.22e-1,.23e-1,.22e-1,.23e-1,.22e-1,.24e-1,.23e-1,.23e-1,.24e-1,.23\
e-1,.23e-1,.23e-1,.25e-1,.23e-1,.23e-1,.23e-1,.23e-1,.24e-1,.23e-1,.24e-1,.24e-\
1,.24e-1,.24e-1,.23e-1,.24e-1,.24e-1,.150,.70e-1,.23e-1,.23e-1,.22e-1,.25e-1,.\
22e-1,.24e-1,.23e-1,.24e-1,.25e-1,.24e-1,.24e-1,.23e-1,.24e-1,.23e-1,.23e-1,.23\
e-1,.23e-1,.26e-1,.24e-1,.25e-1,.25e-1,.24e-1,.24e-1,.25e-1,.24e-1,.24e-1,.24e-\
1,.25e-1,.25e-1,.26e-1,.25e-1,.25e-1,.26e-1,.25e-1,.24e-1,.26e-1,.25e-1,.25e-1,
.24e-1,.160,.76e-1,.25e-1,.25e-1,.25e-1,.24e-1,.26e-1,.26e-1,.26e-1,.24e-1,.24e\
-1,.26e-1,.25e-1,.26e-1,.25e-1,.26e-1,.25e-1,.26e-1,.25e-1,.26e-1,.27e-1,.27e-1
,.25e-1,.27e-1,.26e-1,.26e-1,.28e-1,.26e-1,.26e-1,.26e-1,.28e-1,.26e-1,.27e-1,.\
26e-1,.27e-1,.26e-1,.28e-1,.27e-1,.28e-1,.172,.69e-1,.25e-1,.25e-1,.26e-1,.26e-\
1,.25e-1,.27e-1,.25e-1,.26e-1,.26e-1,.26e-1,.25e-1,.26e-1,.35e-1,.38e-1,.30e-1,
.27e-1,.28e-1,.26e-1,.26e-1,.27e-1,.26e-1,.28e-1,.26e-1,.28e-1,.28e-1,.27e-1,.\
27e-1,.29e-1,.31e-1,.29e-1,.30e-1,.27e-1,.28e-1,.29e-1,.32e-1,.190,.60e-1,.27e-\
1,.28e-1,.28e-1,.30e-1,.28e-1,.26e-1,.27e-1,.28e-1,.27e-1,.26e-1,.27e-1,.26e-1,
.28e-1,.27e-1,.27e-1,.29e-1,.27e-1,.30e-1,.30e-1,.28e-1,.30e-1,.29e-1,.32e-1,.\
28e-1,.30e-1,.30e-1,.31e-1,.34e-1,.30e-1,.29e-1,.29e-1,.30e-1,.30e-1,.189,.69e-\
1,.27e-1,.28e-1,.29e-1,.29e-1,.28e-1,.30e-1,.28e-1,.55e-1,.33e-1,.28e-1,.30e-1,
.30e-1,.29e-1,.29e-1,.28e-1,.29e-1,.29e-1,.29e-1,.29e-1,.31e-1,.31e-1,.29e-1,.\
29e-1,.31e-1,.31e-1,.31e-1,.31e-1,.30e-1,.31e-1,.31e-1,.29e-1,.30e-1,.242,.36e-\
1,.31e-1,.29e-1,.29e-1,.29e-1,.30e-1,.29e-1,.29e-1,.29e-1,.30e-1,.29e-1,.30e-1,
.30e-1,.30e-1,.31e-1,.29e-1,.31e-1,.31e-1,.32e-1,.30e-1,.31e-1,.31e-1,.30e-1,.\
30e-1,.31e-1,.31e-1,.33e-1,.32e-1,.31e-1,.32e-1,.32e-1,.201,.67e-1,.31e-1,.29e-\
1,.29e-1,.30e-1,.34e-1,.31e-1,.34e-1,.32e-1,.30e-1,.30e-1,.33e-1,.32e-1,.31e-1,
.31e-1,.34e-1,.32e-1,.30e-1,.31e-1,.32e-1,.32e-1,.31e-1,.33e-1,.33e-1,.32e-1,.\
34e-1,.33e-1,.33e-1,.31e-1,.33e-1,.233,.83e-1,.48e-1,.65e-1,.45e-1,.41e-1,.41e-\
1,.46e-1,.56e-1,.35e-1,.32e-1,.32e-1,.32e-1,.33e-1,.34e-1,.33e-1,.33e-1,.32e-1,
.34e-1,.34e-1,.55e-1,.52e-1,.33e-1,.33e-1,.33e-1,.50e-1,.45e-1,.35e-1,.33e-1,.\
35e-1,.192,.93e-1,.32e-1,.33e-1,.33e-1,.35e-1,.33e-1,.33e-1,.34e-1,.32e-1,.36e-\
1,.33e-1,.35e-1,.36e-1,.35e-1,.34e-1,.35e-1,.36e-1,.36e-1,.35e-1,.36e-1,.36e-1,
.36e-1,.34e-1,.35e-1,.35e-1,.35e-1,.36e-1,.36e-1,.196,.124,.33e-1,.45e-1,.55e-1
,.40e-1,.34e-1,.34e-1,.35e-1,.35e-1,.34e-1,.35e-1,.38e-1,.37e-1,.36e-1,.39e-1,.\
34e-1,.37e-1,.35e-1,.38e-1,.38e-1,.37e-1,.35e-1,.37e-1,.37e-1,.39e-1,.40e-1,.40\
e-1,.175,.119,.34e-1,.35e-1,.35e-1,.37e-1,.36e-1,.37e-1,.36e-1,.37e-1,.34e-1,.\
36e-1,.36e-1,.36e-1,.35e-1,.36e-1,.35e-1,.37e-1,.37e-1,.36e-1,.36e-1,.36e-1,.36\
e-1,.37e-1,.36e-1,.36e-1,.38e-1,.36e-1,.142,.35e-1,.35e-1,.39e-1,.39e-1,.50e-1,
.42e-1,.38e-1,.40e-1,.40e-1,.36e-1,.37e-1,.37e-1,.36e-1,.37e-1,.36e-1,.36e-1,.\
40e-1,.47e-1,.39e-1,.39e-1,.39e-1,.38e-1,.39e-1,.42e-1,.39e-1,.202,.97e-1,.35e-\
1,.38e-1,.38e-1,.38e-1,.37e-1,.37e-1,.35e-1,.37e-1,.38e-1,.36e-1,.37e-1,.37e-1,
.38e-1,.38e-1,.37e-1,.37e-1,.39e-1,.41e-1,.39e-1,.39e-1,.41e-1,.39e-1,.38e-1,.\
38e-1,.228,.75e-1,.47e-1,.78e-1,.53e-1,.44e-1,.42e-1,.42e-1,.43e-1,.42e-1,.44e-\
1,.43e-1,.45e-1,.44e-1,.44e-1,.44e-1,.44e-1,.44e-1,.44e-1,.45e-1,.45e-1,.44e-1,
.45e-1,.45e-1,.46e-1,.214,.121,.42e-1,.39e-1,.38e-1,.39e-1,.37e-1,.38e-1,.38e-1
,.39e-1,.37e-1,.40e-1,.40e-1,.39e-1,.40e-1,.40e-1,.39e-1,.46e-1,.44e-1,.39e-1,.\
41e-1,.42e-1,.41e-1,.49e-1,.47e-1,.347,.50e-1,.39e-1,.53e-1,.39e-1,.44e-1,.41e-\
1,.42e-1,.42e-1,.41e-1,.40e-1,.41e-1,.41e-1,.41e-1,.41e-1,.40e-1,.43e-1,.47e-1,
.47e-1,.48e-1,.49e-1,.49e-1,.49e-1,.49e-1,.309,.61e-1,.47e-1,.47e-1,.48e-1,.46e\
-1,.48e-1,.48e-1,.50e-1,.48e-1,.49e-1,.48e-1,.47e-1,.50e-1,.49e-1,.50e-1,.50e-1
,.67e-1,.50e-1,.50e-1,.48e-1,.48e-1,.48e-1,.237,.126,.41e-1,.41e-1,.41e-1,.41e-\
1,.43e-1,.41e-1,.42e-1,.42e-1,.42e-1,.42e-1,.42e-1,.43e-1,.43e-1,.43e-1,.42e-1,
.44e-1,.44e-1,.44e-1,.44e-1,.43e-1,.44e-1,.224,.100,.41e-1,.43e-1,.42e-1,.42e-1
,.41e-1,.43e-1,.42e-1,.44e-1,.41e-1,.43e-1,.43e-1,.44e-1,.49e-1,.49e-1,.42e-1,.\
44e-1,.44e-1,.44e-1,.45e-1,.43e-1,.216,.148,.43e-1,.42e-1,.44e-1,.43e-1,.48e-1,
.44e-1,.42e-1,.44e-1,.44e-1,.45e-1,.44e-1,.44e-1,.46e-1,.46e-1,.45e-1,.45e-1,.\
46e-1,.44e-1,.46e-1,.46e-1,.213,.125,.42e-1,.43e-1,.44e-1,.44e-1,.42e-1,.50e-1,
.59e-1,.44e-1,.45e-1,.45e-1,.44e-1,.46e-1,.46e-1,.46e-1,.47e-1,.48e-1,.45e-1,.\
48e-1,.47e-1,.47e-1,.190,.56e-1,.44e-1,.44e-1,.44e-1,.44e-1,.44e-1,.54e-1,.44e-\
1,.45e-1,.46e-1,.45e-1,.44e-1,.46e-1,.46e-1,.46e-1,.47e-1,.46e-1,.46e-1,.47e-1,
.47e-1,.181,.47e-1,.47e-1,.52e-1,.94e-1,.54e-1,.52e-1,.54e-1,.54e-1,.55e-1,.53e\
-1,.52e-1,.53e-1,.51e-1,.50e-1,.52e-1,.50e-1,.50e-1,.49e-1,.49e-1,.211,.142,.46\
e-1,.45e-1,.47e-1,.46e-1,.45e-1,.54e-1,.76e-1,.47e-1,.55e-1,.47e-1,.46e-1,.47e-\
1,.46e-1,.47e-1,.48e-1,.48e-1,.49e-1,.55e-1,.47e-1,.196,.45e-1,.51e-1,.59e-1,.\
57e-1,.54e-1,.53e-1,.61e-1,.63e-1,.57e-1,.60e-1,.61e-1,.63e-1,.61e-1,.52e-1,.49\
e-1,.50e-1,.58e-1,.64e-1,.55e-1,.215,.45e-1,.49e-1,.49e-1,.49e-1,.48e-1,.46e-1,
.48e-1,.49e-1,.47e-1,.49e-1,.49e-1,.51e-1,.50e-1,.50e-1,.49e-1,.48e-1,.50e-1,.\
50e-1,.214,.189,.64e-1,.56e-1,.62e-1,.64e-1,.62e-1,.65e-1,.63e-1,.64e-1,.64e-1,
.67e-1,.64e-1,.67e-1,.62e-1,.62e-1,.59e-1,.69e-1,.63e-1,.207,.238,.56e-1,.55e-1
,.55e-1,.54e-1,.54e-1,.52e-1,.50e-1,.53e-1,.51e-1,.51e-1,.51e-1,.50e-1,.51e-1,.\
50e-1,.50e-1,.51e-1,.52e-1,.170,.215,.54e-1,.57e-1,.66e-1,.56e-1,.54e-1,.56e-1,
.54e-1,.52e-1,.52e-1,.51e-1,.51e-1,.50e-1,.51e-1,.52e-1,.51e-1,.52e-1,.53e-1,.2\
07,.168,.51e-1,.51e-1,.50e-1,.51e-1,.51e-1,.50e-1,.49e-1,.51e-1,.50e-1,.50e-1,.\
64e-1,.91e-1,.53e-1,.59e-1,.53e-1,.58e-1,.53e-1,.309,.76e-1,.55e-1,.51e-1,.51e-\
1,.50e-1,.57e-1,.71e-1,.56e-1,.63e-1,.91e-1,.58e-1,.59e-1,.61e-1,.58e-1,.59e-1,
.60e-1,.87e-1,.454,.110,.50e-1,.51e-1,.50e-1,.51e-1,.53e-1,.51e-1,.54e-1,.59e-1
,.53e-1,.53e-1,.52e-1,.53e-1,.52e-1,.53e-1,.54e-1,.53e-1,.308,.100,.50e-1,.51e-\
1,.52e-1,.49e-1,.52e-1,.55e-1,.52e-1,.53e-1,.53e-1,.52e-1,.57e-1,.54e-1,.53e-1,
.56e-1,.55e-1,.184,.210,.52e-1,.49e-1,.57e-1,.51e-1,.53e-1,.53e-1,.54e-1,.55e-1
,.54e-1,.53e-1,.54e-1,.60e-1,.77e-1,.69e-1,.69e-1,.67e-1,.342,.137,.63e-1,.63e-\
1,.62e-1,.83e-1,.63e-1,.68e-1,.53e-1,.53e-1,.54e-1,.54e-1,.54e-1,.54e-1,.53e-1,
.55e-1,.54e-1,.231,.162,.56e-1,.55e-1,.54e-1,.55e-1,.53e-1,.56e-1,.55e-1,.55e-1
,.56e-1,.55e-1,.56e-1,.61e-1,.56e-1,.55e-1,.55e-1,.243,.159,.54e-1,.54e-1,.52e-\
1,.53e-1,.54e-1,.53e-1,.54e-1,.59e-1,.55e-1,.55e-1,.55e-1,.55e-1,.55e-1,.55e-1,
.57e-1,.285,.117,.53e-1,.54e-1,.53e-1,.53e-1,.53e-1,.54e-1,.55e-1,.54e-1,.56e-1
,.57e-1,.57e-1,.56e-1,.57e-1,.57e-1,.185,.214,.55e-1,.54e-1,.54e-1,.53e-1,.56e-\
1,.56e-1,.56e-1,.57e-1,.56e-1,.56e-1,.58e-1,.56e-1,.57e-1,.58e-1,.57e-1,.302,.1\
08,.55e-1,.55e-1,.54e-1,.56e-1,.56e-1,.57e-1,.58e-1,.59e-1,.58e-1,.59e-1,.59e-1
,.59e-1,.60e-1,.61e-1,.262,.142,.54e-1,.56e-1,.55e-1,.57e-1,.55e-1,.56e-1,.57e-\
1,.60e-1,.59e-1,.60e-1,.60e-1,.60e-1,.60e-1,.60e-1,.269,.140,.58e-1,.57e-1,.58e\
-1,.58e-1,.57e-1,.55e-1,.58e-1,.63e-1,.71e-1,.69e-1,.78e-1,.79e-1,.59e-1,.60e-1
,.316,.98e-1,.56e-1,.56e-1,.56e-1,.57e-1,.56e-1,.59e-1,.60e-1,.59e-1,.61e-1,.64\
e-1,.58e-1,.62e-1,.65e-1,.214,.212,.58e-1,.60e-1,.62e-1,.57e-1,.62e-1,.61e-1,.\
62e-1,.61e-1,.62e-1],[.5e-2,.7e-2,.6e-2,.6e-2,.7e-2,.6e-2,.6e-2,.6e-2,.6e-2,.6e\
-2,.6e-2,.6e-2,.6e-2,.7e-2,.7e-2,.6e-2,.7e-2,.7e-2,.7e-2,.6e-2,.7e-2,.7e-2,.7e-\
2,.7e-2,.7e-2,.8e-2,.10e-1,.12e-1,.9e-2,.10e-1,.10e-1,.10e-1,.10e-1,.8e-2,.8e-2
,.9e-2,.9e-2,.9e-2,.9e-2,.173,.14e-1,.8e-2,.9e-2,.9e-2,.8e-2,.9e-2,.9e-2,.9e-2,
.10e-1,.9e-2,.9e-2,.12e-1,.9e-2,.9e-2,.10e-1,.10e-1,.9e-2,.11e-1,.10e-1,.8e-2,.\
10e-1,.9e-2,.8e-2,.10e-1,.9e-2,.9e-2,.11e-1,.10e-1,.9e-2,.11e-1,.10e-1,.8e-2,.\
10e-1,.10e-1,.9e-2,.9e-2,.11e-1,.9e-2,.9e-2,.11e-1,.9e-2,.9e-2,.11e-1,.11e-1,.9\
e-2,.10e-1,.12e-1,.11e-1,.10e-1,.10e-1,.12e-1,.11e-1,.11e-1,.10e-1,.13e-1,.11e-\
1,.11e-1,.10e-1,.12e-1,.11e-1,.10e-1,.11e-1,.13e-1,.12e-1,.10e-1,.11e-1,.12e-1,
.12e-1,.11e-1,.10e-1,.11e-1,.12e-1,.11e-1,.10e-1,.10e-1,.11e-1,.11e-1,.10e-1,.\
10e-1,.10e-1,.11e-1,.10e-1,.10e-1,.10e-1,.11e-1,.11e-1,.11e-1,.10e-1,.12e-1,.11\
e-1,.10e-1,.10e-1,.11e-1,.10e-1,.11e-1,.11e-1,.12e-1,.11e-1,.11e-1,.11e-1,.12e-\
1,.11e-1,.11e-1,.117,.28e-1,.11e-1,.10e-1,.10e-1,.11e-1,.13e-1,.12e-1,.10e-1,.\
11e-1,.11e-1,.11e-1,.11e-1,.11e-1,.11e-1,.11e-1,.11e-1,.11e-1,.11e-1,.11e-1,.14\
e-1,.14e-1,.11e-1,.11e-1,.11e-1,.12e-1,.11e-1,.12e-1,.12e-1,.13e-1,.11e-1,.11e-\
1,.12e-1,.12e-1,.12e-1,.11e-1,.12e-1,.12e-1,.12e-1,.13e-1,.12e-1,.12e-1,.13e-1,
.12e-1,.12e-1,.12e-1,.14e-1,.12e-1,.13e-1,.12e-1,.13e-1,.12e-1,.13e-1,.12e-1,.\
13e-1,.13e-1,.13e-1,.13e-1,.14e-1,.13e-1,.13e-1,.14e-1,.13e-1,.13e-1,.13e-1,.13\
e-1,.13e-1,.14e-1,.13e-1,.13e-1,.13e-1,.14e-1,.13e-1,.13e-1,.14e-1,.14e-1,.13e-\
1,.13e-1,.14e-1,.126,.43e-1,.13e-1,.13e-1,.13e-1,.14e-1,.13e-1,.15e-1,.14e-1,.\
14e-1,.14e-1,.14e-1,.13e-1,.14e-1,.14e-1,.14e-1,.15e-1,.15e-1,.14e-1,.14e-1,.15\
e-1,.14e-1,.14e-1,.15e-1,.14e-1,.14e-1,.14e-1,.14e-1,.14e-1,.18e-1,.15e-1,.14e-\
1,.15e-1,.14e-1,.15e-1,.15e-1,.14e-1,.15e-1,.16e-1,.15e-1,.15e-1,.15e-1,.15e-1,
.16e-1,.15e-1,.15e-1,.16e-1,.15e-1,.16e-1,.16e-1,.15e-1,.16e-1,.16e-1,.15e-1,.\
16e-1,.16e-1,.16e-1,.15e-1,.15e-1,.16e-1,.16e-1,.15e-1,.16e-1,.16e-1,.16e-1,.16\
e-1,.148,.49e-1,.15e-1,.14e-1,.16e-1,.16e-1,.16e-1,.15e-1,.16e-1,.15e-1,.16e-1,
.15e-1,.16e-1,.17e-1,.16e-1,.16e-1,.16e-1,.16e-1,.17e-1,.16e-1,.16e-1,.19e-1,.\
16e-1,.17e-1,.18e-1,.16e-1,.17e-1,.17e-1,.18e-1,.17e-1,.18e-1,.17e-1,.16e-1,.17\
e-1,.17e-1,.17e-1,.17e-1,.19e-1,.17e-1,.17e-1,.18e-1,.18e-1,.17e-1,.18e-1,.17e-\
1,.18e-1,.17e-1,.17e-1,.18e-1,.19e-1,.18e-1,.19e-1,.18e-1,.18e-1,.18e-1,.18e-1,
.19e-1,.18e-1,.148,.41e-1,.17e-1,.17e-1,.18e-1,.19e-1,.18e-1,.18e-1,.19e-1,.18e\
-1,.19e-1,.24e-1,.30e-1,.21e-1,.17e-1,.17e-1,.19e-1,.18e-1,.18e-1,.19e-1,.18e-1
,.20e-1,.18e-1,.20e-1,.19e-1,.18e-1,.18e-1,.20e-1,.18e-1,.18e-1,.20e-1,.18e-1,.\
19e-1,.19e-1,.19e-1,.20e-1,.20e-1,.20e-1,.21e-1,.19e-1,.19e-1,.20e-1,.19e-1,.20\
e-1,.22e-1,.20e-1,.21e-1,.21e-1,.21e-1,.20e-1,.21e-1,.22e-1,.157,.41e-1,.22e-1,
.19e-1,.19e-1,.19e-1,.19e-1,.25e-1,.27e-1,.22e-1,.21e-1,.19e-1,.20e-1,.20e-1,.\
21e-1,.20e-1,.20e-1,.20e-1,.20e-1,.20e-1,.21e-1,.21e-1,.20e-1,.21e-1,.21e-1,.23\
e-1,.30e-1,.22e-1,.23e-1,.21e-1,.21e-1,.22e-1,.21e-1,.22e-1,.21e-1,.23e-1,.21e-\
1,.22e-1,.21e-1,.21e-1,.22e-1,.22e-1,.22e-1,.24e-1,.23e-1,.22e-1,.24e-1,.28e-1,
.186,.29e-1,.21e-1,.21e-1,.21e-1,.22e-1,.22e-1,.23e-1,.26e-1,.31e-1,.21e-1,.22e\
-1,.22e-1,.21e-1,.23e-1,.23e-1,.24e-1,.21e-1,.21e-1,.22e-1,.22e-1,.23e-1,.25e-1
,.23e-1,.24e-1,.22e-1,.23e-1,.22e-1,.24e-1,.22e-1,.23e-1,.22e-1,.23e-1,.25e-1,.\
23e-1,.25e-1,.22e-1,.26e-1,.23e-1,.24e-1,.25e-1,.23e-1,.26e-1,.23e-1,.190,.67e-\
1,.22e-1,.22e-1,.23e-1,.27e-1,.23e-1,.24e-1,.23e-1,.24e-1,.22e-1,.22e-1,.23e-1,
.24e-1,.25e-1,.23e-1,.25e-1,.23e-1,.25e-1,.26e-1,.25e-1,.24e-1,.24e-1,.25e-1,.\
29e-1,.41e-1,.34e-1,.26e-1,.24e-1,.23e-1,.24e-1,.27e-1,.27e-1,.24e-1,.25e-1,.25\
e-1,.27e-1,.26e-1,.25e-1,.26e-1,.27e-1,.176,.87e-1,.23e-1,.24e-1,.24e-1,.24e-1,
.27e-1,.25e-1,.32e-1,.27e-1,.28e-1,.25e-1,.24e-1,.41e-1,.39e-1,.32e-1,.32e-1,.\
33e-1,.33e-1,.31e-1,.34e-1,.32e-1,.29e-1,.31e-1,.32e-1,.30e-1,.31e-1,.31e-1,.31\
e-1,.31e-1,.32e-1,.30e-1,.31e-1,.31e-1,.31e-1,.31e-1,.32e-1,.31e-1,.31e-1,.183,
.101,.25e-1,.27e-1,.25e-1,.27e-1,.25e-1,.26e-1,.27e-1,.25e-1,.26e-1,.25e-1,.26e\
-1,.26e-1,.27e-1,.26e-1,.26e-1,.27e-1,.26e-1,.26e-1,.27e-1,.25e-1,.26e-1,.27e-1
,.27e-1,.27e-1,.28e-1,.26e-1,.28e-1,.27e-1,.28e-1,.27e-1,.28e-1,.27e-1,.27e-1,.\
29e-1,.29e-1,.147,.95e-1,.25e-1,.26e-1,.28e-1,.26e-1,.28e-1,.27e-1,.26e-1,.27e-\
1,.27e-1,.26e-1,.28e-1,.27e-1,.27e-1,.27e-1,.27e-1,.28e-1,.27e-1,.27e-1,.28e-1,
.27e-1,.28e-1,.28e-1,.28e-1,.29e-1,.28e-1,.28e-1,.27e-1,.30e-1,.27e-1,.29e-1,.\
28e-1,.29e-1,.29e-1,.29e-1,.216,.36e-1,.33e-1,.30e-1,.28e-1,.30e-1,.30e-1,.27e-\
1,.29e-1,.28e-1,.28e-1,.27e-1,.28e-1,.28e-1,.28e-1,.29e-1,.30e-1,.28e-1,.29e-1,
.29e-1,.29e-1,.30e-1,.29e-1,.29e-1,.30e-1,.31e-1,.33e-1,.31e-1,.31e-1,.30e-1,.\
30e-1,.31e-1,.31e-1,.154,.99e-1,.30e-1,.29e-1,.30e-1,.29e-1,.34e-1,.33e-1,.33e-\
1,.34e-1,.34e-1,.34e-1,.37e-1,.51e-1,.34e-1,.35e-1,.35e-1,.35e-1,.35e-1,.34e-1,
.33e-1,.35e-1,.45e-1,.78e-1,.51e-1,.36e-1,.35e-1,.35e-1,.36e-1,.37e-1,.36e-1,.\
35e-1,.33e-1,.231,.44e-1,.30e-1,.31e-1,.30e-1,.32e-1,.29e-1,.31e-1,.32e-1,.30e-\
1,.33e-1,.30e-1,.33e-1,.31e-1,.35e-1,.39e-1,.31e-1,.33e-1,.31e-1,.33e-1,.40e-1,
.31e-1,.33e-1,.32e-1,.32e-1,.33e-1,.32e-1,.32e-1,.32e-1,.32e-1,.34e-1,.196,.68e\
-1,.31e-1,.30e-1,.32e-1,.35e-1,.30e-1,.31e-1,.32e-1,.32e-1,.31e-1,.34e-1,.34e-1
,.32e-1,.33e-1,.32e-1,.34e-1,.32e-1,.32e-1,.33e-1,.32e-1,.33e-1,.33e-1,.33e-1,.\
33e-1,.32e-1,.34e-1,.33e-1,.34e-1,.34e-1,.190,.80e-1,.33e-1,.31e-1,.32e-1,.33e-\
1,.34e-1,.33e-1,.31e-1,.32e-1,.32e-1,.33e-1,.33e-1,.33e-1,.34e-1,.33e-1,.32e-1,
.32e-1,.34e-1,.34e-1,.34e-1,.34e-1,.36e-1,.34e-1,.35e-1,.35e-1,.35e-1,.34e-1,.\
37e-1,.184,.97e-1,.32e-1,.33e-1,.33e-1,.34e-1,.33e-1,.33e-1,.34e-1,.32e-1,.34e-\
1,.34e-1,.34e-1,.34e-1,.35e-1,.35e-1,.35e-1,.34e-1,.34e-1,.36e-1,.36e-1,.36e-1,
.35e-1,.35e-1,.36e-1,.34e-1,.36e-1,.35e-1,.173,.118,.32e-1,.35e-1,.36e-1,.36e-1
,.35e-1,.36e-1,.36e-1,.36e-1,.37e-1,.36e-1,.37e-1,.34e-1,.36e-1,.35e-1,.36e-1,.\
36e-1,.35e-1,.37e-1,.37e-1,.35e-1,.37e-1,.38e-1,.36e-1,.37e-1,.38e-1,.36e-1,.14\
3,.36e-1,.34e-1,.34e-1,.37e-1,.37e-1,.37e-1,.36e-1,.36e-1,.35e-1,.38e-1,.37e-1,
.37e-1,.38e-1,.36e-1,.37e-1,.36e-1,.38e-1,.39e-1,.38e-1,.38e-1,.38e-1,.36e-1,.\
38e-1,.38e-1,.42e-1,.208,.112,.36e-1,.36e-1,.36e-1,.35e-1,.61e-1,.47e-1,.36e-1,
.39e-1,.40e-1,.39e-1,.39e-1,.39e-1,.39e-1,.38e-1,.39e-1,.39e-1,.38e-1,.40e-1,.\
40e-1,.40e-1,.41e-1,.40e-1,.39e-1,.38e-1,.240,.77e-1,.38e-1,.39e-1,.38e-1,.39e-\
1,.38e-1,.37e-1,.39e-1,.38e-1,.39e-1,.38e-1,.38e-1,.40e-1,.41e-1,.39e-1,.39e-1,
.40e-1,.39e-1,.41e-1,.41e-1,.42e-1,.41e-1,.39e-1,.40e-1,.214,.103,.40e-1,.39e-1
,.39e-1,.37e-1,.39e-1,.37e-1,.38e-1,.41e-1,.52e-1,.42e-1,.41e-1,.44e-1,.41e-1,.\
39e-1,.40e-1,.60e-1,.62e-1,.41e-1,.41e-1,.42e-1,.42e-1,.40e-1,.40e-1,.282,.46e-\
1,.40e-1,.39e-1,.40e-1,.39e-1,.39e-1,.40e-1,.40e-1,.40e-1,.41e-1,.43e-1,.41e-1,
.41e-1,.41e-1,.42e-1,.42e-1,.43e-1,.41e-1,.41e-1,.40e-1,.51e-1,.55e-1,.49e-1,.3\
12,.58e-1,.45e-1,.45e-1,.44e-1,.46e-1,.44e-1,.45e-1,.46e-1,.47e-1,.48e-1,.47e-1
,.130,.64e-1,.41e-1,.41e-1,.42e-1,.42e-1,.44e-1,.41e-1,.42e-1,.42e-1,.42e-1,.20\
6,.115,.43e-1,.43e-1,.40e-1,.46e-1,.43e-1,.42e-1,.43e-1,.42e-1,.44e-1,.43e-1,.\
43e-1,.45e-1,.45e-1,.45e-1,.44e-1,.44e-1,.44e-1,.52e-1,.42e-1,.44e-1,.43e-1,.28\
2,.114,.66e-1,.52e-1,.51e-1,.52e-1,.54e-1,.52e-1,.48e-1,.46e-1,.52e-1,.50e-1,.\
51e-1,.52e-1,.51e-1,.47e-1,.47e-1,.47e-1,.47e-1,.44e-1,.43e-1,.43e-1,.192,.137,
.42e-1,.42e-1,.42e-1,.42e-1,.44e-1,.43e-1,.43e-1,.44e-1,.43e-1,.43e-1,.44e-1,.\
45e-1,.45e-1,.45e-1,.44e-1,.45e-1,.46e-1,.45e-1,.44e-1,.43e-1,.211,.120,.43e-1,
.45e-1,.43e-1,.42e-1,.42e-1,.45e-1,.43e-1,.43e-1,.43e-1,.44e-1,.43e-1,.44e-1,.\
43e-1,.44e-1,.44e-1,.45e-1,.46e-1,.44e-1,.47e-1,.46e-1,.171,.43e-1,.41e-1,.46e-\
1,.44e-1,.43e-1,.44e-1,.44e-1,.43e-1,.43e-1,.45e-1,.44e-1,.44e-1,.44e-1,.45e-1,
.45e-1,.45e-1,.44e-1,.46e-1,.46e-1,.45e-1,.180,.42e-1,.43e-1,.45e-1,.44e-1,.43e\
-1,.44e-1,.44e-1,.44e-1,.45e-1,.47e-1,.45e-1,.44e-1,.46e-1,.45e-1,.46e-1,.46e-1
,.45e-1,.46e-1,.47e-1,.196,.145,.46e-1,.44e-1,.45e-1,.45e-1,.44e-1,.45e-1,.43e-\
1,.46e-1,.46e-1,.46e-1,.46e-1,.47e-1,.45e-1,.46e-1,.47e-1,.47e-1,.48e-1,.47e-1,
.169,.180,.45e-1,.45e-1,.46e-1,.46e-1,.44e-1,.46e-1,.46e-1,.46e-1,.46e-1,.46e-1
,.47e-1,.47e-1,.47e-1,.49e-1,.47e-1,.47e-1,.47e-1,.48e-1,.168,.179,.45e-1,.46e-\
1,.44e-1,.46e-1,.45e-1,.47e-1,.46e-1,.46e-1,.46e-1,.46e-1,.48e-1,.47e-1,.47e-1,
.48e-1,.49e-1,.49e-1,.47e-1,.48e-1,.232,.119,.46e-1,.47e-1,.47e-1,.46e-1,.46e-1
,.47e-1,.48e-1,.48e-1,.48e-1,.47e-1,.49e-1,.49e-1,.50e-1,.48e-1,.49e-1,.50e-1,.\
49e-1,.185,.169,.47e-1,.47e-1,.47e-1,.47e-1,.48e-1,.48e-1,.47e-1,.48e-1,.48e-1,
.48e-1,.48e-1,.49e-1,.49e-1,.49e-1,.50e-1,.50e-1,.49e-1,.198,.165,.49e-1,.47e-1
,.47e-1,.47e-1,.48e-1,.48e-1,.48e-1,.49e-1,.48e-1,.49e-1,.50e-1,.50e-1,.50e-1,.\
50e-1,.50e-1,.50e-1,.51e-1,.248,.112,.48e-1,.48e-1,.49e-1,.49e-1,.49e-1,.48e-1,
.48e-1,.50e-1,.50e-1,.51e-1,.50e-1,.49e-1,.51e-1,.51e-1,.52e-1,.51e-1,.193,.178
,.50e-1,.49e-1,.49e-1,.49e-1,.50e-1,.48e-1,.50e-1,.50e-1,.50e-1,.51e-1,.50e-1,.\
51e-1,.52e-1,.52e-1,.52e-1,.53e-1,.174,.195,.50e-1,.51e-1,.49e-1,.49e-1,.49e-1,
.50e-1,.49e-1,.51e-1,.51e-1,.51e-1,.52e-1,.52e-1,.51e-1,.51e-1,.53e-1,.52e-1,.1\
84,.191,.50e-1,.49e-1,.51e-1,.50e-1,.51e-1,.50e-1,.51e-1,.52e-1,.53e-1,.52e-1,.\
52e-1,.52e-1,.55e-1,.53e-1,.54e-1,.54e-1,.246,.133,.52e-1,.50e-1,.50e-1,.52e-1,
.51e-1,.53e-1,.51e-1,.52e-1,.53e-1,.53e-1,.53e-1,.53e-1,.54e-1,.53e-1,.53e-1,.1\
82,.206,.51e-1,.51e-1,.54e-1,.52e-1,.51e-1,.53e-1,.53e-1,.54e-1,.53e-1,.53e-1,.\
54e-1,.54e-1,.54e-1,.53e-1,.54e-1,.57e-1,.331,.58e-1,.52e-1,.52e-1,.52e-1,.52e-\
1,.52e-1,.53e-1,.53e-1,.53e-1,.54e-1,.53e-1,.54e-1,.54e-1,.54e-1,.55e-1,.168,.2\
17,.52e-1,.52e-1,.52e-1,.52e-1,.52e-1,.53e-1,.54e-1,.55e-1,.53e-1,.54e-1,.55e-1
,.54e-1,.54e-1,.56e-1,.55e-1,.220,.174,.54e-1,.53e-1,.53e-1,.54e-1,.53e-1,.54e-\
1,.53e-1,.54e-1,.56e-1,.56e-1,.54e-1,.58e-1,.57e-1,.56e-1,.55e-1,.315,.93e-1,.\
54e-1,.54e-1,.54e-1,.54e-1,.54e-1,.54e-1,.56e-1,.59e-1,.57e-1,.58e-1,.56e-1,.57\
e-1,.56e-1,.57e-1,.253,.151,.55e-1,.54e-1,.55e-1,.55e-1,.54e-1,.57e-1,.56e-1,.\
56e-1,.56e-1,.56e-1,.57e-1,.57e-1,.57e-1,.59e-1,.221,.177,.56e-1,.55e-1,.55e-1,
.57e-1,.55e-1,.55e-1,.56e-1,.56e-1,.57e-1,.57e-1,.56e-1,.58e-1,.58e-1,.57e-1,.2\
30,.168,.56e-1,.56e-1,.56e-1,.56e-1,.58e-1,.58e-1,.57e-1,.57e-1,.57e-1,.57e-1,.\
58e-1,.58e-1,.58e-1,.59e-1,.278,.123,.57e-1,.56e-1,.56e-1,.56e-1,.56e-1,.57e-1,
.57e-1,.57e-1,.58e-1,.57e-1,.59e-1,.60e-1,.60e-1,.197,.251,.75e-1,.67e-1,.61e-1
,.57e-1,.59e-1,.61e-1,.64e-1,.66e-1,.66e-1,.62e-1,.64e-1,.60e-1]]);
