TIMES2 := Matrix(5, 1501, [[.11e-1,.1e-2,0.,.1e-2,.1e-2,.1e-2,.1e-2,.1e-2,.1e-2
,.1e-2,.1e-2,.1e-2,.1e-2,.1e-2,.1e-2,.1e-2,0.,.1e-2,.1e-2,.1e-2,.1e-2,.1e-2,0.,
.1e-2,.1e-2,.1e-2,0.,.2e-2,.1e-2,0.,.1e-2,.1e-2,.1e-2,.1e-2,.1e-2,.1e-2,.1e-2,.\
1e-2,0.,.1e-2,.1e-2,.1e-2,.1e-2,.1e-2,.1e-2,0.,.1e-2,.1e-2,0.,.1e-2,.1e-2,.1e-2
,0.,.1e-2,.1e-2,0.,0.,0.,.1e-2,.1e-2,.1e-2,.1e-2,.1e-2,.1e-2,.1e-2,.1e-2,.1e-2,
.1e-2,.1e-2,.1e-2,0.,0.,.1e-2,.1e-2,0.,0.,.1e-2,.1e-2,.1e-2,.1e-2,.1e-2,.1e-2,.\
1e-2,.1e-2,0.,.1e-2,0.,.2e-2,.1e-2,.1e-2,.1e-2,.1e-2,0.,.1e-2,0.,.1e-2,.1e-2,.1\
e-2,.1e-2,.1e-2,.1e-2,0.,.1e-2,.1e-2,.1e-2,0.,.1e-2,0.,.1e-2,.1e-2,.1e-2,0.,.15\
e-1,.1e-2,.1e-2,.1e-2,0.,.1e-2,.1e-2,.1e-2,0.,0.,.1e-2,.1e-2,0.,.1e-2,.1e-2,.1e\
-2,0.,0.,.1e-2,.1e-2,0.,.1e-2,.1e-2,.2e-2,.1e-2,.1e-2,.1e-2,.1e-2,.1e-2,.1e-2,0\
.,.1e-2,.1e-2,0.,.1e-2,.2e-2,.1e-2,0.,0.,.1e-2,.1e-2,.1e-2,.1e-2,.2e-2,0.,.1e-2
,0.,.1e-2,.1e-2,0.,0.,.1e-2,0.,.1e-2,0.,.1e-2,.1e-2,.1e-2,0.,.1e-2,.1e-2,0.,.1e\
-2,0.,.1e-2,.1e-2,.1e-2,0.,.1e-2,.1e-2,.2e-2,.1e-2,.1e-2,0.,.1e-2,.1e-2,.1e-2,.\
1e-2,.1e-2,.1e-2,.1e-2,0.,.1e-2,0.,0.,0.,.1e-2,.2e-2,.1e-2,.1e-2,.1e-2,0.,.1e-2
,.1e-2,0.,.2e-2,.1e-2,0.,.1e-2,0.,.1e-2,.1e-2,.1e-2,.3e-2,.1e-2,.2e-2,.1e-2,.1e\
-2,.2e-2,.1e-2,.1e-2,.1e-2,.2e-2,.1e-2,.1e-2,.1e-2,.1e-2,.1e-2,.1e-2,.1e-2,0.,.\
1e-2,.1e-2,.1e-2,.1e-2,.1e-2,.1e-2,.1e-2,.1e-2,0.,.2e-2,.2e-2,.1e-2,.1e-2,.3e-2
,.1e-2,.1e-2,.1e-2,.1e-2,.1e-2,.1e-2,0.,0.,.2e-2,.1e-2,0.,.1e-2,.2e-2,.1e-2,0.,
.1e-2,.2e-2,.1e-2,0.,.1e-2,0.,.1e-2,.1e-2,.1e-2,.1e-2,.1e-2,.2e-2,.1e-2,.2e-2,.\
2e-2,.1e-2,.1e-2,0.,.1e-2,.1e-2,0.,.1e-2,.2e-2,.2e-2,.1e-2,.1e-2,.2e-2,.2e-2,.1\
e-2,.1e-2,.1e-2,.1e-2,.1e-2,.1e-2,.1e-2,.1e-2,.1e-2,.1e-2,.1e-2,.1e-2,.1e-2,.2e\
-2,.1e-2,.1e-2,.1e-2,.1e-2,0.,.1e-2,.1e-2,.1e-2,.1e-2,.1e-2,.1e-2,.1e-2,.2e-2,.\
1e-2,.1e-2,.1e-2,0.,.1e-2,.1e-2,.2e-2,.1e-2,.1e-2,.1e-2,.1e-2,.2e-2,.1e-2,.1e-2
,.1e-2,.2e-2,.1e-2,.1e-2,.1e-2,.1e-2,.1e-2,.1e-2,.1e-2,.1e-2,0.,.1e-2,.1e-2,.1e\
-2,.1e-2,.1e-2,.1e-2,.1e-2,.1e-2,.1e-2,0.,.1e-2,.1e-2,0.,.1e-2,.1e-2,.1e-2,.1e-\
2,0.,0.,.1e-2,.1e-2,.1e-2,.1e-2,.1e-2,.1e-2,.2e-2,0.,.1e-2,0.,0.,.1e-2,.1e-2,.1\
e-2,0.,0.,.1e-2,0.,.1e-2,0.,.2e-2,.1e-2,.1e-2,0.,.2e-2,.2e-2,.1e-2,.1e-2,.1e-2,
.1e-2,.1e-2,0.,0.,.1e-2,0.,.1e-2,.1e-2,0.,.1e-2,.1e-2,0.,.1e-2,.1e-2,.1e-2,.1e-\
2,.1e-2,.1e-2,.1e-2,.1e-2,.1e-2,.1e-2,.2e-2,0.,.1e-2,.1e-2,.1e-2,.1e-2,.1e-2,.1\
e-2,.1e-2,.1e-2,.1e-2,0.,.1e-2,.1e-2,.1e-2,.1e-2,.1e-2,.2e-2,0.,.1e-2,.1e-2,.1e\
-2,.1e-2,.1e-2,.1e-2,.1e-2,.1e-2,.1e-2,.1e-2,.1e-2,.1e-2,.1e-2,0.,.1e-2,.1e-2,0\
.,0.,.1e-2,.1e-2,.1e-2,.1e-2,0.,0.,.1e-2,.1e-2,.1e-2,.1e-2,.1e-2,.1e-2,0.,.1e-2
,.1e-2,.1e-2,0.,.1e-2,.1e-2,.1e-2,0.,.1e-2,0.,.2e-2,0.,0.,.1e-2,.1e-2,.1e-2,.1e\
-2,0.,.1e-2,0.,.1e-2,.1e-2,0.,.1e-2,.1e-2,.1e-2,0.,0.,.1e-2,.1e-2,.1e-2,.1e-2,.\
1e-2,.1e-2,.1e-2,.1e-2,.1e-2,.2e-2,.1e-2,0.,.1e-2,.1e-2,.1e-2,.1e-2,.1e-2,.1e-2
,0.,0.,.1e-2,0.,.1e-2,.1e-2,0.,.1e-2,0.,.1e-2,0.,0.,0.,.1e-2,.1e-2,.1e-2,0.,.1e\
-2,0.,.1e-2,.2e-2,0.,.1e-2,.1e-2,.2e-2,.2e-2,.3e-2,.1e-2,.1e-2,0.,.1e-2,.1e-2,.\
1e-2,.2e-2,.1e-2,.1e-2,.1e-2,.1e-2,.2e-2,0.,.2e-2,.1e-2,0.,.1e-2,.1e-2,0.,.1e-2
,.1e-2,.1e-2,.1e-2,.2e-2,.1e-2,.2e-2,.2e-2,.1e-2,.1e-2,.2e-2,.1e-2,.1e-2,.1e-2,
.1e-2,.1e-2,0.,.1e-2,.1e-2,.1e-2,.1e-2,.1e-2,.2e-2,.1e-2,.1e-2,.2e-2,0.,.1e-2,.\
1e-2,.2e-2,.1e-2,0.,.1e-2,0.,.1e-2,.40e-1,.1e-2,0.,0.,.1e-2,0.,.1e-2,.1e-2,0.,.\
1e-2,.1e-2,.1e-2,.1e-2,.1e-2,.1e-2,.1e-2,0.,0.,.1e-2,.1e-2,.1e-2,.2e-2,.1e-2,.1\
e-2,.1e-2,0.,.1e-2,.2e-2,.1e-2,.1e-2,.1e-2,.1e-2,.1e-2,.1e-2,.1e-2,.1e-2,.1e-2,
0.,.1e-2,.1e-2,.1e-2,.1e-2,.1e-2,.1e-2,0.,.1e-2,.2e-2,.1e-2,.1e-2,.1e-2,.1e-2,.\
1e-2,.1e-2,.1e-2,0.,.1e-2,.1e-2,.2e-2,.1e-2,.1e-2,.1e-2,.1e-2,0.,.1e-2,.1e-2,0.
,.1e-2,.1e-2,.2e-2,.1e-2,.1e-2,.1e-2,0.,.1e-2,.1e-2,.1e-2,.1e-2,.1e-2,0.,.1e-2,
.1e-2,.4e-2,.1e-2,0.,.1e-2,.1e-2,0.,.1e-2,.1e-2,0.,.1e-2,0.,.1e-2,0.,0.,.1e-2,.\
1e-2,.1e-2,.2e-2,.2e-2,.1e-2,.1e-2,.1e-2,0.,.1e-2,.1e-2,0.,.1e-2,0.,.2e-2,.1e-2
,.1e-2,0.,0.,.1e-2,.1e-2,.1e-2,.1e-2,0.,.3e-2,.74e-1,.1e-2,.2e-2,.1e-2,.1e-2,.1\
e-2,0.,.2e-2,.1e-2,.1e-2,.1e-2,.1e-2,0.,.1e-2,0.,.1e-2,.1e-2,.1e-2,.1e-2,.1e-2,
0.,.1e-2,.1e-2,.1e-2,.1e-2,0.,.1e-2,0.,.1e-2,0.,0.,.1e-2,.1e-2,.1e-2,.1e-2,.1e-\
2,.1e-2,.1e-2,.1e-2,.1e-2,0.,0.,0.,.1e-2,.1e-2,.1e-2,0.,.1e-2,.1e-2,.1e-2,0.,.1\
e-2,.1e-2,0.,.1e-2,.1e-2,.1e-2,.1e-2,0.,.1e-2,.1e-2,.1e-2,.1e-2,.1e-2,.1e-2,.1e\
-2,.2e-2,.1e-2,.1e-2,.1e-2,.1e-2,.1e-2,.1e-2,.1e-2,.1e-2,.1e-2,0.,.1e-2,.1e-2,.\
1e-2,.3e-2,.1e-2,.1e-2,.2e-2,.1e-2,.1e-2,.1e-2,.1e-2,.1e-2,.1e-2,0.,.2e-2,.1e-2
,0.,.1e-2,.1e-2,.1e-2,0.,.2e-2,.1e-2,.1e-2,.1e-2,0.,0.,.1e-2,.1e-2,.1e-2,.1e-2,
.1e-2,0.,.1e-2,.1e-2,.1e-2,.1e-2,.1e-2,.1e-2,.1e-2,.1e-2,.1e-2,.1e-2,.1e-2,.1e-\
2,.1e-2,0.,.1e-2,.1e-2,.1e-2,.1e-2,.1e-2,.1e-2,.1e-2,.1e-2,.1e-2,.1e-2,.1e-2,.1\
e-2,.1e-2,.1e-2,.1e-2,.1e-2,.1e-2,.1e-2,.1e-2,0.,.1e-2,.1e-2,.1e-2,.1e-2,.1e-2,
.1e-2,.1e-2,.1e-2,.2e-2,.1e-2,.1e-2,.1e-2,.2e-2,0.,.1e-2,.1e-2,.2e-2,.1e-2,.1e-\
2,0.,.1e-2,.1e-2,.1e-2,0.,.1e-2,.1e-2,.1e-2,.1e-2,.1e-2,.1e-2,.1e-2,0.,0.,.1e-2
,.1e-2,.1e-2,.1e-2,.1e-2,.1e-2,.1e-2,.1e-2,.1e-2,0.,.2e-2,.1e-2,.1e-2,.1e-2,.1e\
-2,0.,.1e-2,.1e-2,0.,.1e-2,.1e-2,.1e-2,.1e-2,0.,.1e-2,.2e-2,.1e-2,.1e-2,.1e-2,.\
1e-2,.1e-2,.1e-2,.1e-2,.1e-2,.1e-2,.1e-2,.1e-2,.1e-2,.1e-2,.1e-2,0.,.1e-2,.1e-2
,.1e-2,.2e-2,0.,.1e-2,.1e-2,.1e-2,.2e-2,.1e-2,0.,.1e-2,0.,.1e-2,.1e-2,.1e-2,.1e\
-2,.1e-2,.1e-2,0.,.1e-2,.1e-2,.1e-2,.1e-2,.1e-2,.1e-2,0.,0.,.1e-2,.1e-2,.1e-2,.\
1e-2,.1e-2,.1e-2,.1e-2,0.,.1e-2,0.,.1e-2,0.,.1e-2,0.,.1e-2,.1e-2,.1e-2,.1e-2,0.
,.1e-2,.1e-2,.1e-2,.1e-2,.1e-2,.1e-2,.1e-2,.1e-2,.1e-2,.1e-2,.1e-2,.1e-2,.1e-2,
.1e-2,.1e-2,0.,.1e-2,.1e-2,.1e-2,.1e-2,0.,.1e-2,.1e-2,.1e-2,.1e-2,.1e-2,.1e-2,.\
1e-2,.1e-2,0.,.1e-2,.1e-2,.1e-2,0.,.1e-2,.2e-2,.1e-2,0.,.1e-2,.1e-2,.1e-2,.1e-2
,.1e-2,.2e-2,0.,.1e-2,.1e-2,.1e-2,.1e-2,.2e-2,.1e-2,0.,.1e-2,.1e-2,0.,.1e-2,.1e\
-2,.1e-2,0.,.1e-2,.1e-2,.1e-2,.1e-2,0.,.1e-2,.1e-2,.1e-2,.1e-2,.1e-2,0.,0.,.1e-\
2,.1e-2,0.,.1e-2,.1e-2,.1e-2,0.,.1e-2,.1e-2,.1e-2,.1e-2,.1e-2,.1e-2,.1e-2,.1e-2
,.1e-2,.4e-2,.1e-2,.1e-2,.1e-2,.1e-2,.1e-2,.1e-2,.2e-2,.1e-2,.1e-2,.1e-2,.1e-2,
.1e-2,.2e-2,.2e-2,0.,.1e-2,.1e-2,.1e-2,.1e-2,.2e-2,.1e-2,.2e-2,.1e-2,.2e-2,.2e-\
2,.1e-2,.1e-2,.1e-2,.2e-2,.2e-2,.1e-2,.1e-2,.2e-2,.1e-2,.1e-2,.1e-2,0.,.1e-2,.1\
e-2,.1e-2,.1e-2,.1e-2,.2e-2,0.,.2e-2,0.,.1e-2,.1e-2,.1e-2,.1e-2,.1e-2,.1e-2,.1e\
-2,.1e-2,.1e-2,0.,.1e-2,.1e-2,.1e-2,0.,.1e-2,.1e-2,.2e-2,.1e-2,.1e-2,.1e-2,.1e-\
2,.1e-2,.1e-2,.1e-2,.1e-2,.1e-2,.2e-2,.1e-2,.1e-2,.1e-2,.1e-2,0.,.1e-2,.1e-2,0.
,.1e-2,.1e-2,.1e-2,.1e-2,.1e-2,.2e-2,.1e-2,.1e-2,.1e-2,.1e-2,.1e-2,.1e-2,.1e-2,
.2e-2,.1e-2,.2e-2,.1e-2,.1e-2,.1e-2,.1e-2,.1e-2,0.,0.,.1e-2,.1e-2,.1e-2,.1e-2,.\
1e-2,.1e-2,0.,0.,.1e-2,.1e-2,.1e-2,.1e-2,.1e-2,.1e-2,.1e-2,.2e-2,.1e-2,.1e-2,0.
,.1e-2,.1e-2,.1e-2,.1e-2,.1e-2,0.,.1e-2,0.,.1e-2,.1e-2,.1e-2,.1e-2,.1e-2,.3e-2,
.1e-2,.1e-2,.1e-2,.1e-2,.1e-2,.1e-2,0.,.1e-2,.2e-2,.1e-2,.1e-2,.1e-2,.1e-2,.1e-\
2,.1e-2,.1e-2,.1e-2,.1e-2,.1e-2,.1e-2,.1e-2,.1e-2,.1e-2,.1e-2,.1e-2,.1e-2,0.,.2\
e-2,.1e-2,.1e-2,.1e-2,.1e-2,0.,.1e-2,0.,.1e-2,.1e-2,0.,.1e-2,0.,.1e-2,.1e-2,0.,
.1e-2,.1e-2,.1e-2,.1e-2,.1e-2,.1e-2,.1e-2,.2e-2,0.,.1e-2,.1e-2,.1e-2,.1e-2,.1e-\
2,.1e-2,0.,0.,0.,.1e-2,.1e-2,0.,.1e-2,.1e-2,.1e-2,.1e-2,.1e-2,0.,.1e-2,.1e-2,.1\
e-2,.1e-2,.2e-2,0.,.1e-2,.1e-2,0.,.1e-2,.1e-2,.1e-2,.1e-2,.1e-2,.1e-2,.1e-2,.1e\
-2,.2e-2,.1e-2,.1e-2,.1e-2,.1e-2,.2e-2,.1e-2,.1e-2,.1e-2,.1e-2,.1e-2,.1e-2,.1e-\
2,.1e-2,.1e-2,.2e-2,.1e-2,.1e-2,.1e-2,.1e-2,.1e-2,.1e-2,.1e-2,.1e-2,.1e-2,.2e-2
,.1e-2,.1e-2,0.,.1e-2,.1e-2,.1e-2,.1e-2,.1e-2,.1e-2,.1e-2,.1e-2,.1e-2,0.,.1e-2,
.3e-2,.1e-2,.1e-2,.1e-2,.1e-2,.1e-2,.1e-2,.1e-2,.1e-2,.1e-2,.1e-2,0.,.1e-2,.1e-\
2,0.,0.,.1e-2,.1e-2,0.,.1e-2,.1e-2,.1e-2,.1e-2,0.,.1e-2,0.,0.,.1e-2,.1e-2,.1e-2
,.1e-2,.1e-2,.1e-2,.1e-2,.1e-2,.1e-2,.1e-2,.1e-2,.2e-2,.1e-2,.1e-2,.1e-2,.1e-2,
.1e-2,.1e-2,.1e-2,0.,.1e-2,.1e-2,.1e-2,.1e-2,.1e-2,.1e-2,.1e-2,.2e-2,.1e-2,.1e-\
2,.1e-2,0.,0.,.1e-2,.1e-2,0.,.1e-2,.1e-2,.1e-2,.1e-2,0.,.1e-2,.1e-2,.1e-2,.1e-2
,.2e-2,.1e-2,.1e-2,.1e-2,.1e-2,.1e-2,.1e-2,.1e-2,.1e-2,.1e-2,.1e-2,.1e-2,.1e-2,
.1e-2,.1e-2,.1e-2,.1e-2,.1e-2,.1e-2,.1e-2,.2e-2,.1e-2,0.,.1e-2,.2e-2,.1e-2,.1e-\
2,.1e-2,.1e-2,.2e-2,.1e-2,.1e-2,.1e-2,.1e-2,.1e-2,.1e-2,.1e-2,0.,.1e-2,.1e-2,.1\
e-2,.1e-2,.1e-2,.1e-2,.2e-2,.1e-2,.2e-2,.1e-2,0.,.1e-2,.1e-2,.1e-2,.1e-2,.1e-2,
.1e-2,0.,.1e-2,.1e-2,.1e-2,.1e-2,.2e-2,.1e-2,.1e-2,.1e-2,.1e-2,.1e-2,.1e-2,.1e-\
2,.1e-2,.1e-2,.1e-2,.1e-2,.1e-2,.1e-2,.1e-2,.1e-2,.1e-2,0.,.1e-2,.1e-2,.2e-2,.1\
e-2,.1e-2,.1e-2,.1e-2,.2e-2,.1e-2,.1e-2,.1e-2,0.,.2e-2,0.,.1e-2,0.,.1e-2,.1e-2,
.2e-2,.1e-2,.1e-2,.1e-2,.1e-2,0.,.1e-2],[0.,.1e-2,.1e-2,.1e-2,.1e-2,.1e-2,.1e-2
,.1e-2,.1e-2,.1e-2,.1e-2,.1e-2,.1e-2,.1e-2,.1e-2,0.,.1e-2,.1e-2,0.,0.,0.,.1e-2,
.1e-2,.1e-2,.1e-2,.1e-2,.1e-2,.1e-2,.1e-2,.1e-2,.1e-2,.1e-2,.1e-2,.1e-2,0.,.1e-\
2,0.,.1e-2,0.,.1e-2,0.,.1e-2,0.,0.,0.,.1e-2,.1e-2,.1e-2,.1e-2,.1e-2,.1e-2,0.,0.
,.1e-2,0.,.1e-2,.1e-2,.1e-2,0.,.1e-2,0.,0.,.2e-2,.2e-2,.1e-2,.1e-2,.1e-2,.2e-2,
.1e-2,0.,0.,.1e-2,.1e-2,0.,.1e-2,.1e-2,0.,.1e-2,.1e-2,.1e-2,.1e-2,.1e-2,.1e-2,.\
1e-2,.1e-2,.1e-2,0.,.1e-2,0.,.1e-2,.1e-2,.1e-2,.1e-2,.1e-2,0.,.1e-2,0.,.1e-2,.1\
e-2,0.,.1e-2,0.,0.,.1e-2,0.,.1e-2,0.,.1e-2,.1e-2,.1e-2,.1e-2,.1e-2,0.,0.,.1e-2,
.1e-2,.1e-2,.1e-2,0.,0.,0.,0.,0.,.1e-2,.1e-2,0.,0.,.1e-2,.1e-2,0.,0.,.1e-2,.1e-\
2,.1e-2,.1e-2,.1e-2,.1e-2,.1e-2,.1e-2,.1e-2,0.,.1e-2,.1e-2,.1e-2,.1e-2,0.,.1e-2
,.2e-2,.1e-2,.1e-2,0.,.1e-2,0.,.1e-2,0.,.2e-2,.1e-2,.1e-2,0.,0.,0.,.1e-2,.1e-2,
0.,0.,.1e-2,.1e-2,.1e-2,0.,.2e-2,.1e-2,.1e-2,.1e-2,.1e-2,0.,.1e-2,.2e-2,.1e-2,.\
1e-2,.1e-2,0.,.1e-2,.1e-2,.1e-2,.1e-2,.1e-2,.1e-2,.1e-2,0.,.1e-2,.1e-2,.1e-2,0.
,0.,.1e-2,0.,.1e-2,0.,.1e-2,.1e-2,.1e-2,.1e-2,.1e-2,.1e-2,0.,0.,.1e-2,.1e-2,.1e\
-2,.1e-2,.1e-2,.1e-2,.1e-2,.1e-2,.1e-2,.1e-2,.1e-2,.1e-2,.2e-2,.1e-2,.1e-2,.1e-\
2,.1e-2,.2e-2,.1e-2,.1e-2,.1e-2,0.,.1e-2,.1e-2,.2e-2,.2e-2,.1e-2,.1e-2,.1e-2,.1\
e-2,.1e-2,.1e-2,.1e-2,.1e-2,.2e-2,.1e-2,.1e-2,.1e-2,.1e-2,.1e-2,.1e-2,.1e-2,.2e\
-2,.2e-2,.1e-2,.2e-2,.1e-2,.1e-2,.1e-2,.1e-2,.1e-2,.1e-2,.1e-2,.2e-2,.1e-2,.1e-\
2,.1e-2,.1e-2,.1e-2,.2e-2,.1e-2,.1e-2,.1e-2,.1e-2,.2e-2,.1e-2,.1e-2,.2e-2,.1e-2
,.1e-2,.1e-2,0.,.1e-2,.2e-2,.1e-2,.1e-2,.1e-2,.1e-2,.1e-2,.1e-2,.1e-2,.1e-2,.2e\
-2,.1e-2,.1e-2,.1e-2,.1e-2,.1e-2,.1e-2,.2e-2,.2e-2,.2e-2,.1e-2,.1e-2,.1e-2,.1e-\
2,.1e-2,.1e-2,.1e-2,.1e-2,0.,.1e-2,.1e-2,.1e-2,.1e-2,.1e-2,.1e-2,.1e-2,.1e-2,0.
,.1e-2,.1e-2,.1e-2,.1e-2,.1e-2,0.,0.,0.,0.,.2e-2,.1e-2,.1e-2,0.,.1e-2,.1e-2,.1e\
-2,.1e-2,.2e-2,.1e-2,.1e-2,.1e-2,.1e-2,.1e-2,0.,.1e-2,.1e-2,.1e-2,.1e-2,0.,0.,.\
1e-2,0.,.1e-2,.1e-2,0.,0.,.1e-2,.1e-2,0.,.1e-2,.1e-2,.2e-2,.2e-2,0.,.1e-2,.1e-2
,.1e-2,.2e-2,.1e-2,.1e-2,.1e-2,0.,.1e-2,0.,0.,.1e-2,.1e-2,.1e-2,.1e-2,.1e-2,.1e\
-2,.1e-2,.2e-2,0.,.1e-2,.1e-2,.1e-2,.1e-2,.1e-2,.1e-2,.1e-2,0.,.1e-2,.1e-2,.1e-\
2,.1e-2,.1e-2,.1e-2,.1e-2,.1e-2,.1e-2,.1e-2,.1e-2,.1e-2,.1e-2,.1e-2,.1e-2,.1e-2
,0.,.1e-2,.1e-2,.1e-2,.1e-2,0.,.1e-2,.1e-2,.1e-2,.1e-2,.1e-2,.1e-2,.1e-2,.1e-2,
.1e-2,0.,.1e-2,.1e-2,.1e-2,.1e-2,.1e-2,.1e-2,0.,.1e-2,0.,.1e-2,.1e-2,.2e-2,.1e-\
2,.1e-2,.1e-2,.2e-2,.1e-2,.1e-2,.1e-2,0.,.1e-2,.1e-2,.1e-2,.1e-2,.1e-2,.1e-2,.1\
e-2,.1e-2,0.,.1e-2,.1e-2,0.,0.,.1e-2,.1e-2,.1e-2,0.,.1e-2,.1e-2,.1e-2,.1e-2,.1e\
-2,.1e-2,.1e-2,.1e-2,0.,.1e-2,.1e-2,.2e-2,0.,.1e-2,.1e-2,.2e-2,.1e-2,.2e-2,.1e-\
2,.2e-2,.1e-2,.1e-2,0.,.1e-2,.1e-2,0.,.1e-2,.1e-2,.1e-2,.1e-2,.1e-2,.1e-2,.1e-2
,.1e-2,.1e-2,.1e-2,0.,0.,.1e-2,.1e-2,.1e-2,.1e-2,0.,0.,.1e-2,.1e-2,.1e-2,.1e-2,
.1e-2,.1e-2,0.,.1e-2,.1e-2,.1e-2,.1e-2,.1e-2,.1e-2,.2e-2,.1e-2,.1e-2,.1e-2,.1e-\
2,.1e-2,.1e-2,.1e-2,.1e-2,.1e-2,.1e-2,.1e-2,.1e-2,.1e-2,.1e-2,.1e-2,.1e-2,.1e-2
,.1e-2,0.,.1e-2,.1e-2,.1e-2,.1e-2,.1e-2,.1e-2,.1e-2,.1e-2,.1e-2,.1e-2,0.,.1e-2,
.2e-2,.1e-2,.1e-2,.1e-2,.1e-2,.1e-2,.1e-2,.1e-2,.1e-2,.1e-2,0.,.1e-2,.1e-2,.1e-\
2,.1e-2,.1e-2,.1e-2,.1e-2,.1e-2,.2e-2,.1e-2,0.,.1e-2,.1e-2,.1e-2,.1e-2,.1e-2,.1\
e-2,0.,.1e-2,.2e-2,.1e-2,.1e-2,.1e-2,0.,.2e-2,.1e-2,.2e-2,.1e-2,.1e-2,0.,0.,.1e\
-2,.1e-2,.1e-2,.1e-2,.1e-2,0.,.1e-2,.1e-2,.1e-2,0.,0.,.1e-2,.1e-2,.2e-2,.1e-2,.\
1e-2,0.,0.,.1e-2,.1e-2,0.,.1e-2,0.,.1e-2,.1e-2,.1e-2,.1e-2,.2e-2,0.,.1e-2,.1e-2
,.1e-2,.1e-2,.1e-2,.1e-2,.1e-2,.2e-2,0.,.1e-2,0.,.1e-2,.1e-2,.1e-2,0.,.1e-2,.1e\
-2,.2e-2,.1e-2,.1e-2,.1e-2,0.,.2e-2,.1e-2,.1e-2,.1e-2,.1e-2,.1e-2,.1e-2,.1e-2,0\
.,0.,.3e-2,.2e-2,.1e-2,.1e-2,.1e-2,.1e-2,.1e-2,.1e-2,.1e-2,.1e-2,.1e-2,.1e-2,0.
,.1e-2,.2e-2,.1e-2,0.,0.,.1e-2,.1e-2,.1e-2,.1e-2,.1e-2,.2e-2,.1e-2,.1e-2,.1e-2,
.1e-2,.1e-2,0.,.2e-2,.1e-2,0.,.1e-2,0.,0.,.1e-2,.2e-2,.2e-2,.1e-2,.1e-2,.1e-2,.\
1e-2,.1e-2,.1e-2,.1e-2,.1e-2,.1e-2,.1e-2,.2e-2,0.,.1e-2,.1e-2,.1e-2,.1e-2,.1e-2
,.1e-2,.1e-2,.1e-2,.1e-2,0.,0.,.1e-2,.1e-2,.1e-2,.1e-2,.1e-2,0.,.1e-2,0.,.1e-2,
0.,0.,.1e-2,.1e-2,.1e-2,0.,.1e-2,.1e-2,.1e-2,.2e-2,.1e-2,.1e-2,.2e-2,.2e-2,.1e-\
2,.2e-2,.1e-2,.1e-2,.2e-2,.2e-2,.1e-2,.1e-2,.1e-2,.1e-2,.1e-2,.1e-2,.2e-2,.1e-2
,.1e-2,.1e-2,.1e-2,.1e-2,.1e-2,.1e-2,0.,.1e-2,.1e-2,.1e-2,.1e-2,.1e-2,.1e-2,.1e\
-2,.1e-2,.1e-2,.1e-2,.1e-2,.1e-2,.1e-2,.1e-2,.1e-2,.1e-2,.2e-2,.1e-2,.1e-2,.1e-\
2,.1e-2,.2e-2,.1e-2,.1e-2,.1e-2,.2e-2,.2e-2,.1e-2,.1e-2,.1e-2,.2e-2,.1e-2,.1e-2
,.1e-2,.1e-2,0.,.1e-2,.1e-2,.1e-2,.1e-2,.1e-2,.1e-2,0.,0.,.1e-2,.2e-2,.1e-2,.1e\
-2,.1e-2,.1e-2,0.,.1e-2,.1e-2,.1e-2,.1e-2,.1e-2,.1e-2,.1e-2,.1e-2,.2e-2,.1e-2,.\
2e-2,.1e-2,0.,.1e-2,.1e-2,.1e-2,.1e-2,.1e-2,.1e-2,0.,.1e-2,.1e-2,.1e-2,.2e-2,.1\
e-2,0.,.1e-2,.1e-2,.2e-2,.1e-2,.1e-2,.1e-2,.1e-2,0.,.1e-2,.1e-2,.1e-2,.1e-2,.1e\
-2,.1e-2,.1e-2,.1e-2,.1e-2,0.,0.,.1e-2,.2e-2,.1e-2,.2e-2,.1e-2,.1e-2,.1e-2,0.,0\
.,.1e-2,.1e-2,.1e-2,.1e-2,.1e-2,.1e-2,.1e-2,.1e-2,.1e-2,.1e-2,.1e-2,.1e-2,0.,.1\
e-2,.1e-2,.1e-2,0.,.2e-2,.1e-2,.1e-2,.1e-2,.1e-2,.1e-2,.1e-2,0.,0.,.1e-2,.1e-2,
.1e-2,.1e-2,0.,.1e-2,.1e-2,.1e-2,.2e-2,.1e-2,.1e-2,.1e-2,.1e-2,.1e-2,.1e-2,.1e-\
2,.1e-2,.1e-2,.1e-2,.1e-2,.2e-2,.2e-2,.1e-2,.1e-2,.1e-2,.1e-2,.1e-2,0.,.1e-2,0.
,.1e-2,.1e-2,.1e-2,.1e-2,.1e-2,0.,.2e-2,.1e-2,.1e-2,.1e-2,.1e-2,.1e-2,0.,.1e-2,
0.,.1e-2,0.,.1e-2,.1e-2,.1e-2,.1e-2,.1e-2,0.,.2e-2,0.,.2e-2,.1e-2,.1e-2,.1e-2,.\
2e-2,.1e-2,.2e-2,.1e-2,.1e-2,.1e-2,.1e-2,.1e-2,.1e-2,.1e-2,.1e-2,0.,0.,.1e-2,.1\
e-2,0.,0.,.1e-2,.1e-2,.1e-2,.1e-2,.1e-2,.1e-2,.1e-2,.1e-2,0.,.1e-2,.1e-2,.1e-2,
.1e-2,.1e-2,.1e-2,.1e-2,.1e-2,.2e-2,.1e-2,.1e-2,0.,.2e-2,.1e-2,.1e-2,0.,.1e-2,.\
1e-2,.1e-2,.1e-2,.1e-2,.1e-2,0.,0.,.1e-2,.1e-2,.1e-2,.1e-2,.1e-2,.1e-2,.1e-2,.2\
e-2,.1e-2,.1e-2,0.,.1e-2,.1e-2,.1e-2,.1e-2,0.,0.,.1e-2,.1e-2,.1e-2,.1e-2,.1e-2,
.1e-2,.1e-2,.1e-2,0.,.1e-2,.1e-2,.1e-2,.1e-2,.1e-2,0.,0.,.1e-2,.1e-2,0.,.1e-2,.\
1e-2,.1e-2,.1e-2,.1e-2,.1e-2,0.,0.,.1e-2,.1e-2,.1e-2,0.,.1e-2,.2e-2,.1e-2,.1e-2
,.1e-2,.1e-2,.1e-2,.1e-2,.1e-2,.1e-2,0.,.1e-2,.1e-2,.1e-2,.1e-2,.1e-2,0.,.1e-2,
.1e-2,.1e-2,.1e-2,.1e-2,0.,.2e-2,0.,.1e-2,0.,.1e-2,.2e-2,0.,.1e-2,.2e-2,.1e-2,0\
.,.1e-2,.1e-2,0.,0.,0.,.1e-2,.1e-2,.1e-2,.1e-2,.2e-2,0.,.2e-2,.1e-2,.1e-2,.1e-2
,.1e-2,0.,.1e-2,0.,.1e-2,.1e-2,0.,.1e-2,.1e-2,0.,.1e-2,0.,.1e-2,.1e-2,.1e-2,0.,
.1e-2,.1e-2,.2e-2,0.,0.,.1e-2,0.,.1e-2,.3e-2,.1e-2,.1e-2,.1e-2,.2e-2,.1e-2,.1e-\
2,.1e-2,.1e-2,0.,.1e-2,.1e-2,.1e-2,.1e-2,.1e-2,.1e-2,.1e-2,.1e-2,.1e-2,.1e-2,.1\
e-2,.1e-2,.2e-2,.1e-2,.1e-2,.1e-2,.1e-2,.1e-2,.1e-2,.1e-2,.1e-2,.1e-2,.1e-2,0.,
0.,.1e-2,.1e-2,.1e-2,.1e-2,.1e-2,.1e-2,.1e-2,.1e-2,.2e-2,.1e-2,.1e-2,0.,.1e-2,.\
1e-2,.1e-2,.1e-2,.1e-2,.1e-2,.2e-2,.1e-2,0.,.1e-2,.1e-2,.2e-2,.1e-2,.2e-2,.1e-2
,.1e-2,.1e-2,.1e-2,.1e-2,.1e-2,.3e-2,0.,.1e-2,.1e-2,.1e-2,.1e-2,.1e-2,.1e-2,.1e\
-2,.1e-2,.2e-2,.1e-2,.1e-2,.1e-2,.1e-2,.1e-2,.1e-2,0.,.1e-2,.1e-2,.1e-2,0.,.1e-\
2,.2e-2,.1e-2,.1e-2,.1e-2,.1e-2,.1e-2,.2e-2,.1e-2,.2e-2,.2e-2,.1e-2,.1e-2,.1e-2
,.1e-2,.1e-2,.2e-2,.1e-2,.1e-2,.1e-2,.1e-2,.1e-2,.1e-2,.1e-2,.1e-2,0.,.2e-2,.1e\
-2,.1e-2,.1e-2,.1e-2,.1e-2,.1e-2,0.,0.,.1e-2,.1e-2,.1e-2,.2e-2,.1e-2,.1e-2,.1e-\
2,.1e-2,.1e-2,.1e-2,.1e-2,.1e-2,.1e-2,.1e-2,0.,.1e-2,.1e-2,.1e-2,.1e-2,.1e-2,.1\
e-2,.1e-2,.1e-2,.1e-2,.1e-2,.1e-2,.1e-2,.1e-2,.1e-2,.1e-2,0.,.1e-2,0.,.3e-2,.1e\
-2,.1e-2,.1e-2,.1e-2,0.,.1e-2,.1e-2,.1e-2,.1e-2,.2e-2,.1e-2,.1e-2,.1e-2,.1e-2,.\
1e-2,.2e-2,.2e-2,.1e-2,.1e-2,.1e-2,.1e-2,.1e-2,.1e-2,.1e-2,.1e-2,.1e-2,.1e-2,0.
,.1e-2,.1e-2,.1e-2,0.,.1e-2,0.,.1e-2,.1e-2,.1e-2,.1e-2,.1e-2,.1e-2,.1e-2,0.,.1e\
-2,.2e-2,.1e-2,.1e-2,.1e-2,.1e-2,.1e-2,.2e-2,.1e-2,.1e-2,.1e-2,.1e-2,.1e-2,.1e-\
2,0.,.1e-2,.1e-2,.1e-2,.1e-2,.1e-2,.1e-2,.1e-2,0.,0.,.1e-2,0.,.1e-2,0.,0.,.1e-2
,.1e-2,0.,0.,.1e-2,0.,0.,0.,.1e-2,0.,0.,.1e-2,.1e-2,.1e-2,0.,.1e-2,0.,0.,.1e-2,
.1e-2,.1e-2,.2e-2,.1e-2,0.,.1e-2,.1e-2,.1e-2,.1e-2,0.,0.,.1e-2,.1e-2,0.,.1e-2,.\
1e-2,.1e-2,0.,.1e-2,.1e-2,.1e-2,.1e-2,.1e-2,0.,0.,.1e-2,.1e-2,.1e-2,.2e-2,.1e-2
,0.,.1e-2,.1e-2,.1e-2,.1e-2,.1e-2,.1e-2,0.,.1e-2,.1e-2,.1e-2,.1e-2,.1e-2,.1e-2,
.1e-2,0.,.1e-2,0.,.2e-2,0.,.1e-2,.1e-2,.1e-2,.1e-2,.1e-2,.1e-2,.1e-2,.1e-2,.2e-\
2,.1e-2,.1e-2,.1e-2,.1e-2,.1e-2,.1e-2,.1e-2,.1e-2,.1e-2,.1e-2,0.,.1e-2,.1e-2,.1\
e-2,.1e-2,.1e-2,.1e-2,.1e-2,.1e-2,.1e-2,.1e-2,.1e-2,0.,.1e-2,0.,.1e-2,.1e-2,.1e\
-2,.1e-2,.1e-2,.1e-2,.1e-2,.1e-2,.1e-2,.1e-2,.1e-2,.1e-2,.2e-2,.1e-2,.1e-2,.1e-\
2,.1e-2,.1e-2,.1e-2,0.,.1e-2,0.,.1e-2,0.,.1e-2,.1e-2,.2e-2,.1e-2,.1e-2,.1e-2,.1\
e-2,.1e-2,0.,.1e-2,.1e-2,.1e-2,.1e-2,.1e-2,.1e-2,.1e-2,.1e-2,.1e-2,.2e-2,.1e-2,
.1e-2,.1e-2,0.,.2e-2,.1e-2,.1e-2,.1e-2,.1e-2,0.],[.1e-2,.1e-2,0.,.1e-2,.1e-2,.1\
e-2,.1e-2,.1e-2,0.,.1e-2,.1e-2,.1e-2,.1e-2,.1e-2,.1e-2,.1e-2,.1e-2,.1e-2,.2e-2,
.1e-2,.1e-2,.1e-2,.1e-2,.1e-2,0.,.1e-2,.1e-2,.1e-2,.1e-2,0.,.1e-2,.1e-2,.1e-2,.\
1e-2,.1e-2,.1e-2,.1e-2,.1e-2,.1e-2,.1e-2,.1e-2,.1e-2,0.,.1e-2,.1e-2,.1e-2,.1e-2
,.1e-2,.1e-2,0.,.1e-2,.1e-2,0.,.1e-2,.1e-2,.1e-2,.1e-2,.1e-2,.1e-2,.1e-2,.1e-2,
0.,.1e-2,.1e-2,.1e-2,.1e-2,.1e-2,.1e-2,.1e-2,.1e-2,0.,.1e-2,0.,.1e-2,.1e-2,.1e-\
2,.1e-2,.1e-2,.1e-2,0.,.1e-2,.1e-2,.1e-2,.1e-2,.1e-2,.1e-2,.1e-2,.1e-2,0.,.1e-2
,0.,.1e-2,.1e-2,0.,.1e-2,.1e-2,.1e-2,0.,.1e-2,.1e-2,.1e-2,.1e-2,.1e-2,.1e-2,0.,
0.,0.,.1e-2,.1e-2,0.,.1e-2,.1e-2,.1e-2,0.,.1e-2,.1e-2,0.,.1e-2,.1e-2,.1e-2,.1e-\
2,.1e-2,.2e-2,.1e-2,0.,.1e-2,.1e-2,.1e-2,.1e-2,.1e-2,.1e-2,.1e-2,.1e-2,.1e-2,.1\
e-2,.1e-2,.1e-2,0.,.1e-2,.1e-2,.1e-2,.1e-2,.1e-2,.1e-2,0.,.2e-2,.1e-2,0.,.1e-2,
0.,.1e-2,.1e-2,.1e-2,.1e-2,.1e-2,.1e-2,.1e-2,.1e-2,.1e-2,0.,0.,0.,.1e-2,.1e-2,.\
1e-2,.1e-2,.1e-2,.1e-2,.1e-2,.1e-2,.2e-2,.1e-2,.1e-2,.1e-2,.1e-2,0.,.1e-2,.1e-2
,.2e-2,.1e-2,.1e-2,.1e-2,.1e-2,.1e-2,.1e-2,.1e-2,.1e-2,0.,.1e-2,.1e-2,.1e-2,.1e\
-2,.1e-2,.1e-2,.1e-2,.2e-2,.1e-2,.1e-2,.1e-2,.1e-2,.1e-2,0.,.1e-2,.1e-2,.1e-2,.\
1e-2,.1e-2,.1e-2,.2e-2,.1e-2,.1e-2,.1e-2,.1e-2,0.,.1e-2,.1e-2,.2e-2,.1e-2,.2e-2
,.1e-2,.1e-2,.1e-2,.1e-2,.1e-2,.1e-2,.1e-2,.1e-2,.1e-2,.2e-2,.1e-2,.1e-2,.1e-2,
.1e-2,.1e-2,.1e-2,.1e-2,.1e-2,.1e-2,.1e-2,.1e-2,.1e-2,.1e-2,.1e-2,.1e-2,.1e-2,.\
1e-2,0.,.1e-2,0.,0.,.1e-2,.1e-2,0.,.1e-2,.1e-2,.1e-2,.1e-2,.1e-2,.1e-2,.1e-2,.1\
e-2,.1e-2,0.,.2e-2,.1e-2,.1e-2,.1e-2,.1e-2,.1e-2,.1e-2,0.,.1e-2,.2e-2,.1e-2,.1e\
-2,0.,.1e-2,.1e-2,0.,.2e-2,.1e-2,.1e-2,.1e-2,.1e-2,.1e-2,.1e-2,.1e-2,.1e-2,.1e-\
2,0.,.1e-2,.1e-2,.1e-2,.1e-2,0.,0.,.1e-2,.1e-2,.1e-2,.1e-2,.1e-2,.1e-2,0.,0.,.1\
e-2,.1e-2,.1e-2,.1e-2,.1e-2,.2e-2,.1e-2,0.,.1e-2,0.,.1e-2,0.,.1e-2,.1e-2,.1e-2,
.1e-2,.1e-2,.1e-2,0.,.1e-2,.1e-2,.1e-2,.1e-2,.1e-2,.1e-2,.1e-2,.1e-2,.1e-2,.1e-\
2,.1e-2,.1e-2,.1e-2,.1e-2,.1e-2,.1e-2,0.,.1e-2,.2e-2,0.,0.,.1e-2,0.,0.,.1e-2,.1\
e-2,.1e-2,.1e-2,.1e-2,0.,.2e-2,.1e-2,.1e-2,.1e-2,.1e-2,.1e-2,.1e-2,0.,.1e-2,.1e\
-2,.1e-2,0.,0.,.1e-2,.1e-2,.1e-2,.2e-2,.1e-2,.1e-2,0.,.1e-2,.1e-2,.1e-2,.1e-2,.\
1e-2,0.,.1e-2,.1e-2,.1e-2,.1e-2,.2e-2,.1e-2,.1e-2,0.,.1e-2,0.,.1e-2,.1e-2,.1e-2
,.1e-2,.1e-2,.1e-2,.1e-2,.1e-2,.1e-2,.1e-2,.1e-2,.2e-2,.1e-2,.1e-2,.1e-2,.1e-2,
.1e-2,0.,.2e-2,.1e-2,.2e-2,.2e-2,.2e-2,.2e-2,.1e-2,.1e-2,.1e-2,.1e-2,.1e-2,.1e-\
2,.1e-2,.2e-2,.2e-2,.1e-2,.1e-2,.2e-2,.1e-2,.1e-2,.2e-2,.1e-2,.2e-2,.2e-2,.1e-2
,.1e-2,.1e-2,.1e-2,.1e-2,.1e-2,.1e-2,.1e-2,.2e-2,.1e-2,0.,.1e-2,.1e-2,.1e-2,.1e\
-2,.1e-2,.1e-2,.1e-2,.1e-2,.1e-2,.1e-2,.1e-2,.1e-2,.1e-2,.1e-2,.1e-2,.1e-2,.1e-\
2,.1e-2,.1e-2,.1e-2,.1e-2,.1e-2,0.,.1e-2,0.,.1e-2,.1e-2,.1e-2,.1e-2,.1e-2,0.,0.
,.1e-2,.1e-2,.1e-2,.1e-2,.1e-2,0.,.2e-2,.1e-2,.2e-2,.1e-2,.1e-2,0.,.1e-2,.1e-2,
.1e-2,.1e-2,0.,.1e-2,.1e-2,0.,.1e-2,.1e-2,.1e-2,.1e-2,.1e-2,.1e-2,.1e-2,.1e-2,.\
1e-2,.1e-2,.1e-2,.1e-2,.1e-2,.1e-2,.1e-2,0.,.1e-2,.2e-2,.1e-2,.2e-2,.2e-2,.1e-2
,.3e-2,.1e-2,.1e-2,.1e-2,.1e-2,0.,.1e-2,0.,.1e-2,0.,0.,.1e-2,.1e-2,.1e-2,.1e-2,
.1e-2,0.,.1e-2,.1e-2,.2e-2,.1e-2,.2e-2,.1e-2,.2e-2,.1e-2,.1e-2,0.,0.,.2e-2,.2e-\
2,.1e-2,.1e-2,.1e-2,.1e-2,.1e-2,.1e-2,.1e-2,.1e-2,.1e-2,.1e-2,.2e-2,.1e-2,.1e-2
,.1e-2,.1e-2,.2e-2,.1e-2,.1e-2,.1e-2,.2e-2,.1e-2,.1e-2,.2e-2,.1e-2,.1e-2,.2e-2,
.1e-2,.1e-2,0.,.1e-2,.1e-2,.1e-2,.2e-2,.2e-2,.1e-2,.1e-2,0.,.1e-2,.1e-2,.2e-2,.\
1e-2,0.,.1e-2,.2e-2,.1e-2,.2e-2,.1e-2,.2e-2,.1e-2,.1e-2,.1e-2,.2e-2,.2e-2,.1e-2
,.1e-2,.1e-2,.2e-2,.1e-2,.1e-2,.1e-2,.1e-2,.1e-2,.2e-2,.1e-2,.1e-2,.1e-2,.1e-2,
.1e-2,.1e-2,.2e-2,0.,0.,.1e-2,.1e-2,0.,.1e-2,.1e-2,.1e-2,.1e-2,.1e-2,.1e-2,.1e-\
2,.1e-2,0.,.1e-2,.1e-2,.1e-2,0.,0.,.1e-2,.1e-2,.2e-2,.1e-2,.1e-2,.1e-2,.1e-2,.1\
e-2,.1e-2,.1e-2,0.,0.,.1e-2,.1e-2,.1e-2,.1e-2,.1e-2,.2e-2,.1e-2,0.,.1e-2,.1e-2,
0.,.1e-2,.2e-2,.1e-2,.1e-2,0.,.1e-2,.1e-2,.1e-2,.1e-2,.1e-2,.1e-2,.1e-2,0.,.1e-\
2,.1e-2,.1e-2,.1e-2,.1e-2,0.,.1e-2,.1e-2,.1e-2,.1e-2,.1e-2,.1e-2,.1e-2,.1e-2,0.
,.1e-2,.1e-2,0.,.1e-2,.1e-2,.1e-2,.1e-2,.1e-2,.1e-2,.1e-2,.1e-2,.1e-2,.1e-2,0.,
0.,.1e-2,.1e-2,.1e-2,.1e-2,.1e-2,0.,.1e-2,.1e-2,.1e-2,.1e-2,.1e-2,.1e-2,.2e-2,.\
1e-2,.1e-2,.1e-2,.1e-2,0.,0.,.1e-2,.1e-2,.1e-2,.1e-2,.1e-2,0.,.1e-2,.1e-2,.1e-2
,.1e-2,.1e-2,0.,.1e-2,.1e-2,.1e-2,.1e-2,.1e-2,.1e-2,.1e-2,0.,.1e-2,.1e-2,.1e-2,
.1e-2,.1e-2,.1e-2,.1e-2,.1e-2,.1e-2,.1e-2,.1e-2,.1e-2,.1e-2,.1e-2,.1e-2,.1e-2,.\
1e-2,.2e-2,0.,.1e-2,.1e-2,.2e-2,.2e-2,.2e-2,.2e-2,.1e-2,.1e-2,.1e-2,.1e-2,.1e-2
,0.,.1e-2,.1e-2,0.,.1e-2,.1e-2,.1e-2,.1e-2,0.,.1e-2,.1e-2,.1e-2,.2e-2,.1e-2,.1e\
-2,.1e-2,.1e-2,0.,.1e-2,0.,0.,.1e-2,.1e-2,.1e-2,.1e-2,.1e-2,.1e-2,.1e-2,.1e-2,.\
1e-2,0.,.1e-2,.1e-2,.2e-2,.1e-2,0.,.1e-2,.1e-2,0.,0.,.1e-2,0.,.1e-2,.1e-2,.1e-2
,.1e-2,.1e-2,.1e-2,0.,.1e-2,.1e-2,.1e-2,.2e-2,0.,0.,.1e-2,0.,.1e-2,.1e-2,.1e-2,
0.,.1e-2,.1e-2,.1e-2,.1e-2,.1e-2,.2e-2,.1e-2,.1e-2,.1e-2,.1e-2,.1e-2,.1e-2,.1e-\
2,.1e-2,0.,.1e-2,0.,.1e-2,.1e-2,.2e-2,.1e-2,.1e-2,.1e-2,.1e-2,.1e-2,.1e-2,0.,.1\
e-2,.1e-2,.1e-2,.1e-2,0.,.2e-2,.1e-2,.1e-2,0.,.1e-2,.2e-2,.1e-2,.1e-2,.1e-2,.1e\
-2,0.,.1e-2,.1e-2,.2e-2,.1e-2,0.,0.,.1e-2,.1e-2,.2e-2,.1e-2,.1e-2,.1e-2,.1e-2,.\
1e-2,.1e-2,.1e-2,.2e-2,.1e-2,.1e-2,.1e-2,.1e-2,0.,0.,.1e-2,.1e-2,.1e-2,.1e-2,.1\
e-2,.1e-2,.1e-2,.1e-2,.1e-2,.1e-2,0.,.1e-2,.1e-2,.1e-2,0.,.85e-1,.1e-2,.1e-2,.1\
e-2,.1e-2,0.,.1e-2,.1e-2,.1e-2,0.,.1e-2,.1e-2,0.,.1e-2,.1e-2,.1e-2,.1e-2,.2e-2,
.2e-2,0.,0.,.1e-2,.1e-2,.1e-2,.1e-2,.1e-2,.1e-2,.1e-2,0.,.1e-2,0.,.1e-2,.1e-2,0\
.,.1e-2,0.,.1e-2,.1e-2,.1e-2,.1e-2,.1e-2,.1e-2,0.,.1e-2,.1e-2,.1e-2,.1e-2,.1e-2
,.1e-2,.1e-2,.1e-2,0.,.1e-2,.1e-2,.1e-2,0.,.1e-2,.1e-2,.1e-2,.1e-2,.1e-2,.1e-2,
.1e-2,0.,0.,.1e-2,.1e-2,0.,.1e-2,.1e-2,.1e-2,.1e-2,0.,.1e-2,.1e-2,.1e-2,0.,.1e-\
2,.1e-2,.1e-2,.1e-2,.1e-2,.1e-2,0.,.1e-2,.1e-2,.1e-2,.1e-2,.1e-2,.1e-2,.1e-2,.1\
e-2,.1e-2,.1e-2,.1e-2,.1e-2,.2e-2,.1e-2,.1e-2,.1e-2,.1e-2,.1e-2,0.,.2e-2,.1e-2,
0.,.1e-2,.1e-2,.1e-2,.1e-2,.1e-2,.2e-2,.1e-2,.1e-2,.1e-2,.1e-2,.1e-2,.1e-2,.1e-\
2,0.,.1e-2,.1e-2,.1e-2,.1e-2,.1e-2,.1e-2,.1e-2,.1e-2,.1e-2,.1e-2,.3e-2,0.,.1e-2
,.2e-2,.2e-2,.1e-2,.1e-2,.1e-2,.2e-2,.1e-2,.1e-2,.2e-2,.1e-2,.1e-2,.1e-2,.1e-2,
0.,.1e-2,.1e-2,.1e-2,0.,.1e-2,.1e-2,.1e-2,.1e-2,.1e-2,.1e-2,0.,.1e-2,0.,.1e-2,.\
1e-2,.1e-2,.1e-2,.1e-2,0.,.1e-2,.1e-2,0.,.2e-2,.1e-2,.1e-2,.1e-2,.2e-2,.1e-2,.1\
e-2,.1e-2,.1e-2,.1e-2,.1e-2,.1e-2,.1e-2,.1e-2,.1e-2,.1e-2,.1e-2,.1e-2,0.,.2e-2,
.1e-2,0.,.1e-2,.1e-2,0.,.1e-2,0.,.1e-2,.1e-2,.1e-2,.1e-2,.2e-2,.1e-2,.1e-2,.1e-\
2,.2e-2,.1e-2,.1e-2,.2e-2,.1e-2,.1e-2,.1e-2,.1e-2,.1e-2,.1e-2,0.,.1e-2,.1e-2,.1\
e-2,.1e-2,.1e-2,.1e-2,.1e-2,.1e-2,.1e-2,.1e-2,.1e-2,.1e-2,.2e-2,.1e-2,.1e-2,.1e\
-2,.1e-2,.2e-2,.2e-2,.1e-2,.1e-2,.2e-2,0.,.1e-2,.1e-2,.2e-2,.1e-2,.1e-2,.1e-2,.\
2e-2,.1e-2,.1e-2,.2e-2,.1e-2,.1e-2,0.,.2e-2,.1e-2,.1e-2,.1e-2,.1e-2,.1e-2,.1e-2
,.1e-2,.1e-2,.1e-2,.1e-2,.3e-2,.2e-2,.1e-2,.1e-2,0.,.2e-2,.1e-2,.1e-2,.2e-2,.1e\
-2,.2e-2,.1e-2,.1e-2,.1e-2,.1e-2,.1e-2,.1e-2,.1e-2,0.,.1e-2,0.,0.,.1e-2,.1e-2,.\
1e-2,0.,.1e-2,.1e-2,.1e-2,.1e-2,.1e-2,0.,.1e-2,.1e-2,.2e-2,.2e-2,.2e-2,.2e-2,.1\
e-2,.2e-2,.1e-2,.1e-2,.1e-2,.1e-2,.1e-2,.1e-2,.1e-2,.1e-2,.1e-2,.2e-2,.1e-2,.1e\
-2,.1e-2,.1e-2,.1e-2,.1e-2,0.,.2e-2,.1e-2,.1e-2,.3e-2,.1e-2,.1e-2,.1e-2,0.,.1e-\
2,.1e-2,.1e-2,.1e-2,.1e-2,.1e-2,.1e-2,.1e-2,.1e-2,.1e-2,.1e-2,.1e-2,.1e-2,.1e-2
,.1e-2,.1e-2,.1e-2,.1e-2,.1e-2,.1e-2,.1e-2,.1e-2,0.,.1e-2,.1e-2,.1e-2,.2e-2,.1e\
-2,.1e-2,.1e-2,.1e-2,0.,.1e-2,.1e-2,.1e-2,.1e-2,.1e-2,.1e-2,.1e-2,.1e-2,0.,0.,0\
.,.1e-2,0.,0.,0.,.1e-2,.1e-2,.1e-2,.1e-2,.1e-2,.1e-2,.2e-2,.1e-2,.1e-2,.1e-2,0.
,.1e-2,.2e-2,.1e-2,.1e-2,.1e-2,.1e-2,.1e-2,.1e-2,.1e-2,.1e-2,.1e-2,.1e-2,.2e-2,
.1e-2,0.,.1e-2,.1e-2,.1e-2,.1e-2,.1e-2,0.,.1e-2,0.,.1e-2,.2e-2,.1e-2,.1e-2,.1e-\
2,0.,.1e-2,.1e-2,.1e-2,.1e-2,0.,.1e-2,0.,.1e-2,.1e-2,.1e-2,.1e-2,.1e-2,.1e-2,0.
,.1e-2,.1e-2,.1e-2,.1e-2,.1e-2,.1e-2,.1e-2,.1e-2,.1e-2,0.,.1e-2,0.,0.,.1e-2,.1e\
-2,.1e-2,.1e-2,.1e-2,.1e-2,.1e-2,.1e-2,.1e-2,.1e-2,.1e-2,0.,.1e-2,.1e-2,.1e-2,.\
1e-2,.1e-2,.1e-2,0.,0.,.1e-2,.1e-2,.2e-2,.1e-2,0.,0.,.1e-2,.1e-2,0.,.1e-2,.1e-2
,.1e-2,.1e-2,.1e-2,.1e-2,.1e-2,.1e-2,.2e-2,0.,0.,.1e-2,.1e-2,.1e-2,.1e-2,.1e-2,
.1e-2,.1e-2,.2e-2,.1e-2,.1e-2,.1e-2,.1e-2,0.,.1e-2,.1e-2,.2e-2,.1e-2,.1e-2,0.,.\
1e-2,.1e-2,0.,.2e-2,.1e-2,0.,.1e-2,.1e-2,.1e-2,0.,.2e-2,.1e-2,.1e-2,.2e-2,.1e-2
,0.,.1e-2,0.,.1e-2,.1e-2,0.,.1e-2,.1e-2,.1e-2,.1e-2,.2e-2,.1e-2,.1e-2,.1e-2,.2e\
-2,0.,.2e-2,.2e-2,.1e-2,0.,.1e-2,.1e-2,0.,.1e-2,.1e-2,.1e-2,.2e-2,.1e-2,.1e-2,.\
1e-2,.1e-2,.1e-2,.1e-2,.1e-2,.1e-2,.2e-2,0.,.1e-2,.1e-2,.2e-2,.2e-2,.1e-2,.1e-2
,.1e-2,.1e-2,.1e-2,.1e-2,.1e-2,.1e-2,.2e-2,.1e-2,.1e-2,.1e-2,.1e-2,.2e-2,.1e-2,
.1e-2,.1e-2,.1e-2,.2e-2,0.,.1e-2,.1e-2,.2e-2,.2e-2,.1e-2,.1e-2,.1e-2,.1e-2,.1e-\
2,.1e-2,.1e-2,.1e-2,.2e-2],[.1e-2,.2e-2,.2e-2,.1e-2,.1e-2,.1e-2,.1e-2,.1e-2,.1e\
-2,.2e-2,.1e-2,.1e-2,.1e-2,.1e-2,.1e-2,.1e-2,.1e-2,.1e-2,.1e-2,.2e-2,.2e-2,.1e-\
2,.1e-2,.1e-2,.1e-2,.1e-2,.1e-2,.1e-2,.2e-2,.1e-2,.1e-2,.2e-2,.2e-2,.1e-2,.1e-2
,.1e-2,.2e-2,.1e-2,.1e-2,.1e-2,.1e-2,.1e-2,.1e-2,.1e-2,.2e-2,.2e-2,.1e-2,.1e-2,
.1e-2,.1e-2,.2e-2,.1e-2,.1e-2,.1e-2,.1e-2,.1e-2,.1e-2,.1e-2,.1e-2,.1e-2,.1e-2,.\
2e-2,.1e-2,.1e-2,.1e-2,.1e-2,.1e-2,.1e-2,.1e-2,.1e-2,.2e-2,.1e-2,.1e-2,.1e-2,.1\
e-2,.2e-2,.2e-2,.2e-2,.1e-2,.1e-2,.1e-2,.2e-2,.1e-2,.2e-2,.1e-2,.1e-2,.1e-2,.2e\
-2,.1e-2,.1e-2,.1e-2,.1e-2,.1e-2,.1e-2,.1e-2,.1e-2,.1e-2,.1e-2,.2e-2,.1e-2,.1e-\
2,.1e-2,.2e-2,.1e-2,.1e-2,.1e-2,.2e-2,.1e-2,.1e-2,.1e-2,.1e-2,.2e-2,.1e-2,.1e-2
,.2e-2,.1e-2,.1e-2,.1e-2,.1e-2,.1e-2,.1e-2,.2e-2,.1e-2,.2e-2,.1e-2,.1e-2,.1e-2,
.1e-2,.1e-2,.1e-2,.1e-2,.1e-2,.2e-2,.1e-2,.1e-2,.1e-2,.1e-2,.1e-2,.2e-2,.2e-2,.\
1e-2,.1e-2,.1e-2,.1e-2,.2e-2,.1e-2,.1e-2,.1e-2,.1e-2,.2e-2,.109,.2e-2,.1e-2,.2e\
-2,.1e-2,.1e-2,.1e-2,.1e-2,.1e-2,.1e-2,.2e-2,.1e-2,.1e-2,.1e-2,.1e-2,.1e-2,.1e-\
2,.2e-2,.2e-2,.1e-2,.2e-2,.2e-2,.1e-2,.1e-2,.1e-2,.1e-2,.1e-2,.2e-2,.1e-2,.2e-2
,.1e-2,.2e-2,.1e-2,.1e-2,.2e-2,.1e-2,.1e-2,.2e-2,.2e-2,.2e-2,.1e-2,.1e-2,.1e-2,
.1e-2,.1e-2,.1e-2,.1e-2,.1e-2,.2e-2,.2e-2,.2e-2,.2e-2,.1e-2,.1e-2,.1e-2,.1e-2,.\
1e-2,.1e-2,.1e-2,.2e-2,.1e-2,.2e-2,.2e-2,.1e-2,.1e-2,.1e-2,.2e-2,.1e-2,.2e-2,.2\
e-2,.2e-2,.3e-2,.2e-2,.2e-2,.1e-2,.2e-2,.2e-2,.1e-2,.1e-2,.3e-2,.3e-2,.2e-2,.1e\
-2,.1e-2,.2e-2,.1e-2,.2e-2,.1e-2,.2e-2,.1e-2,.1e-2,.1e-2,.2e-2,.2e-2,.1e-2,.1e-\
2,.2e-2,.1e-2,.1e-2,.2e-2,.1e-2,.1e-2,.1e-2,.1e-2,.1e-2,.2e-2,.2e-2,.1e-2,.2e-2
,.2e-2,.1e-2,.2e-2,.1e-2,.3e-2,.2e-2,.2e-2,.2e-2,.2e-2,.2e-2,.3e-2,.1e-2,.1e-2,
.1e-2,.1e-2,.1e-2,.2e-2,.2e-2,.2e-2,.2e-2,.2e-2,.2e-2,.1e-2,.2e-2,.2e-2,.3e-2,.\
2e-2,.1e-2,.3e-2,.4e-2,.2e-2,.2e-2,.1e-2,.2e-2,.2e-2,.1e-2,.1e-2,.1e-2,.1e-2,.1\
e-2,.1e-2,.2e-2,.2e-2,.1e-2,.1e-2,.2e-2,.1e-2,.1e-2,.1e-2,.2e-2,.1e-2,.2e-2,.1e\
-2,.1e-2,.2e-2,.3e-2,.1e-2,.1e-2,.2e-2,.1e-2,.1e-2,.1e-2,.1e-2,.1e-2,.2e-2,.1e-\
2,.1e-2,.2e-2,.1e-2,.1e-2,.1e-2,.1e-2,.2e-2,.1e-2,.1e-2,.1e-2,.1e-2,.2e-2,.1e-2
,.2e-2,.1e-2,.2e-2,.2e-2,.2e-2,.2e-2,.1e-2,.1e-2,.1e-2,.1e-2,.1e-2,.1e-2,.2e-2,
.2e-2,.2e-2,.1e-2,.2e-2,.1e-2,.1e-2,.1e-2,.1e-2,.1e-2,.1e-2,.1e-2,.2e-2,.2e-2,.\
2e-2,.2e-2,.1e-2,.1e-2,.1e-2,.1e-2,.2e-2,.1e-2,.1e-2,.1e-2,.1e-2,.1e-2,.1e-2,.1\
e-2,.2e-2,.1e-2,.1e-2,.2e-2,.1e-2,.1e-2,.1e-2,.2e-2,.1e-2,.1e-2,.2e-2,.1e-2,.1e\
-2,.1e-2,.1e-2,.2e-2,.1e-2,.1e-2,.1e-2,.2e-2,.2e-2,.1e-2,.1e-2,.1e-2,.1e-2,.1e-\
2,.2e-2,.2e-2,.1e-2,.1e-2,.1e-2,.1e-2,.2e-2,.1e-2,.2e-2,.1e-2,.1e-2,.1e-2,.1e-2
,.1e-2,.1e-2,.2e-2,.1e-2,.1e-2,.1e-2,.2e-2,.1e-2,.2e-2,.2e-2,.1e-2,.1e-2,.1e-2,
.1e-2,.2e-2,.1e-2,.1e-2,.1e-2,.1e-2,.2e-2,.1e-2,.1e-2,.2e-2,.1e-2,.2e-2,.2e-2,.\
2e-2,.1e-2,.1e-2,.1e-2,.2e-2,.2e-2,.1e-2,.1e-2,.1e-2,.2e-2,.2e-2,.1e-2,.1e-2,.1\
e-2,.1e-2,.2e-2,.1e-2,.1e-2,.1e-2,.1e-2,.1e-2,.2e-2,.1e-2,.1e-2,.2e-2,.2e-2,.2e\
-2,.1e-2,.1e-2,.1e-2,.1e-2,.1e-2,.1e-2,.1e-2,.1e-2,.2e-2,.1e-2,.1e-2,.2e-2,.1e-\
2,.1e-2,.2e-2,.1e-2,.1e-2,.2e-2,.1e-2,.2e-2,.2e-2,.1e-2,.1e-2,.1e-2,.2e-2,.1e-2
,.1e-2,.2e-2,.1e-2,.2e-2,.1e-2,.1e-2,.1e-2,.1e-2,.1e-2,.1e-2,.2e-2,.1e-2,.1e-2,
.2e-2,.1e-2,.1e-2,.1e-2,.1e-2,.1e-2,.2e-2,.2e-2,.1e-2,.1e-2,.1e-2,.1e-2,.1e-2,.\
1e-2,.1e-2,.1e-2,.1e-2,.1e-2,.2e-2,.1e-2,.1e-2,.1e-2,.2e-2,.1e-2,.2e-2,.1e-2,.1\
e-2,.2e-2,.1e-2,.1e-2,.1e-2,.1e-2,.1e-2,.1e-2,.2e-2,.1e-2,.2e-2,.1e-2,.2e-2,.2e\
-2,.1e-2,.2e-2,.1e-2,.2e-2,.1e-2,.1e-2,.1e-2,.2e-2,.2e-2,.1e-2,.1e-2,.1e-2,.2e-\
2,.2e-2,.1e-2,.1e-2,.2e-2,.2e-2,.2e-2,.1e-2,.2e-2,.1e-2,.1e-2,.2e-2,.1e-2,.1e-2
,.1e-2,.2e-2,.1e-2,.1e-2,.1e-2,.2e-2,.1e-2,.1e-2,.1e-2,.2e-2,.1e-2,.1e-2,.3e-2,
.2e-2,.2e-2,.1e-2,.1e-2,.1e-2,.1e-2,.1e-2,.2e-2,.1e-2,.2e-2,.1e-2,.1e-2,.1e-2,.\
2e-2,.1e-2,.1e-2,.1e-2,.2e-2,.1e-2,.2e-2,.2e-2,.1e-2,.1e-2,.1e-2,.2e-2,.1e-2,.2\
e-2,.1e-2,.1e-2,.1e-2,.1e-2,.1e-2,.1e-2,.2e-2,.2e-2,.2e-2,.2e-2,.2e-2,.1e-2,.1e\
-2,.2e-2,.1e-2,.2e-2,.1e-2,.1e-2,.2e-2,.1e-2,.1e-2,.1e-2,.2e-2,.2e-2,.2e-2,.1e-\
2,.1e-2,.2e-2,.1e-2,.2e-2,.1e-2,.1e-2,.2e-2,.1e-2,.1e-2,.1e-2,.1e-2,.1e-2,.1e-2
,.1e-2,.1e-2,.2e-2,.1e-2,.1e-2,.1e-2,.2e-2,.1e-2,.2e-2,.2e-2,.2e-2,.1e-2,.1e-2,
.1e-2,.2e-2,.2e-2,.1e-2,.2e-2,.1e-2,.2e-2,.2e-2,.1e-2,.2e-2,.2e-2,.2e-2,.1e-2,.\
2e-2,.1e-2,.2e-2,.2e-2,.2e-2,.1e-2,.1e-2,.2e-2,.1e-2,.2e-2,.1e-2,.1e-2,.1e-2,.1\
e-2,.1e-2,.2e-2,.1e-2,.2e-2,.1e-2,.1e-2,.1e-2,.1e-2,.2e-2,.1e-2,.1e-2,.1e-2,.1e\
-2,.1e-2,.2e-2,.2e-2,.2e-2,.1e-2,.1e-2,.1e-2,.1e-2,.1e-2,.1e-2,.1e-2,.2e-2,.2e-\
2,.1e-2,.2e-2,.1e-2,.1e-2,.2e-2,.2e-2,.1e-2,.1e-2,.1e-2,.1e-2,.1e-2,.1e-2,.2e-2
,.2e-2,.1e-2,.1e-2,.2e-2,.1e-2,.2e-2,.1e-2,.2e-2,.2e-2,.2e-2,.1e-2,.3e-2,.3e-2,
.2e-2,.2e-2,.1e-2,.2e-2,.2e-2,.1e-2,.1e-2,.1e-2,.1e-2,.2e-2,.2e-2,.2e-2,.1e-2,.\
2e-2,.1e-2,.1e-2,.4e-2,.1e-2,.1e-2,.2e-2,.2e-2,.2e-2,.2e-2,.1e-2,.1e-2,.1e-2,.1\
e-2,.1e-2,.2e-2,.2e-2,.1e-2,.1e-2,.2e-2,.1e-2,.2e-2,.2e-2,.1e-2,.2e-2,.2e-2,.1e\
-2,.2e-2,.2e-2,.1e-2,.2e-2,.1e-2,.1e-2,.2e-2,.1e-2,.1e-2,.1e-2,.1e-2,.2e-2,.1e-\
2,.1e-2,.1e-2,.1e-2,.2e-2,.2e-2,.2e-2,.2e-2,.1e-2,.1e-2,.1e-2,.1e-2,.1e-2,.1e-2
,.1e-2,.1e-2,.2e-2,.2e-2,.1e-2,.2e-2,.2e-2,.1e-2,.1e-2,.1e-2,.2e-2,.2e-2,.1e-2,
.1e-2,.2e-2,.1e-2,.1e-2,.1e-2,.1e-2,.2e-2,.1e-2,.2e-2,.2e-2,.2e-2,.1e-2,.2e-2,.\
1e-2,.2e-2,.1e-2,.2e-2,.3e-2,.1e-2,.1e-2,.2e-2,.1e-2,.1e-2,.1e-2,.2e-2,.1e-2,.1\
e-2,.2e-2,.2e-2,.1e-2,.1e-2,.121,.1e-2,.1e-2,.1e-2,.1e-2,.1e-2,.2e-2,.2e-2,.1e-\
2,.2e-2,.1e-2,.1e-2,.1e-2,.2e-2,.1e-2,.2e-2,.2e-2,.2e-2,.2e-2,.1e-2,.2e-2,.1e-2
,.1e-2,.1e-2,.2e-2,.1e-2,.2e-2,.1e-2,.1e-2,.1e-2,.1e-2,.1e-2,.1e-2,.2e-2,.1e-2,
.1e-2,.1e-2,.1e-2,.1e-2,.2e-2,.1e-2,.1e-2,.1e-2,.2e-2,.1e-2,.1e-2,.1e-2,.1e-2,.\
1e-2,.1e-2,.2e-2,.2e-2,.1e-2,.1e-2,.2e-2,.3e-2,.3e-2,.2e-2,.2e-2,.2e-2,.2e-2,.2\
e-2,.2e-2,.1e-2,.1e-2,.1e-2,.1e-2,.1e-2,.2e-2,.2e-2,.2e-2,.1e-2,.2e-2,.1e-2,.1e\
-2,.2e-2,.1e-2,.1e-2,.1e-2,.2e-2,.1e-2,.2e-2,.2e-2,.1e-2,.2e-2,.2e-2,.2e-2,.1e-\
2,.2e-2,.1e-2,.2e-2,.2e-2,.1e-2,.2e-2,.1e-2,.1e-2,.2e-2,.2e-2,.1e-2,.1e-2,.2e-2
,.1e-2,.1e-2,.1e-2,.1e-2,.1e-2,.2e-2,.2e-2,.1e-2,.1e-2,.2e-2,.1e-2,.1e-2,.1e-2,
.1e-2,.1e-2,.1e-2,.1e-2,.1e-2,.1e-2,.1e-2,.2e-2,.1e-2,.2e-2,.2e-2,.2e-2,.3e-2,.\
1e-2,.2e-2,.3e-2,.2e-2,.1e-2,.2e-2,.2e-2,.2e-2,.1e-2,.1e-2,.1e-2,.2e-2,.2e-2,.1\
e-2,.2e-2,.2e-2,.1e-2,.1e-2,.2e-2,.1e-2,.2e-2,.2e-2,.2e-2,.2e-2,.1e-2,.1e-2,.1e\
-2,.1e-2,.1e-2,.2e-2,.2e-2,.1e-2,.1e-2,.1e-2,.2e-2,.1e-2,.1e-2,.1e-2,.1e-2,.1e-\
2,.1e-2,.2e-2,.1e-2,.2e-2,.2e-2,.2e-2,.1e-2,.1e-2,.1e-2,.1e-2,.1e-2,.2e-2,.1e-2
,.1e-2,.2e-2,.1e-2,.2e-2,.1e-2,.2e-2,.1e-2,.1e-2,.1e-2,.2e-2,.2e-2,.2e-2,.1e-2,
.1e-2,.1e-2,.1e-2,.2e-2,.2e-2,.2e-2,.1e-2,.1e-2,.1e-2,.1e-2,.2e-2,.1e-2,.2e-2,.\
1e-2,.1e-2,.1e-2,.2e-2,.1e-2,.1e-2,.1e-2,.1e-2,.2e-2,.1e-2,.2e-2,.1e-2,.2e-2,.1\
e-2,.2e-2,.2e-2,.1e-2,.1e-2,.2e-2,.1e-2,.2e-2,.1e-2,.1e-2,.1e-2,.2e-2,.1e-2,.1e\
-2,.1e-2,.1e-2,.1e-2,.2e-2,.2e-2,.127,.1e-2,.1e-2,.1e-2,.1e-2,.2e-2,.2e-2,.1e-2
,.2e-2,.1e-2,.2e-2,.1e-2,.1e-2,.1e-2,.1e-2,.1e-2,.1e-2,.1e-2,.2e-2,.1e-2,.2e-2,
.116,.1e-2,.1e-2,.2e-2,.1e-2,.2e-2,.2e-2,.1e-2,.1e-2,.2e-2,.1e-2,.1e-2,.2e-2,.1\
e-2,.1e-2,.2e-2,.1e-2,.2e-2,.1e-2,.2e-2,.1e-2,.1e-2,.1e-2,.2e-2,.1e-2,.1e-2,.1e\
-2,.1e-2,.3e-2,.1e-2,.1e-2,.2e-2,.1e-2,.2e-2,.1e-2,.1e-2,.1e-2,.2e-2,.1e-2,.1e-\
2,.2e-2,.122,.1e-2,.2e-2,.1e-2,.2e-2,.2e-2,.1e-2,.2e-2,.2e-2,.1e-2,.2e-2,.2e-2,
.2e-2,.1e-2,.1e-2,.2e-2,.1e-2,.2e-2,.1e-2,.2e-2,.114,.1e-2,.2e-2,.2e-2,.1e-2,.1\
e-2,.2e-2,.1e-2,.1e-2,.1e-2,.1e-2,.1e-2,.2e-2,.1e-2,.1e-2,.1e-2,.2e-2,.2e-2,.1e\
-2,.2e-2,.2e-2,.1e-2,.1e-2,.2e-2,.2e-2,.1e-2,.2e-2,.2e-2,.2e-2,.2e-2,.2e-2,.2e-\
2,.2e-2,.2e-2,.2e-2,.2e-2,.2e-2,.1e-2,.1e-2,.3e-2,.2e-2,.1e-2,.1e-2,.2e-2,.2e-2
,.1e-2,.2e-2,.2e-2,.2e-2,.2e-2,.1e-2,.1e-2,.1e-2,.1e-2,.2e-2,.2e-2,.1e-2,.2e-2,
.10e-1,.1e-2,.2e-2,.2e-2,.1e-2,.2e-2,.1e-2,.2e-2,.1e-2,.2e-2,.2e-2,.2e-2,.2e-2,
.1e-2,.1e-2,.1e-2,.2e-2,.2e-2,.1e-2,.2e-2,.2e-2,.1e-2,.1e-2,.1e-2,.2e-2,.2e-2,.\
1e-2,.1e-2,.1e-2,.2e-2,.2e-2,.1e-2,.2e-2,.1e-2,.1e-2,.1e-2,.1e-2,.1e-2,.2e-2,.2\
e-2,.1e-2,.1e-2,.1e-2,.2e-2,.3e-2,.2e-2,.1e-2,.3e-2,.2e-2,.2e-2,.1e-2,.1e-2,.1e\
-2,.1e-2,.2e-2,.1e-2,.1e-2,.2e-2,.2e-2,.1e-2,.2e-2,.2e-2,.3e-2,.1e-2,.1e-2,.1e-\
2,.1e-2,.1e-2,.2e-2,.1e-2,.2e-2,.1e-2,.1e-2,.2e-2,.1e-2,.1e-2,.1e-2,.1e-2,.1e-2
,.1e-2,.1e-2,.2e-2,.2e-2,.1e-2,.1e-2,.1e-2,.2e-2,.1e-2,.2e-2,.2e-2,.1e-2,.2e-2,
.1e-2,.1e-2,.2e-2,.1e-2,.2e-2,.1e-2,.2e-2,.1e-2,.2e-2,.1e-2,.2e-2,.1e-2,.1e-2,.\
2e-2,.1e-2,.2e-2,.2e-2,.2e-2,.1e-2,.1e-2,.1e-2,.1e-2,.2e-2,.1e-2,.1e-2,.1e-2,.1\
e-2,.1e-2,.2e-2,.1e-2,.1e-2,.2e-2,.1e-2,.2e-2,.1e-2,.1e-2,.1e-2,.1e-2,.2e-2,.2e\
-2,.2e-2,.1e-2,.1e-2,.1e-2,.1e-2,.2e-2,.1e-2,.1e-2,.1e-2,.1e-2,.2e-2,.2e-2,.2e-\
2,.1e-2,.2e-2,.1e-2,.2e-2,.1e-2,.1e-2,.1e-2,.1e-2,.1e-2,.1e-2,.1e-2,.1e-2,.1e-2
,.1e-2,.1e-2,.1e-2,.1e-2,.2e-2,.1e-2,.1e-2,.2e-2,.1e-2,.1e-2,.2e-2,.1e-2,.1e-2,
.2e-2,.2e-2,.2e-2,.1e-2,.1e-2,.1e-2,.1e-2,.1e-2,.2e-2,.1e-2,.2e-2,.1e-2,.1e-2,.\
2e-2,.1e-2,.1e-2,.2e-2,.1e-2,.2e-2,.2e-2,.1e-2,.2e-2,.1e-2,.1e-2,.2e-2,.1e-2,.2\
e-2,.1e-2,.2e-2,.2e-2,.1e-2,.1e-2,.1e-2,.1e-2,.1e-2,.1e-2,.2e-2,.2e-2,.1e-2,.2e\
-2,.2e-2,.1e-2,.2e-2,.1e-2,.2e-2,.2e-2,.2e-2,.2e-2,.1e-2,.2e-2,.2e-2,.1e-2,.1e-\
2,.2e-2,.1e-2,.1e-2,.2e-2,.1e-2,.1e-2,.1e-2,.2e-2,.2e-2,.1e-2,.3e-2,.1e-2,.2e-2
,.3e-2,.2e-2,.1e-2,.1e-2,.2e-2,.2e-2,.1e-2,.1e-2,.1e-2,.1e-2,.1e-2,.2e-2,.2e-2,
.2e-2,.2e-2,.2e-2,.1e-2,.1e-2,.1e-2,.2e-2,.1e-2,.1e-2,.1e-2,.1e-2,.2e-2,.2e-2,.\
1e-2,.2e-2,.2e-2,.1e-2],[.1e-2,.1e-2,.1e-2,.1e-2,.1e-2,.1e-2,.2e-2,.2e-2,.1e-2,
.2e-2,.1e-2,.2e-2,.1e-2,.1e-2,.2e-2,.1e-2,.1e-2,.1e-2,.1e-2,.2e-2,.1e-2,.1e-2,.\
1e-2,.1e-2,.1e-2,.1e-2,.2e-2,.2e-2,.1e-2,.2e-2,.3e-2,.3e-2,.1e-2,.2e-2,.1e-2,.1\
e-2,.2e-2,.1e-2,.2e-2,.1e-2,.2e-2,.2e-2,.1e-2,.2e-2,.2e-2,.2e-2,.1e-2,.2e-2,.1e\
-2,.1e-2,.2e-2,.2e-2,.2e-2,.1e-2,.2e-2,.2e-2,.1e-2,.1e-2,.2e-2,.1e-2,.2e-2,.2e-\
2,.2e-2,.2e-2,.2e-2,.1e-2,.1e-2,.2e-2,.1e-2,.1e-2,.1e-2,.2e-2,.2e-2,.1e-2,.3e-2
,.2e-2,.1e-2,.2e-2,.1e-2,.1e-2,.2e-2,.2e-2,.2e-2,.2e-2,.2e-2,.1e-2,.2e-2,.2e-2,
.1e-2,.2e-2,.1e-2,.1e-2,.1e-2,.1e-2,.1e-2,.1e-2,.1e-2,.2e-2,.1e-2,.2e-2,.2e-2,.\
1e-2,.1e-2,.2e-2,.2e-2,.2e-2,.1e-2,.1e-2,.2e-2,.3e-2,.2e-2,.1e-2,.2e-2,.1e-2,.1\
e-2,.1e-2,.1e-2,.1e-2,.1e-2,.1e-2,.2e-2,.1e-2,.2e-2,.1e-2,.1e-2,.1e-2,.1e-2,.1e\
-2,.1e-2,.1e-2,.2e-2,.1e-2,.1e-2,.1e-2,.1e-2,.1e-2,.1e-2,.1e-2,.1e-2,.1e-2,.1e-\
2,.1e-2,.1e-2,.5e-2,.1e-2,.2e-2,.2e-2,.1e-2,.2e-2,.2e-2,.1e-2,.1e-2,.1e-2,.1e-2
,.2e-2,.1e-2,.1e-2,.2e-2,.1e-2,.1e-2,.1e-2,.1e-2,.1e-2,.1e-2,.1e-2,.1e-2,.1e-2,
.2e-2,.1e-2,.1e-2,.1e-2,.1e-2,.1e-2,.1e-2,.1e-2,.1e-2,.1e-2,.1e-2,.1e-2,.1e-2,.\
2e-2,.1e-2,.1e-2,.1e-2,.1e-2,.1e-2,.2e-2,.1e-2,.1e-2,.1e-2,.1e-2,.1e-2,.2e-2,.1\
e-2,.1e-2,.1e-2,.2e-2,.1e-2,.1e-2,.1e-2,.1e-2,.1e-2,.1e-2,.1e-2,.1e-2,.2e-2,.1e\
-2,.1e-2,.1e-2,.1e-2,.1e-2,.1e-2,.2e-2,.2e-2,.1e-2,.2e-2,.1e-2,.1e-2,.2e-2,.1e-\
2,.1e-2,.2e-2,.2e-2,.1e-2,.1e-2,.1e-2,.2e-2,.1e-2,.1e-2,.1e-2,.1e-2,.1e-2,.1e-2
,.2e-2,.1e-2,.2e-2,.1e-2,.1e-2,.1e-2,.1e-2,.1e-2,.1e-2,.1e-2,.1e-2,.1e-2,.1e-2,
.1e-2,.1e-2,.1e-2,.1e-2,.2e-2,.1e-2,.1e-2,.2e-2,.2e-2,.1e-2,.1e-2,.2e-2,.1e-2,.\
2e-2,.1e-2,.1e-2,.1e-2,.1e-2,.2e-2,.1e-2,.1e-2,.2e-2,.1e-2,.1e-2,.1e-2,.2e-2,.1\
e-2,.1e-2,.2e-2,.1e-2,.1e-2,.1e-2,.1e-2,.2e-2,.1e-2,.2e-2,.2e-2,.2e-2,.2e-2,.1e\
-2,.1e-2,.2e-2,.2e-2,.1e-2,.2e-2,.2e-2,.1e-2,.1e-2,.1e-2,.2e-2,.2e-2,.1e-2,.1e-\
2,.2e-2,.2e-2,.1e-2,.1e-2,.1e-2,.1e-2,.2e-2,.1e-2,.1e-2,.1e-2,.1e-2,.1e-2,.1e-2
,.2e-2,.1e-2,.1e-2,.1e-2,.1e-2,.1e-2,.1e-2,.1e-2,.2e-2,.1e-2,.2e-2,.1e-2,.1e-2,
.1e-2,.1e-2,.1e-2,.1e-2,.1e-2,.2e-2,.1e-2,.1e-2,.1e-2,.2e-2,.2e-2,.1e-2,.1e-2,.\
1e-2,.1e-2,.1e-2,.1e-2,.1e-2,.1e-2,.1e-2,.2e-2,.1e-2,.1e-2,.2e-2,.1e-2,.1e-2,.1\
e-2,.1e-2,.1e-2,.1e-2,.1e-2,.2e-2,.2e-2,.2e-2,.1e-2,.2e-2,.2e-2,.1e-2,.1e-2,.2e\
-2,.1e-2,.2e-2,.1e-2,.2e-2,.1e-2,.2e-2,.2e-2,.1e-2,.1e-2,.2e-2,.1e-2,.1e-2,.2e-\
2,.2e-2,.1e-2,.1e-2,.2e-2,.2e-2,.1e-2,.1e-2,.1e-2,.2e-2,.2e-2,.2e-2,.1e-2,.1e-2
,.2e-2,.2e-2,.1e-2,.2e-2,.2e-2,.1e-2,.1e-2,.1e-2,.2e-2,.1e-2,.1e-2,.1e-2,.1e-2,
.2e-2,.2e-2,.2e-2,.1e-2,.2e-2,.1e-2,.1e-2,.1e-2,.1e-2,.1e-2,.1e-2,.1e-2,.2e-2,.\
1e-2,.1e-2,.1e-2,.1e-2,.1e-2,.1e-2,.1e-2,.2e-2,.1e-2,.1e-2,.1e-2,.2e-2,.1e-2,.1\
e-2,.1e-2,.1e-2,.1e-2,.1e-2,.2e-2,.2e-2,.1e-2,.1e-2,.1e-2,.1e-2,.2e-2,.2e-2,.2e\
-2,.1e-2,.2e-2,.1e-2,.2e-2,.2e-2,.1e-2,.2e-2,.1e-2,.1e-2,.2e-2,.2e-2,.2e-2,.1e-\
2,.1e-2,.2e-2,.2e-2,.1e-2,.1e-2,.1e-2,.2e-2,.1e-2,.1e-2,.2e-2,.1e-2,.1e-2,.1e-2
,.1e-2,.2e-2,.1e-2,.1e-2,.1e-2,.2e-2,.2e-2,.1e-2,.1e-2,.1e-2,.1e-2,.1e-2,.2e-2,
.1e-2,.1e-2,.1e-2,.1e-2,.2e-2,.1e-2,.1e-2,.1e-2,.1e-2,.2e-2,.1e-2,.2e-2,.1e-2,.\
1e-2,.1e-2,.1e-2,.1e-2,.1e-2,.2e-2,.1e-2,.2e-2,.1e-2,.1e-2,.1e-2,.2e-2,.1e-2,.1\
e-2,.2e-2,.2e-2,.2e-2,.1e-2,.2e-2,.2e-2,.2e-2,.1e-2,.1e-2,.2e-2,.1e-2,.1e-2,.1e\
-2,.1e-2,.1e-2,.1e-2,.2e-2,.1e-2,.1e-2,.2e-2,.2e-2,.2e-2,.1e-2,.2e-2,.1e-2,.1e-\
2,.1e-2,.1e-2,.2e-2,.1e-2,.1e-2,.1e-2,.2e-2,.2e-2,.2e-2,.2e-2,.1e-2,.2e-2,.1e-2
,.2e-2,.1e-2,.2e-2,.2e-2,.3e-2,.2e-2,.3e-2,.2e-2,.1e-2,.2e-2,.2e-2,.3e-2,.2e-2,
.2e-2,.2e-2,.2e-2,.1e-2,.2e-2,.1e-2,.2e-2,.2e-2,.2e-2,.1e-2,.1e-2,.1e-2,.1e-2,.\
1e-2,.1e-2,.1e-2,.1e-2,.2e-2,.1e-2,.1e-2,.1e-2,.1e-2,.1e-2,.1e-2,.1e-2,.1e-2,.1\
e-2,.1e-2,.1e-2,.2e-2,.2e-2,.1e-2,.1e-2,.1e-2,.1e-2,.2e-2,.1e-2,.1e-2,.1e-2,.2e\
-2,.1e-2,.2e-2,.1e-2,.1e-2,.1e-2,.1e-2,.2e-2,.2e-2,.1e-2,.2e-2,.2e-2,.1e-2,.2e-\
2,.1e-2,.1e-2,.1e-2,.2e-2,.1e-2,.1e-2,.2e-2,.1e-2,.1e-2,.1e-2,.1e-2,.1e-2,.1e-2
,.2e-2,.1e-2,.2e-2,.1e-2,.1e-2,.1e-2,.1e-2,.2e-2,.1e-2,.1e-2,.2e-2,.2e-2,.1e-2,
.2e-2,.1e-2,.1e-2,.2e-2,.1e-2,.1e-2,.2e-2,.2e-2,.1e-2,.1e-2,.1e-2,.1e-2,.1e-2,.\
1e-2,.2e-2,.1e-2,.2e-2,.1e-2,.1e-2,.2e-2,.1e-2,.2e-2,.1e-2,.2e-2,.1e-2,.1e-2,.1\
e-2,.2e-2,.2e-2,.1e-2,.1e-2,.2e-2,.1e-2,.2e-2,.2e-2,.2e-2,.2e-2,.1e-2,.1e-2,.1e\
-2,.1e-2,.2e-2,.1e-2,.1e-2,.2e-2,.1e-2,.2e-2,.2e-2,.1e-2,.2e-2,.1e-2,.1e-2,.1e-\
2,.2e-2,.2e-2,.2e-2,.1e-2,.4e-2,.2e-2,.2e-2,.1e-2,.2e-2,.2e-2,.2e-2,.1e-2,.1e-2
,.1e-2,.1e-2,.1e-2,.1e-2,.1e-2,.1e-2,.1e-2,.1e-2,.2e-2,.1e-2,.1e-2,.1e-2,.2e-2,
.1e-2,.1e-2,.2e-2,.2e-2,.1e-2,.2e-2,.1e-2,.1e-2,.1e-2,.1e-2,.2e-2,.1e-2,.1e-2,.\
1e-2,.1e-2,.1e-2,.2e-2,.1e-2,.2e-2,.1e-2,.1e-2,.1e-2,.1e-2,.1e-2,.1e-2,.1e-2,.2\
e-2,.1e-2,.1e-2,.1e-2,.2e-2,.1e-2,.1e-2,.1e-2,.1e-2,.1e-2,.1e-2,.2e-2,.1e-2,.1e\
-2,.2e-2,.1e-2,.1e-2,.1e-2,.1e-2,.2e-2,.1e-2,.2e-2,.2e-2,.1e-2,.1e-2,.2e-2,.1e-\
2,.2e-2,.1e-2,.2e-2,.2e-2,.1e-2,.1e-2,.1e-2,.1e-2,.1e-2,.2e-2,.1e-2,.1e-2,.1e-2
,.1e-2,.2e-2,.2e-2,.2e-2,.1e-2,.1e-2,.1e-2,.2e-2,.2e-2,.1e-2,.1e-2,.2e-2,.2e-2,
.2e-2,.1e-2,.2e-2,.1e-2,.1e-2,.1e-2,.1e-2,.1e-2,.1e-2,.2e-2,.1e-2,.1e-2,.1e-2,.\
1e-2,.1e-2,.1e-2,.1e-2,.2e-2,.2e-2,.1e-2,.1e-2,.1e-2,.2e-2,.2e-2,.1e-2,.2e-2,.1\
e-2,.2e-2,.1e-2,.1e-2,.2e-2,.2e-2,.2e-2,.1e-2,.2e-2,.1e-2,.1e-2,.2e-2,.1e-2,.2e\
-2,.2e-2,.2e-2,.2e-2,.1e-2,.2e-2,.2e-2,.1e-2,.2e-2,.1e-2,.2e-2,.2e-2,.2e-2,.2e-\
2,.1e-2,.1e-2,.1e-2,.2e-2,.1e-2,.1e-2,.2e-2,.2e-2,.2e-2,.1e-2,.1e-2,.2e-2,.2e-2
,.2e-2,.2e-2,.2e-2,.1e-2,.1e-2,.1e-2,.1e-2,.1e-2,.1e-2,.1e-2,.1e-2,.1e-2,.2e-2,
.2e-2,.2e-2,.2e-2,.2e-2,.2e-2,.2e-2,.1e-2,.1e-2,.1e-2,.2e-2,.1e-2,.2e-2,.2e-2,.\
2e-2,.2e-2,.1e-2,.1e-2,.2e-2,.2e-2,.2e-2,.1e-2,.2e-2,.1e-2,.2e-2,.1e-2,.1e-2,.2\
e-2,.1e-2,.2e-2,.1e-2,.2e-2,.1e-2,.1e-2,.1e-2,.1e-2,.2e-2,.2e-2,.1e-2,.1e-2,.2e\
-2,.1e-2,.2e-2,.1e-2,.1e-2,.2e-2,.1e-2,.1e-2,.2e-2,.1e-2,.1e-2,.1e-2,.2e-2,.1e-\
2,.1e-2,.1e-2,.1e-2,.2e-2,.1e-2,.2e-2,.1e-2,.1e-2,.1e-2,.2e-2,.2e-2,.2e-2,.1e-2
,.2e-2,.2e-2,.1e-2,.2e-2,.1e-2,.4e-2,.2e-2,.1e-2,.1e-2,.2e-2,.2e-2,.1e-2,.2e-2,
.2e-2,.1e-2,.1e-2,.3e-2,.2e-2,.3e-2,.2e-2,.2e-2,.2e-2,.1e-2,.2e-2,.2e-2,.1e-2,.\
1e-2,.2e-2,.1e-2,.2e-2,.1e-2,.2e-2,.1e-2,.1e-2,.1e-2,.2e-2,.2e-2,.2e-2,.1e-2,.1\
e-2,.1e-2,.2e-2,.1e-2,.1e-2,.2e-2,.1e-2,.1e-2,.1e-2,.2e-2,.3e-2,.1e-2,.1e-2,.2e\
-2,.1e-2,.2e-2,.2e-2,.1e-2,.2e-2,.2e-2,.1e-2,.1e-2,.1e-2,.1e-2,.1e-2,.1e-2,.1e-\
2,.1e-2,.1e-2,.1e-2,.1e-2,.2e-2,.1e-2,.1e-2,.1e-2,.1e-2,.1e-2,.2e-2,.2e-2,.2e-2
,.1e-2,.1e-2,.2e-2,.2e-2,.2e-2,.2e-2,.2e-2,.1e-2,.2e-2,.2e-2,.2e-2,.1e-2,.2e-2,
.2e-2,.1e-2,.2e-2,.2e-2,.2e-2,.2e-2,.1e-2,.1e-2,.2e-2,.1e-2,.1e-2,.1e-2,.2e-2,.\
1e-2,.1e-2,.1e-2,.1e-2,.2e-2,.2e-2,.1e-2,.2e-2,.1e-2,.1e-2,.2e-2,.2e-2,.2e-2,.1\
e-2,.1e-2,.2e-2,.1e-2,.2e-2,.1e-2,.1e-2,.2e-2,.1e-2,.2e-2,.1e-2,.1e-2,.1e-2,.1e\
-2,.2e-2,.1e-2,.1e-2,.2e-2,.2e-2,.1e-2,.1e-2,.1e-2,.2e-2,.1e-2,.1e-2,.2e-2,.1e-\
2,.1e-2,.1e-2,.1e-2,.119,.1e-2,.1e-2,.1e-2,.1e-2,.1e-2,.1e-2,.1e-2,.1e-2,.1e-2,
.1e-2,.1e-2,.1e-2,.2e-2,.1e-2,.1e-2,.2e-2,.1e-2,.2e-2,.2e-2,.1e-2,.2e-2,.1e-2,.\
2e-2,.2e-2,.1e-2,.1e-2,.2e-2,.2e-2,.1e-2,.1e-2,.2e-2,.1e-2,.2e-2,.2e-2,.1e-2,.1\
e-2,.1e-2,.1e-2,.1e-2,.1e-2,.2e-2,.2e-2,.1e-2,.1e-2,.1e-2,.1e-2,.1e-2,.1e-2,.1e\
-2,.2e-2,.1e-2,.1e-2,.1e-2,.1e-2,.1e-2,.2e-2,.2e-2,.1e-2,.1e-2,.1e-2,.1e-2,.2e-\
2,.1e-2,.1e-2,.1e-2,.1e-2,.1e-2,.1e-2,.1e-2,.2e-2,.1e-2,.1e-2,.2e-2,.1e-2,.1e-2
,.1e-2,.1e-2,.1e-2,.1e-2,.2e-2,.1e-2,.2e-2,.1e-2,.2e-2,.1e-2,.2e-2,.1e-2,.2e-2,
.1e-2,.2e-2,.1e-2,.2e-2,.2e-2,.2e-2,.1e-2,.2e-2,.1e-2,.1e-2,.1e-2,.1e-2,.1e-2,.\
1e-2,.1e-2,.2e-2,.2e-2,.1e-2,.2e-2,.1e-2,.1e-2,.1e-2,.1e-2,.1e-2,.2e-2,.1e-2,.1\
e-2,.1e-2,.1e-2,.1e-2,.1e-2,.1e-2,.1e-2,.2e-2,.1e-2,.1e-2,.1e-2,.2e-2,.1e-2,.1e\
-2,.1e-2,.1e-2,.2e-2,.1e-2,.1e-2,.1e-2,.1e-2,.1e-2,.1e-2,.2e-2,.1e-2,.1e-2,.1e-\
2,.2e-2,.1e-2,.2e-2,.2e-2,.2e-2,.1e-2,.2e-2,.1e-2,.2e-2,.1e-2,.1e-2,.2e-2,.1e-2
,.2e-2,.2e-2,.2e-2,.1e-2,.1e-2,.1e-2,.2e-2,.2e-2,.1e-2,.1e-2,.1e-2,.2e-2,.2e-2,
.2e-2,.1e-2,.1e-2,.1e-2,.1e-2,.1e-2,.1e-2,.1e-2,.1e-2,.2e-2,.1e-2,.1e-2,.1e-2,.\
1e-2,.1e-2,.1e-2,.2e-2,.2e-2,.2e-2,.1e-2,.1e-2,.2e-2,.1e-2,.1e-2,.1e-2,.1e-2,.1\
e-2,.2e-2,.1e-2,.2e-2,.2e-2,.1e-2,.1e-2,.2e-2,.1e-2,.1e-2,.1e-2,.1e-2,.1e-2,.1e\
-2,.1e-2,.2e-2,.2e-2,.2e-2,.1e-2,.1e-2,.1e-2,.2e-2,.2e-2,.1e-2,.1e-2,.1e-2,.1e-\
2,.2e-2,.1e-2,.1e-2,.2e-2,.2e-2,.1e-2,.1e-2,.2e-2,.1e-2,.1e-2,.1e-2,.1e-2,.1e-2
,.2e-2,.3e-2,.1e-2,.1e-2,.1e-2,.1e-2,.2e-2,.1e-2,.1e-2,.1e-2,.2e-2,.1e-2,.1e-2,
.2e-2,.2e-2,.1e-2,.1e-2,.1e-2,.1e-2,.1e-2,.2e-2,.1e-2,.1e-2,.1e-2,.2e-2,.2e-2,.\
1e-2,.2e-2,.1e-2,.2e-2,.2e-2,.2e-2,.1e-2,.1e-2,.1e-2,.2e-2,.2e-2,.1e-2,.2e-2,.1\
e-2,.1e-2,.2e-2,.1e-2,.1e-2,.2e-2,.1e-2,.1e-2,.2e-2,.3e-2,.1e-2,.2e-2,.2e-2,.1e\
-2,.2e-2,.1e-2,.1e-2,.1e-2,.1e-2,.2e-2,.1e-2,.2e-2,.2e-2,.2e-2,.1e-2,.2e-2,.1e-\
2,.1e-2,.1e-2,.1e-2,.2e-2,.1e-2,.1e-2,.1e-2,.2e-2,.1e-2,.1e-2,.2e-2,.2e-2,.2e-2
,.2e-2,.2e-2,.2e-2,.1e-2,.2e-2,.1e-2,.1e-2,.1e-2,.1e-2,.2e-2,.1e-2,.1e-2,.2e-2,
.1e-2,.2e-2,.2e-2,.1e-2,.1e-2,.2e-2,.2e-2,.1e-2,.2e-2,.2e-2,.2e-2,.2e-2,.2e-2,.\
1e-2,.1e-2,.2e-2,.1e-2,.2e-2,.1e-2,.1e-2,.1e-2,.1e-2,.2e-2,.2e-2,.1e-2,.1e-2,.1\
e-2,.1e-2,.1e-2,.2e-2,.2e-2,.1e-2,.1e-2,.1e-2,.2e-2,.2e-2,.1e-2,.2e-2,.1e-2,.2e\
-2,.1e-2,.1e-2,.1e-2,.1e-2,.1e-2,.1e-2,.1e-2,.1e-2,.1e-2,.2e-2,.1e-2,.1e-2,.2e-\
2,.1e-2,.2e-2,.2e-2,.1e-2,.2e-2,.2e-2,.1e-2,.1e-2,.1e-2,.2e-2,.2e-2,.1e-2,.1e-2
,.2e-2,.1e-2,.2e-2,.2e-2,.2e-2,.2e-2,.1e-2,.1e-2,.1e-2,.1e-2,.2e-2,.1e-2,.1e-2,
.1e-2,.2e-2,.2e-2,.1e-2]]);
