TIMES2 := Matrix(5, 251, [[0.,.1e-2,0.,0.,.1e-2,.1e-2,.1e-2,.1e-2,.1e-2,0.,.1e-\
2,0.,.1e-2,.1e-2,.1e-2,0.,.1e-2,.1e-2,.1e-2,.1e-2,.3e-2,.1e-2,.2e-2,.1e-2,.1e-2
,.41e-1,.1e-2,.1e-2,.1e-2,0.,.1e-2,.1e-2,.2e-2,.1e-2,.1e-2,.2e-2,0.,.2e-2,.1e-2
,.1e-2,.1e-2,.1e-2,.1e-2,.1e-2,0.,.1e-2,.1e-2,0.,.1e-2,0.,.1e-2,.1e-2,.1e-2,.1e\
-2,.1e-2,.1e-2,.1e-2,.1e-2,.1e-2,.1e-2,.1e-2,.1e-2,.1e-2,.1e-2,.1e-2,.1e-2,.1e-\
2,0.,0.,.1e-2,.1e-2,0.,0.,0.,.1e-2,.1e-2,.1e-2,.1e-2,.1e-2,.1e-2,.1e-2,0.,.1e-2
,.1e-2,.1e-2,.1e-2,.1e-2,.1e-2,0.,.1e-2,0.,0.,0.,.1e-2,.1e-2,.1e-2,0.,0.,.1e-2,
0.,0.,.1e-2,0.,.1e-2,.1e-2,.1e-2,0.,0.,.1e-2,.1e-2,.1e-2,.1e-2,0.,.1e-2,.2e-2,.\
1e-2,.1e-2,.1e-2,.1e-2,.1e-2,.1e-2,.1e-2,.1e-2,.2e-2,.1e-2,.1e-2,.1e-2,.2e-2,.1\
e-2,.1e-2,.1e-2,.2e-2,.1e-2,0.,0.,0.,0.,0.,.2e-2,.1e-2,.1e-2,0.,0.,.1e-2,.1e-2,
0.,.1e-2,.2e-2,.1e-2,0.,0.,.1e-2,0.,.1e-2,.1e-2,.1e-2,0.,.1e-2,.1e-2,.1e-2,.1e-\
2,.1e-2,.1e-2,0.,.1e-2,0.,.1e-2,.1e-2,0.,.1e-2,.1e-2,.1e-2,.1e-2,.2e-2,.2e-2,0.
,.2e-2,.2e-2,.2e-2,.1e-2,.3e-2,.3e-2,.1e-2,0.,.1e-2,.1e-2,.1e-2,.1e-2,.1e-2,.1e\
-2,.1e-2,.1e-2,.1e-2,.1e-2,.1e-2,.1e-2,0.,0.,0.,0.,.1e-2,.1e-2,.1e-2,.1e-2,.1e-\
2,.1e-2,.2e-2,.1e-2,0.,.1e-2,.1e-2,.1e-2,.1e-2,0.,.1e-2,.1e-2,.1e-2,.1e-2,0.,.1\
e-2,0.,.1e-2,.1e-2,.1e-2,.1e-2,.1e-2,0.,.1e-2,.1e-2,.1e-2,0.,.1e-2,0.,.1e-2,.1e\
-2,.1e-2,.1e-2,.1e-2,.1e-2,.1e-2,.1e-2,0.,.1e-2,.1e-2,.1e-2,.1e-2,0.,.1e-2,.1e-\
2,.1e-2,.1e-2],[.1e-2,0.,.1e-2,0.,.1e-2,.1e-2,.1e-2,.1e-2,.1e-2,.2e-2,.1e-2,.1e\
-2,.1e-2,.1e-2,0.,0.,.1e-2,.1e-2,.1e-2,.1e-2,.1e-2,.1e-2,.1e-2,.1e-2,.1e-2,.1e-\
2,0.,.1e-2,0.,.2e-2,0.,0.,.1e-2,.1e-2,.1e-2,.1e-2,.1e-2,.1e-2,0.,0.,.1e-2,.1e-2
,.1e-2,0.,.1e-2,.1e-2,.1e-2,.1e-2,.1e-2,.1e-2,.1e-2,.1e-2,.1e-2,0.,0.,0.,.1e-2,
0.,0.,.1e-2,.1e-2,.1e-2,.1e-2,.1e-2,0.,.1e-2,.1e-2,.1e-2,.1e-2,.1e-2,0.,.2e-2,.\
1e-2,.2e-2,.1e-2,.1e-2,.1e-2,.1e-2,.1e-2,.1e-2,.1e-2,0.,.1e-2,.1e-2,.1e-2,.1e-2
,0.,.1e-2,.1e-2,.1e-2,.1e-2,.2e-2,.1e-2,.1e-2,.1e-2,.1e-2,0.,.1e-2,.1e-2,0.,.1e\
-2,.1e-2,.2e-2,0.,.1e-2,.1e-2,.2e-2,.1e-2,.1e-2,.1e-2,.1e-2,.1e-2,.1e-2,.1e-2,.\
1e-2,.1e-2,.1e-2,.1e-2,.1e-2,.2e-2,.2e-2,.2e-2,.1e-2,.2e-2,.1e-2,.1e-2,.1e-2,.2\
e-2,.1e-2,.1e-2,.1e-2,.1e-2,.1e-2,.1e-2,.1e-2,.1e-2,.1e-2,0.,.1e-2,.1e-2,.1e-2,
.1e-2,.40e-1,.1e-2,0.,.1e-2,.1e-2,.1e-2,0.,.1e-2,.1e-2,.1e-2,.1e-2,.1e-2,.1e-2,
.1e-2,.2e-2,.2e-2,.1e-2,.2e-2,0.,.1e-2,.1e-2,.1e-2,0.,.2e-2,.2e-2,.1e-2,.1e-2,0\
.,0.,0.,.1e-2,.2e-2,.1e-2,.1e-2,0.,.1e-2,.1e-2,0.,.1e-2,.1e-2,.2e-2,0.,.1e-2,0.
,.1e-2,.1e-2,.1e-2,.1e-2,0.,0.,.1e-2,.1e-2,.1e-2,0.,.1e-2,.1e-2,.1e-2,.1e-2,0.,
0.,.2e-2,.2e-2,.2e-2,.2e-2,.1e-2,.1e-2,.1e-2,.2e-2,.1e-2,.1e-2,.2e-2,.2e-2,.1e-\
2,.1e-2,.1e-2,.1e-2,.1e-2,.1e-2,.1e-2,0.,.1e-2,.1e-2,.1e-2,.1e-2,.1e-2,.1e-2,.1\
e-2,.1e-2,.1e-2,.1e-2,.1e-2,.1e-2,.1e-2,.1e-2,0.,0.,.1e-2,0.,0.,.2e-2,.1e-2,0.,
.1e-2,.1e-2,.1e-2,.1e-2,0.,.1e-2,.1e-2],[.1e-2,.1e-2,0.,.1e-2,0.,.1e-2,.1e-2,.1\
e-2,.1e-2,.1e-2,0.,0.,.1e-2,0.,.1e-2,.1e-2,.1e-2,.1e-2,0.,.1e-2,.1e-2,.1e-2,0.,
0.,.1e-2,0.,.1e-2,0.,.1e-2,0.,.1e-2,.1e-2,.1e-2,.3e-2,.1e-2,.1e-2,.1e-2,.2e-2,.\
1e-2,0.,0.,.1e-2,.1e-2,.1e-2,.1e-2,.1e-2,.1e-2,.1e-2,.1e-2,.1e-2,.1e-2,.1e-2,.1\
e-2,0.,.1e-2,.1e-2,.2e-2,.1e-2,.1e-2,.1e-2,.1e-2,.1e-2,.1e-2,0.,.1e-2,.1e-2,.1e\
-2,.1e-2,.2e-2,.1e-2,0.,.1e-2,.1e-2,.1e-2,.1e-2,0.,.1e-2,0.,.1e-2,0.,0.,.1e-2,0\
.,.1e-2,0.,.1e-2,0.,.1e-2,.1e-2,.2e-2,0.,.2e-2,.1e-2,.1e-2,.1e-2,0.,.1e-2,0.,.1\
e-2,0.,.1e-2,.1e-2,.1e-2,0.,.1e-2,.1e-2,.1e-2,.1e-2,.1e-2,.2e-2,.1e-2,.1e-2,.1e\
-2,0.,.1e-2,.1e-2,.1e-2,.2e-2,.1e-2,0.,0.,.1e-2,0.,.1e-2,.1e-2,.1e-2,.1e-2,0.,.\
1e-2,.1e-2,.1e-2,.1e-2,0.,.1e-2,.1e-2,.1e-2,0.,.2e-2,0.,.1e-2,.1e-2,.1e-2,.1e-2
,.1e-2,0.,.1e-2,.1e-2,.1e-2,0.,.1e-2,.1e-2,.2e-2,.1e-2,.1e-2,.2e-2,0.,.1e-2,.1e\
-2,0.,.1e-2,0.,.1e-2,0.,.1e-2,.1e-2,.1e-2,.1e-2,.1e-2,.1e-2,.1e-2,.1e-2,.1e-2,.\
1e-2,.1e-2,0.,.1e-2,.2e-2,.1e-2,.1e-2,.1e-2,0.,.1e-2,0.,.1e-2,0.,0.,.1e-2,.1e-2
,0.,.2e-2,.1e-2,.1e-2,.1e-2,.1e-2,0.,.1e-2,0.,.1e-2,.2e-2,0.,.1e-2,.1e-2,.1e-2,
.1e-2,.1e-2,.1e-2,0.,0.,.2e-2,.1e-2,.1e-2,.1e-2,.1e-2,0.,.1e-2,.1e-2,.1e-2,.1e-\
2,0.,.1e-2,.1e-2,.1e-2,.1e-2,.1e-2,.2e-2,.1e-2,.1e-2,.1e-2,.1e-2,.1e-2,0.,.1e-2
,.1e-2,.1e-2,.1e-2,0.,.1e-2,.1e-2,.1e-2,.1e-2,.1e-2,.1e-2,0.,.1e-2,.1e-2,.1e-2,
.1e-2,.1e-2,.1e-2,.1e-2,.1e-2],[.1e-2,.1e-2,0.,0.,0.,0.,.1e-2,.1e-2,.1e-2,.2e-2
,0.,0.,.1e-2,.1e-2,0.,.1e-2,.1e-2,.1e-2,.1e-2,.1e-2,0.,.1e-2,.1e-2,.1e-2,0.,.1e\
-2,.1e-2,.1e-2,.2e-2,.1e-2,.2e-2,.1e-2,.2e-2,0.,.1e-2,0.,.1e-2,.1e-2,.1e-2,0.,0\
.,.1e-2,.1e-2,0.,0.,.1e-2,.1e-2,0.,.1e-2,0.,.2e-2,.1e-2,0.,0.,.1e-2,0.,0.,0.,0.
,.1e-2,.2e-2,.1e-2,.1e-2,.1e-2,0.,0.,.1e-2,.1e-2,.2e-2,.1e-2,.1e-2,0.,.1e-2,0.,
0.,.1e-2,.1e-2,.1e-2,.1e-2,.1e-2,.1e-2,.1e-2,0.,.1e-2,.1e-2,.2e-2,.1e-2,0.,.32e\
-1,.1e-2,0.,.2e-2,0.,.1e-2,0.,.1e-2,.1e-2,.1e-2,.1e-2,.1e-2,0.,0.,.1e-2,.1e-2,.\
1e-2,.1e-2,.1e-2,.1e-2,0.,0.,.1e-2,.1e-2,.1e-2,.1e-2,0.,0.,0.,.1e-2,.1e-2,0.,0.
,.2e-2,.1e-2,.1e-2,.1e-2,.1e-2,0.,.1e-2,.1e-2,.1e-2,0.,.1e-2,0.,.1e-2,.1e-2,.1e\
-2,0.,.1e-2,.1e-2,.2e-2,.1e-2,0.,.1e-2,.1e-2,.1e-2,.2e-2,.1e-2,.1e-2,0.,.1e-2,.\
1e-2,.1e-2,0.,.1e-2,.1e-2,.1e-2,.1e-2,.1e-2,.1e-2,.1e-2,0.,.1e-2,0.,.1e-2,.1e-2
,0.,.1e-2,.2e-2,0.,.1e-2,.1e-2,.1e-2,.1e-2,.1e-2,.1e-2,.1e-2,.36e-1,.1e-2,.1e-2
,.1e-2,0.,.1e-2,0.,.1e-2,.1e-2,0.,.1e-2,.1e-2,.1e-2,.1e-2,.1e-2,.1e-2,.1e-2,.1e\
-2,.2e-2,.1e-2,.2e-2,.1e-2,.1e-2,.1e-2,.1e-2,.1e-2,.1e-2,.1e-2,.1e-2,0.,.1e-2,.\
1e-2,.1e-2,.1e-2,.1e-2,.2e-2,.1e-2,.1e-2,.1e-2,.1e-2,0.,.1e-2,.1e-2,0.,.1e-2,.1\
e-2,.1e-2,.2e-2,.1e-2,0.,.1e-2,.1e-2,.1e-2,.1e-2,.1e-2,.1e-2,0.,.1e-2,.1e-2,.1e\
-2,.2e-2,.1e-2,.1e-2,.1e-2,.1e-2,.1e-2,.1e-2,.1e-2,0.,.1e-2,0.,.2e-2,.1e-2,.1e-\
2,0.],[0.,.1e-2,.1e-2,.1e-2,.1e-2,.1e-2,.2e-2,0.,.1e-2,.1e-2,.1e-2,.1e-2,.1e-2,
.1e-2,.1e-2,0.,.1e-2,.1e-2,0.,.1e-2,.1e-2,.1e-2,.1e-2,.1e-2,.1e-2,.1e-2,.1e-2,.\
1e-2,.1e-2,.1e-2,.1e-2,.1e-2,.1e-2,.1e-2,.1e-2,0.,0.,.1e-2,.1e-2,0.,.2e-2,.1e-2
,.2e-2,.1e-2,.1e-2,0.,.2e-2,.1e-2,.1e-2,0.,0.,0.,.1e-2,0.,0.,.1e-2,.1e-2,.1e-2,
.1e-2,.1e-2,.1e-2,.1e-2,.1e-2,.1e-2,.1e-2,0.,0.,.1e-2,0.,0.,.2e-2,.1e-2,.1e-2,.\
1e-2,0.,0.,.1e-2,.1e-2,.1e-2,0.,.1e-2,.1e-2,.1e-2,.1e-2,.1e-2,.1e-2,0.,.1e-2,.2\
e-2,.1e-2,0.,.1e-2,.1e-2,.1e-2,.1e-2,.1e-2,.1e-2,0.,.1e-2,.1e-2,.1e-2,0.,.1e-2,
.1e-2,.2e-2,0.,.1e-2,.1e-2,.1e-2,.1e-2,.1e-2,.1e-2,.1e-2,.1e-2,.1e-2,.1e-2,.1e-\
2,.1e-2,.1e-2,0.,.1e-2,.1e-2,0.,.1e-2,.2e-2,.1e-2,.1e-2,.1e-2,.1e-2,.1e-2,.1e-2
,.1e-2,.1e-2,0.,.1e-2,.1e-2,.1e-2,0.,.1e-2,.1e-2,0.,.1e-2,0.,.2e-2,.1e-2,.1e-2,
0.,.1e-2,.2e-2,.1e-2,.1e-2,.1e-2,.1e-2,.1e-2,0.,.2e-2,.1e-2,.1e-2,.1e-2,.1e-2,.\
1e-2,.1e-2,.1e-2,0.,.1e-2,0.,.1e-2,.1e-2,0.,.1e-2,0.,.1e-2,.2e-2,.1e-2,0.,.1e-2
,.1e-2,0.,.2e-2,0.,.1e-2,.1e-2,.1e-2,.1e-2,.1e-2,.2e-2,.1e-2,.1e-2,.3e-2,.2e-2,
.1e-2,.2e-2,.1e-2,.1e-2,.1e-2,.1e-2,.3e-2,.1e-2,.2e-2,.1e-2,.1e-2,.1e-2,.1e-2,.\
1e-2,.1e-2,.1e-2,.1e-2,.2e-2,.1e-2,.1e-2,.1e-2,.1e-2,.2e-2,.1e-2,.3e-2,.2e-2,.4\
e-2,.2e-2,.2e-2,.2e-2,.1e-2,.2e-2,.2e-2,.1e-2,.1e-2,.2e-2,.3e-2,.1e-2,.1e-2,.1e\
-2,.1e-2,.1e-2,.1e-2,.1e-2,.1e-2,.1e-2,.1e-2,.2e-2,.1e-2,0.,.1e-2,.1e-2,.1e-2,.\
1e-2,.2e-2,.1e-2,0.,.1e-2,.2e-2,.1e-2,.1e-2]]);
