TIMES1 := Matrix(5, 1001, [[.3e-2,.5e-2,.5e-2,.5e-2,.4e-2,.5e-2,.3e-2,.5e-2,.6e\
-2,.3e-2,.5e-2,.6e-2,.3e-2,.6e-2,.5e-2,.3e-2,.4e-2,.6e-2,.3e-2,.7e-2,.5e-2,.4e-\
2,.4e-2,.4e-2,.4e-2,.3e-2,.4e-2,.4e-2,.4e-2,.3e-2,.4e-2,.4e-2,.4e-2,.6e-2,.5e-2
,.4e-2,.4e-2,.4e-2,.4e-2,.4e-2,.4e-2,.4e-2,.5e-2,.4e-2,.4e-2,.6e-2,.8e-2,.5e-2,
.5e-2,.4e-2,.5e-2,.6e-2,.8e-2,.5e-2,.6e-2,.4e-2,.4e-2,.4e-2,.4e-2,.5e-2,.58e-1,
.11e-1,.6e-2,.4e-2,.4e-2,.5e-2,.5e-2,.8e-2,.5e-2,.6e-2,.6e-2,.5e-2,.5e-2,.6e-2,
.5e-2,.9e-2,.4e-2,.5e-2,.4e-2,.5e-2,.5e-2,.5e-2,.5e-2,.5e-2,.9e-2,.5e-2,.6e-2,.\
5e-2,.5e-2,.5e-2,.5e-2,.6e-2,.6e-2,.7e-2,.7e-2,.5e-2,.4e-2,.5e-2,.5e-2,.5e-2,.7\
e-2,.5e-2,.9e-2,.5e-2,.7e-2,.5e-2,.9e-2,.6e-2,.5e-2,.7e-2,.12e-1,.6e-2,.10e-1,.\
6e-2,.6e-2,.6e-2,.6e-2,.9e-2,.5e-2,.7e-2,.7e-2,.6e-2,.5e-2,.6e-2,.7e-2,.9e-2,.6\
e-2,.6e-2,.6e-2,.6e-2,.8e-2,.7e-2,.11e-1,.6e-2,.6e-2,.51e-1,.18e-1,.8e-2,.6e-2,
.6e-2,.6e-2,.9e-2,.7e-2,.7e-2,.6e-2,.6e-2,.6e-2,.5e-2,.6e-2,.9e-2,.6e-2,.8e-2,.\
10e-1,.7e-2,.6e-2,.8e-2,.6e-2,.6e-2,.9e-2,.10e-1,.7e-2,.7e-2,.11e-1,.8e-2,.9e-2
,.10e-1,.9e-2,.8e-2,.11e-1,.7e-2,.7e-2,.7e-2,.6e-2,.7e-2,.6e-2,.7e-2,.8e-2,.8e-\
2,.8e-2,.10e-1,.7e-2,.7e-2,.8e-2,.9e-2,.11e-1,.7e-2,.7e-2,.7e-2,.9e-2,.9e-2,.12\
e-1,.9e-2,.9e-2,.9e-2,.12e-1,.8e-2,.8e-2,.29e-1,.11e-1,.9e-2,.7e-2,.7e-2,.8e-2,
.8e-2,.9e-2,.7e-2,.7e-2,.8e-2,.7e-2,.10e-1,.9e-2,.8e-2,.8e-2,.9e-2,.10e-1,.9e-2
,.7e-2,.8e-2,.9e-2,.8e-2,.13e-1,.10e-1,.8e-2,.8e-2,.11e-1,.9e-2,.9e-2,.9e-2,.11\
e-1,.8e-2,.8e-2,.10e-1,.11e-1,.9e-2,.8e-2,.8e-2,.8e-2,.9e-2,.14e-1,.9e-2,.10e-1
,.12e-1,.10e-1,.14e-1,.8e-2,.9e-2,.8e-2,.8e-2,.12e-1,.76e-1,.32e-1,.9e-2,.10e-1
,.13e-1,.13e-1,.9e-2,.9e-2,.8e-2,.10e-1,.15e-1,.10e-1,.12e-1,.11e-1,.12e-1,.9e-\
2,.8e-2,.8e-2,.8e-2,.9e-2,.8e-2,.9e-2,.13e-1,.13e-1,.9e-2,.9e-2,.13e-1,.11e-1,.\
11e-1,.11e-1,.15e-1,.9e-2,.12e-1,.10e-1,.15e-1,.9e-2,.11e-1,.10e-1,.15e-1,.9e-2
,.9e-2,.10e-1,.9e-2,.10e-1,.10e-1,.11e-1,.12e-1,.76e-1,.17e-1,.10e-1,.11e-1,.10\
e-1,.10e-1,.9e-2,.13e-1,.8e-2,.9e-2,.8e-2,.9e-2,.9e-2,.9e-2,.10e-1,.13e-1,.10e-\
1,.10e-1,.10e-1,.12e-1,.11e-1,.13e-1,.17e-1,.11e-1,.14e-1,.11e-1,.10e-1,.12e-1,
.9e-2,.10e-1,.11e-1,.14e-1,.11e-1,.10e-1,.11e-1,.14e-1,.11e-1,.10e-1,.10e-1,.10\
e-1,.10e-1,.11e-1,.69e-1,.33e-1,.11e-1,.10e-1,.9e-2,.10e-1,.12e-1,.11e-1,.9e-2,
.10e-1,.11e-1,.15e-1,.14e-1,.14e-1,.14e-1,.11e-1,.10e-1,.12e-1,.13e-1,.14e-1,.\
12e-1,.10e-1,.12e-1,.15e-1,.11e-1,.11e-1,.11e-1,.12e-1,.16e-1,.12e-1,.12e-1,.17\
e-1,.14e-1,.11e-1,.13e-1,.13e-1,.11e-1,.10e-1,.12e-1,.71e-1,.40e-1,.10e-1,.10e-\
1,.12e-1,.12e-1,.16e-1,.11e-1,.11e-1,.11e-1,.15e-1,.12e-1,.12e-1,.15e-1,.12e-1,
.18e-1,.40e-1,.44e-1,.35e-1,.27e-1,.23e-1,.21e-1,.18e-1,.19e-1,.18e-1,.19e-1,.\
18e-1,.20e-1,.20e-1,.24e-1,.17e-1,.19e-1,.19e-1,.18e-1,.20e-1,.18e-1,.91e-1,.62\
e-1,.17e-1,.17e-1,.19e-1,.17e-1,.19e-1,.18e-1,.19e-1,.19e-1,.17e-1,.18e-1,.18e-\
1,.18e-1,.19e-1,.19e-1,.20e-1,.19e-1,.18e-1,.18e-1,.19e-1,.20e-1,.19e-1,.18e-1,
.18e-1,.16e-1,.13e-1,.17e-1,.13e-1,.12e-1,.12e-1,.18e-1,.12e-1,.12e-1,.13e-1,.\
94e-1,.23e-1,.11e-1,.11e-1,.17e-1,.15e-1,.13e-1,.14e-1,.16e-1,.11e-1,.12e-1,.17\
e-1,.12e-1,.12e-1,.12e-1,.13e-1,.17e-1,.17e-1,.12e-1,.13e-1,.13e-1,.17e-1,.13e-\
1,.13e-1,.14e-1,.16e-1,.14e-1,.14e-1,.17e-1,.14e-1,.15e-1,.18e-1,.77e-1,.43e-1,
.14e-1,.25e-1,.12e-1,.13e-1,.17e-1,.13e-1,.12e-1,.18e-1,.12e-1,.14e-1,.18e-1,.\
12e-1,.14e-1,.15e-1,.16e-1,.17e-1,.14e-1,.15e-1,.14e-1,.17e-1,.14e-1,.14e-1,.18\
e-1,.13e-1,.15e-1,.18e-1,.13e-1,.13e-1,.12e-1,.94e-1,.37e-1,.14e-1,.18e-1,.13e-\
1,.13e-1,.18e-1,.12e-1,.12e-1,.12e-1,.13e-1,.13e-1,.18e-1,.14e-1,.20e-1,.20e-1,
.15e-1,.18e-1,.14e-1,.14e-1,.14e-1,.18e-1,.15e-1,.13e-1,.19e-1,.14e-1,.13e-1,.\
16e-1,.19e-1,.62e-1,.57e-1,.17e-1,.14e-1,.14e-1,.18e-1,.14e-1,.14e-1,.18e-1,.14\
e-1,.13e-1,.13e-1,.14e-1,.16e-1,.17e-1,.15e-1,.17e-1,.15e-1,.15e-1,.19e-1,.15e-\
1,.16e-1,.19e-1,.15e-1,.18e-1,.19e-1,.15e-1,.17e-1,.76e-1,.64e-1,.20e-1,.15e-1,
.16e-1,.19e-1,.15e-1,.15e-1,.16e-1,.16e-1,.21e-1,.16e-1,.18e-1,.22e-1,.19e-1,.\
22e-1,.17e-1,.16e-1,.22e-1,.15e-1,.17e-1,.17e-1,.38e-1,.25e-1,.18e-1,.22e-1,.17\
e-1,.76e-1,.65e-1,.15e-1,.18e-1,.21e-1,.21e-1,.17e-1,.15e-1,.20e-1,.29e-1,.31e-\
1,.31e-1,.26e-1,.26e-1,.22e-1,.29e-1,.21e-1,.23e-1,.19e-1,.23e-1,.21e-1,.17e-1,
.19e-1,.31e-1,.19e-1,.26e-1,.93e-1,.84e-1,.23e-1,.23e-1,.24e-1,.18e-1,.23e-1,.\
20e-1,.23e-1,.24e-1,.24e-1,.27e-1,.18e-1,.19e-1,.26e-1,.18e-1,.28e-1,.33e-1,.45\
e-1,.28e-1,.31e-1,.29e-1,.30e-1,.26e-1,.27e-1,.24e-1,.143,.33e-1,.21e-1,.24e-1,
.22e-1,.26e-1,.23e-1,.27e-1,.22e-1,.25e-1,.22e-1,.23e-1,.27e-1,.24e-1,.22e-1,.\
23e-1,.20e-1,.24e-1,.23e-1,.24e-1,.22e-1,.22e-1,.18e-1,.102,.44e-1,.19e-1,.16e-\
1,.19e-1,.20e-1,.18e-1,.19e-1,.19e-1,.18e-1,.20e-1,.21e-1,.22e-1,.18e-1,.18e-1,
.22e-1,.17e-1,.17e-1,.19e-1,.20e-1,.18e-1,.20e-1,.19e-1,.84e-1,.61e-1,.17e-1,.\
19e-1,.17e-1,.19e-1,.18e-1,.16e-1,.20e-1,.18e-1,.17e-1,.21e-1,.18e-1,.18e-1,.18\
e-1,.20e-1,.17e-1,.17e-1,.22e-1,.17e-1,.19e-1,.20e-1,.20e-1,.85e-1,.61e-1,.22e-\
1,.19e-1,.21e-1,.21e-1,.20e-1,.22e-1,.18e-1,.23e-1,.24e-1,.18e-1,.20e-1,.22e-1,
.18e-1,.20e-1,.23e-1,.20e-1,.24e-1,.21e-1,.28e-1,.20e-1,.23e-1,.125,.26e-1,.19e\
-1,.22e-1,.20e-1,.19e-1,.22e-1,.19e-1,.24e-1,.25e-1,.19e-1,.20e-1,.24e-1,.22e-1
,.26e-1,.26e-1,.30e-1,.37e-1,.35e-1,.33e-1,.35e-1,.128,.91e-1,.19e-1,.26e-1,.23\
e-1,.21e-1,.28e-1,.28e-1,.26e-1,.23e-1,.26e-1,.25e-1,.24e-1,.28e-1,.27e-1,.36e-\
1,.31e-1,.38e-1,.39e-1,.35e-1,.35e-1,.109,.119,.26e-1,.25e-1,.28e-1,.24e-1,.27e\
-1,.28e-1,.28e-1,.26e-1,.30e-1,.29e-1,.31e-1,.27e-1,.26e-1,.29e-1,.29e-1,.29e-1
,.28e-1,.32e-1,.23e-1,.109,.54e-1,.24e-1,.19e-1,.20e-1,.20e-1,.24e-1,.21e-1,.26\
e-1,.24e-1,.23e-1,.25e-1,.21e-1,.25e-1,.22e-1,.25e-1,.20e-1,.22e-1,.25e-1,.21e-\
1,.103,.60e-1,.20e-1,.21e-1,.25e-1,.23e-1,.26e-1,.22e-1,.25e-1,.21e-1,.27e-1,.\
23e-1,.25e-1,.20e-1,.20e-1,.22e-1,.24e-1,.21e-1,.26e-1,.95e-1,.63e-1,.22e-1,.25\
e-1,.21e-1,.24e-1,.21e-1,.24e-1,.21e-1,.25e-1,.24e-1,.21e-1,.26e-1,.23e-1,.25e-\
1,.22e-1,.24e-1,.23e-1,.75e-1,.87e-1,.26e-1,.21e-1,.27e-1,.20e-1,.21e-1,.24e-1,
.22e-1,.26e-1,.21e-1,.22e-1,.26e-1,.30e-1,.32e-1,.29e-1,.30e-1,.29e-1,.30e-1,.1\
28,.70e-1,.28e-1,.28e-1,.28e-1,.31e-1,.31e-1,.29e-1,.29e-1,.31e-1,.27e-1,.28e-1
,.29e-1,.28e-1,.27e-1,.24e-1,.26e-1,.24e-1,.124,.51e-1,.30e-1,.29e-1,.27e-1,.22\
e-1,.25e-1,.28e-1,.22e-1,.23e-1,.30e-1,.28e-1,.23e-1,.27e-1,.26e-1,.27e-1,.24e-\
1,.107,.72e-1,.23e-1,.27e-1,.23e-1,.26e-1,.25e-1,.29e-1,.27e-1,.22e-1,.26e-1,.\
23e-1,.28e-1,.23e-1,.26e-1,.27e-1,.26e-1,.142,.41e-1,.25e-1,.21e-1,.26e-1,.27e-\
1,.27e-1,.26e-1,.24e-1,.25e-1,.25e-1,.28e-1,.27e-1,.22e-1,.22e-1,.88e-1,.85e-1,
.24e-1,.22e-1,.21e-1,.26e-1,.22e-1,.25e-1,.25e-1,.27e-1,.24e-1,.28e-1,.25e-1,.\
22e-1,.27e-1,.84e-1,.87e-1,.24e-1,.27e-1,.24e-1,.24e-1,.32e-1,.30e-1,.28e-1,.32\
e-1,.34e-1,.33e-1,.31e-1,.33e-1,.36e-1,.29e-1,.26e-1,.177,.34e-1,.26e-1,.27e-1,
.24e-1,.24e-1,.29e-1,.32e-1,.33e-1,.31e-1,.30e-1,.36e-1,.29e-1,.24e-1,.27e-1,.\
24e-1,.136,.52e-1,.23e-1,.28e-1,.21e-1,.26e-1,.30e-1,.24e-1],[.3e-2,.4e-2,.5e-2
,.4e-2,.3e-2,.4e-2,.3e-2,.5e-2,.4e-2,.4e-2,.4e-2,.3e-2,.5e-2,.6e-2,.4e-2,.3e-2,
.4e-2,.4e-2,.3e-2,.4e-2,.3e-2,.5e-2,.4e-2,.6e-2,.5e-2,.3e-2,.4e-2,.4e-2,.4e-2,.\
4e-2,.4e-2,.5e-2,.4e-2,.4e-2,.4e-2,.4e-2,.5e-2,.6e-2,.4e-2,.4e-2,.4e-2,.5e-2,.4\
e-2,.6e-2,.4e-2,.62e-1,.10e-1,.6e-2,.11e-1,.5e-2,.4e-2,.6e-2,.5e-2,.5e-2,.7e-2,
.5e-2,.7e-2,.6e-2,.4e-2,.6e-2,.5e-2,.6e-2,.6e-2,.5e-2,.5e-2,.6e-2,.5e-2,.7e-2,.\
6e-2,.5e-2,.6e-2,.6e-2,.6e-2,.5e-2,.6e-2,.5e-2,.5e-2,.6e-2,.7e-2,.6e-2,.5e-2,.7\
e-2,.5e-2,.7e-2,.6e-2,.5e-2,.4e-2,.6e-2,.5e-2,.5e-2,.5e-2,.5e-2,.5e-2,.5e-2,.6e\
-2,.6e-2,.5e-2,.5e-2,.6e-2,.6e-2,.6e-2,.6e-2,.8e-2,.5e-2,.5e-2,.5e-2,.6e-2,.5e-\
2,.6e-2,.9e-2,.7e-2,.7e-2,.8e-2,.9e-2,.6e-2,.10e-1,.6e-2,.5e-2,.6e-2,.6e-2,.7e-\
2,.6e-2,.8e-2,.6e-2,.52e-1,.17e-1,.7e-2,.6e-2,.7e-2,.6e-2,.6e-2,.5e-2,.7e-2,.7e\
-2,.11e-1,.9e-2,.11e-1,.11e-1,.9e-2,.7e-2,.9e-2,.7e-2,.12e-1,.8e-2,.8e-2,.14e-1
,.11e-1,.9e-2,.10e-1,.8e-2,.8e-2,.13e-1,.11e-1,.8e-2,.8e-2,.8e-2,.10e-1,.7e-2,.\
12e-1,.12e-1,.8e-2,.8e-2,.9e-2,.7e-2,.9e-2,.8e-2,.9e-2,.8e-2,.9e-2,.8e-2,.10e-1
,.12e-1,.11e-1,.8e-2,.11e-1,.8e-2,.12e-1,.11e-1,.9e-2,.9e-2,.11e-1,.9e-2,.10e-1
,.11e-1,.9e-2,.9e-2,.13e-1,.69e-1,.22e-1,.10e-1,.8e-2,.9e-2,.10e-1,.8e-2,.12e-1
,.10e-1,.8e-2,.10e-1,.10e-1,.8e-2,.9e-2,.9e-2,.12e-1,.12e-1,.8e-2,.9e-2,.11e-1,
.9e-2,.11e-1,.9e-2,.10e-1,.9e-2,.12e-1,.8e-2,.9e-2,.8e-2,.9e-2,.11e-1,.9e-2,.9e\
-2,.9e-2,.8e-2,.8e-2,.10e-1,.9e-2,.8e-2,.9e-2,.9e-2,.10e-1,.10e-1,.9e-2,.9e-2,.\
9e-2,.11e-1,.9e-2,.8e-2,.10e-1,.9e-2,.11e-1,.9e-2,.9e-2,.56e-1,.28e-1,.13e-1,.\
10e-1,.11e-1,.12e-1,.8e-2,.8e-2,.9e-2,.8e-2,.11e-1,.8e-2,.8e-2,.9e-2,.8e-2,.12e\
-1,.8e-2,.8e-2,.8e-2,.9e-2,.13e-1,.9e-2,.10e-1,.12e-1,.11e-1,.11e-1,.9e-2,.12e-\
1,.10e-1,.9e-2,.10e-1,.10e-1,.13e-1,.9e-2,.9e-2,.11e-1,.9e-2,.11e-1,.8e-2,.10e-\
1,.8e-2,.8e-2,.8e-2,.10e-1,.10e-1,.13e-1,.9e-2,.10e-1,.89e-1,.15e-1,.9e-2,.9e-2
,.10e-1,.13e-1,.9e-2,.9e-2,.10e-1,.12e-1,.10e-1,.9e-2,.8e-2,.9e-2,.9e-2,.9e-2,.\
10e-1,.11e-1,.10e-1,.9e-2,.13e-1,.13e-1,.13e-1,.12e-1,.14e-1,.13e-1,.15e-1,.14e\
-1,.15e-1,.14e-1,.16e-1,.18e-1,.14e-1,.18e-1,.17e-1,.16e-1,.15e-1,.15e-1,.13e-1
,.14e-1,.15e-1,.16e-1,.14e-1,.113,.17e-1,.15e-1,.14e-1,.10e-1,.9e-2,.11e-1,.10e\
-1,.11e-1,.12e-1,.11e-1,.10e-1,.11e-1,.14e-1,.15e-1,.10e-1,.10e-1,.12e-1,.14e-1
,.14e-1,.11e-1,.11e-1,.11e-1,.14e-1,.12e-1,.16e-1,.15e-1,.12e-1,.11e-1,.11e-1,.\
15e-1,.11e-1,.11e-1,.12e-1,.15e-1,.13e-1,.12e-1,.11e-1,.12e-1,.66e-1,.42e-1,.14\
e-1,.12e-1,.14e-1,.11e-1,.12e-1,.14e-1,.11e-1,.10e-1,.10e-1,.11e-1,.14e-1,.10e-\
1,.10e-1,.10e-1,.12e-1,.12e-1,.13e-1,.14e-1,.11e-1,.11e-1,.14e-1,.12e-1,.10e-1,
.12e-1,.16e-1,.18e-1,.17e-1,.14e-1,.12e-1,.12e-1,.11e-1,.11e-1,.13e-1,.14e-1,.\
13e-1,.49e-1,.14e-1,.10e-1,.11e-1,.13e-1,.14e-1,.15e-1,.12e-1,.16e-1,.12e-1,.11\
e-1,.10e-1,.11e-1,.14e-1,.16e-1,.15e-1,.12e-1,.14e-1,.14e-1,.13e-1,.13e-1,.13e-\
1,.16e-1,.13e-1,.14e-1,.14e-1,.12e-1,.12e-1,.11e-1,.14e-1,.16e-1,.13e-1,.13e-1,
.13e-1,.71e-1,.46e-1,.15e-1,.14e-1,.12e-1,.13e-1,.16e-1,.12e-1,.12e-1,.12e-1,.\
13e-1,.13e-1,.16e-1,.17e-1,.13e-1,.17e-1,.12e-1,.14e-1,.16e-1,.13e-1,.14e-1,.18\
e-1,.14e-1,.13e-1,.13e-1,.14e-1,.15e-1,.15e-1,.14e-1,.12e-1,.17e-1,.13e-1,.15e-\
1,.87e-1,.36e-1,.13e-1,.17e-1,.17e-1,.12e-1,.13e-1,.15e-1,.14e-1,.13e-1,.14e-1,
.17e-1,.12e-1,.14e-1,.16e-1,.16e-1,.16e-1,.16e-1,.13e-1,.18e-1,.15e-1,.17e-1,.\
13e-1,.13e-1,.14e-1,.17e-1,.14e-1,.14e-1,.19e-1,.14e-1,.14e-1,.74e-1,.48e-1,.13\
e-1,.14e-1,.16e-1,.18e-1,.14e-1,.14e-1,.15e-1,.15e-1,.12e-1,.13e-1,.15e-1,.18e-\
1,.13e-1,.19e-1,.18e-1,.18e-1,.14e-1,.17e-1,.14e-1,.15e-1,.17e-1,.14e-1,.14e-1,
.15e-1,.18e-1,.14e-1,.14e-1,.16e-1,.110,.24e-1,.15e-1,.15e-1,.14e-1,.14e-1,.16e\
-1,.13e-1,.13e-1,.14e-1,.18e-1,.14e-1,.14e-1,.18e-1,.18e-1,.18e-1,.15e-1,.17e-1
,.15e-1,.15e-1,.18e-1,.15e-1,.16e-1,.19e-1,.15e-1,.16e-1,.18e-1,.16e-1,.74e-1,.\
52e-1,.15e-1,.15e-1,.18e-1,.16e-1,.15e-1,.15e-1,.19e-1,.20e-1,.22e-1,.19e-1,.24\
e-1,.21e-1,.20e-1,.22e-1,.21e-1,.19e-1,.20e-1,.22e-1,.23e-1,.21e-1,.22e-1,.23e-\
1,.22e-1,.23e-1,.24e-1,.89e-1,.67e-1,.20e-1,.22e-1,.20e-1,.19e-1,.17e-1,.16e-1,
.16e-1,.19e-1,.24e-1,.20e-1,.16e-1,.16e-1,.24e-1,.16e-1,.16e-1,.17e-1,.21e-1,.\
23e-1,.21e-1,.23e-1,.22e-1,.25e-1,.23e-1,.25e-1,.22e-1,.141,.29e-1,.22e-1,.23e-\
1,.21e-1,.20e-1,.21e-1,.20e-1,.22e-1,.22e-1,.23e-1,.23e-1,.22e-1,.20e-1,.21e-1,
.19e-1,.21e-1,.22e-1,.24e-1,.24e-1,.23e-1,.24e-1,.23e-1,.25e-1,.24e-1,.103,.52e\
-1,.19e-1,.16e-1,.15e-1,.19e-1,.17e-1,.20e-1,.28e-1,.19e-1,.17e-1,.24e-1,.21e-1
,.19e-1,.24e-1,.22e-1,.21e-1,.24e-1,.21e-1,.16e-1,.19e-1,.18e-1,.17e-1,.17e-1,.\
95e-1,.82e-1,.26e-1,.24e-1,.25e-1,.24e-1,.25e-1,.26e-1,.24e-1,.25e-1,.23e-1,.23\
e-1,.22e-1,.19e-1,.24e-1,.22e-1,.20e-1,.22e-1,.18e-1,.20e-1,.21e-1,.19e-1,.21e-\
1,.18e-1,.96e-1,.45e-1,.17e-1,.19e-1,.16e-1,.17e-1,.22e-1,.18e-1,.16e-1,.17e-1,
.20e-1,.21e-1,.20e-1,.22e-1,.25e-1,.18e-1,.18e-1,.20e-1,.17e-1,.17e-1,.21e-1,.\
19e-1,.18e-1,.89e-1,.49e-1,.18e-1,.20e-1,.19e-1,.21e-1,.18e-1,.17e-1,.21e-1,.17\
e-1,.20e-1,.21e-1,.18e-1,.19e-1,.21e-1,.17e-1,.20e-1,.19e-1,.17e-1,.19e-1,.22e-\
1,.17e-1,.85e-1,.67e-1,.22e-1,.21e-1,.18e-1,.18e-1,.21e-1,.19e-1,.17e-1,.18e-1,
.22e-1,.22e-1,.20e-1,.21e-1,.19e-1,.21e-1,.18e-1,.18e-1,.22e-1,.19e-1,.19e-1,.\
21e-1,.93e-1,.59e-1,.22e-1,.18e-1,.18e-1,.20e-1,.19e-1,.19e-1,.23e-1,.17e-1,.18\
e-1,.22e-1,.18e-1,.19e-1,.22e-1,.19e-1,.18e-1,.24e-1,.20e-1,.20e-1,.22e-1,.79e-\
1,.77e-1,.19e-1,.22e-1,.18e-1,.21e-1,.19e-1,.20e-1,.22e-1,.21e-1,.22e-1,.20e-1,
.19e-1,.23e-1,.17e-1,.19e-1,.22e-1,.19e-1,.20e-1,.20e-1,.23e-1,.111,.41e-1,.22e\
-1,.21e-1,.21e-1,.29e-1,.21e-1,.27e-1,.23e-1,.25e-1,.20e-1,.24e-1,.18e-1,.18e-1
,.21e-1,.23e-1,.21e-1,.24e-1,.25e-1,.127,.25e-1,.22e-1,.19e-1,.22e-1,.20e-1,.20\
e-1,.22e-1,.22e-1,.23e-1,.21e-1,.20e-1,.20e-1,.20e-1,.23e-1,.21e-1,.21e-1,.24e-\
1,.21e-1,.23e-1,.84e-1,.23e-1,.19e-1,.24e-1,.19e-1,.20e-1,.24e-1,.20e-1,.25e-1,
.24e-1,.21e-1,.24e-1,.22e-1,.24e-1,.20e-1,.27e-1,.20e-1,.21e-1,.24e-1,.118,.38e\
-1,.21e-1,.24e-1,.20e-1,.23e-1,.20e-1,.23e-1,.21e-1,.25e-1,.22e-1,.24e-1,.21e-1
,.27e-1,.21e-1,.25e-1,.20e-1,.25e-1,.21e-1,.131,.29e-1,.24e-1,.20e-1,.23e-1,.20\
e-1,.20e-1,.24e-1,.23e-1,.24e-1,.25e-1,.23e-1,.26e-1,.22e-1,.26e-1,.22e-1,.25e-\
1,.110,.49e-1,.25e-1,.21e-1,.25e-1,.20e-1,.20e-1,.25e-1,.21e-1,.25e-1,.26e-1,.\
21e-1,.23e-1,.27e-1,.24e-1,.23e-1,.23e-1,.137,.26e-1,.21e-1,.25e-1,.20e-1,.24e-\
1,.22e-1,.23e-1,.24e-1,.22e-1,.27e-1,.22e-1,.22e-1,.26e-1,.29e-1,.31e-1,.80e-1,
.85e-1,.24e-1,.22e-1,.24e-1,.22e-1,.24e-1,.24e-1,.27e-1,.24e-1,.28e-1,.22e-1,.\
22e-1,.25e-1,.23e-1,.28e-1,.23e-1,.134,.44e-1,.21e-1,.24e-1,.22e-1,.24e-1,.23e-\
1,.24e-1,.27e-1,.27e-1,.25e-1,.22e-1,.23e-1,.24e-1,.28e-1,.88e-1,.80e-1,.25e-1,
.22e-1,.25e-1,.24e-1,.24e-1,.22e-1,.25e-1,.24e-1,.22e-1,.23e-1,.27e-1,.23e-1,.\
26e-1,.23e-1,.27e-1,.139,.32e-1,.25e-1,.22e-1,.25e-1,.23e-1,.26e-1,.27e-1,.27e-\
1,.22e-1,.22e-1,.27e-1,.23e-1,.27e-1,.24e-1,.133,.48e-1,.23e-1,.26e-1,.23e-1,.\
27e-1,.24e-1,.28e-1,.22e-1,.24e-1],[.3e-2,.4e-2,.5e-2,.3e-2,.3e-2,.3e-2,.3e-2,.\
3e-2,.4e-2,.3e-2,.4e-2,.3e-2,.3e-2,.3e-2,.4e-2,.4e-2,.5e-2,.5e-2,.4e-2,.4e-2,.4\
e-2,.5e-2,.3e-2,.4e-2,.5e-2,.5e-2,.7e-2,.6e-2,.4e-2,.4e-2,.4e-2,.4e-2,.4e-2,.4e\
-2,.4e-2,.5e-2,.58e-1,.7e-2,.6e-2,.5e-2,.3e-2,.4e-2,.4e-2,.4e-2,.4e-2,.4e-2,.3e\
-2,.4e-2,.4e-2,.4e-2,.4e-2,.4e-2,.4e-2,.5e-2,.4e-2,.4e-2,.7e-2,.5e-2,.4e-2,.5e-\
2,.5e-2,.4e-2,.5e-2,.5e-2,.4e-2,.7e-2,.4e-2,.5e-2,.4e-2,.5e-2,.5e-2,.5e-2,.5e-2
,.5e-2,.7e-2,.5e-2,.4e-2,.5e-2,.5e-2,.6e-2,.5e-2,.4e-2,.9e-2,.4e-2,.5e-2,.5e-2,
.5e-2,.5e-2,.4e-2,.5e-2,.4e-2,.5e-2,.6e-2,.4e-2,.6e-2,.5e-2,.9e-2,.5e-2,.5e-2,.\
5e-2,.5e-2,.5e-2,.5e-2,.8e-2,.6e-2,.6e-2,.5e-2,.5e-2,.6e-2,.6e-2,.6e-2,.8e-2,.6\
e-2,.5e-2,.5e-2,.6e-2,.7e-2,.72e-1,.11e-1,.7e-2,.5e-2,.5e-2,.6e-2,.5e-2,.5e-2,.\
5e-2,.5e-2,.6e-2,.6e-2,.5e-2,.6e-2,.7e-2,.7e-2,.6e-2,.6e-2,.6e-2,.6e-2,.6e-2,.6\
e-2,.9e-2,.5e-2,.6e-2,.6e-2,.6e-2,.7e-2,.7e-2,.8e-2,.6e-2,.7e-2,.6e-2,.10e-1,.6\
e-2,.8e-2,.6e-2,.9e-2,.7e-2,.5e-2,.6e-2,.7e-2,.6e-2,.7e-2,.7e-2,.9e-2,.8e-2,.6e\
-2,.6e-2,.6e-2,.8e-2,.8e-2,.9e-2,.6e-2,.6e-2,.7e-2,.8e-2,.7e-2,.13e-1,.19e-1,.\
15e-1,.14e-1,.13e-1,.7e-2,.66e-1,.8e-2,.8e-2,.6e-2,.7e-2,.6e-2,.11e-1,.6e-2,.7e\
-2,.7e-2,.7e-2,.7e-2,.6e-2,.7e-2,.9e-2,.8e-2,.7e-2,.8e-2,.8e-2,.8e-2,.11e-1,.7e\
-2,.7e-2,.7e-2,.6e-2,.6e-2,.8e-2,.8e-2,.10e-1,.7e-2,.7e-2,.8e-2,.8e-2,.8e-2,.11\
e-1,.7e-2,.8e-2,.10e-1,.9e-2,.9e-2,.9e-2,.10e-1,.8e-2,.8e-2,.7e-2,.9e-2,.11e-1,
.8e-2,.8e-2,.8e-2,.8e-2,.8e-2,.8e-2,.13e-1,.57e-1,.28e-1,.11e-1,.9e-2,.8e-2,.10\
e-1,.10e-1,.7e-2,.8e-2,.8e-2,.7e-2,.11e-1,.20e-1,.13e-1,.12e-1,.8e-2,.9e-2,.8e-\
2,.7e-2,.8e-2,.9e-2,.13e-1,.14e-1,.11e-1,.10e-1,.9e-2,.12e-1,.9e-2,.9e-2,.21e-1
,.23e-1,.17e-1,.17e-1,.12e-1,.16e-1,.15e-1,.14e-1,.13e-1,.17e-1,.13e-1,.12e-1,.\
14e-1,.13e-1,.12e-1,.12e-1,.13e-1,.14e-1,.12e-1,.70e-1,.37e-1,.11e-1,.13e-1,.11\
e-1,.12e-1,.10e-1,.14e-1,.13e-1,.12e-1,.12e-1,.11e-1,.13e-1,.13e-1,.12e-1,.13e-\
1,.10e-1,.13e-1,.14e-1,.12e-1,.12e-1,.11e-1,.14e-1,.14e-1,.15e-1,.15e-1,.12e-1,
.12e-1,.13e-1,.12e-1,.13e-1,.14e-1,.14e-1,.15e-1,.14e-1,.15e-1,.14e-1,.12e-1,.\
12e-1,.11e-1,.10e-1,.11e-1,.13e-1,.12e-1,.83e-1,.20e-1,.13e-1,.10e-1,.10e-1,.9e\
-2,.11e-1,.11e-1,.9e-2,.10e-1,.9e-2,.10e-1,.11e-1,.11e-1,.9e-2,.9e-2,.10e-1,.10\
e-1,.12e-1,.12e-1,.10e-1,.14e-1,.15e-1,.14e-1,.12e-1,.11e-1,.14e-1,.10e-1,.10e-\
1,.10e-1,.11e-1,.15e-1,.12e-1,.11e-1,.14e-1,.13e-1,.13e-1,.11e-1,.11e-1,.12e-1,
.86e-1,.21e-1,.11e-1,.10e-1,.10e-1,.10e-1,.12e-1,.12e-1,.10e-1,.11e-1,.11e-1,.\
13e-1,.11e-1,.11e-1,.12e-1,.12e-1,.12e-1,.14e-1,.15e-1,.11e-1,.11e-1,.12e-1,.15\
e-1,.11e-1,.12e-1,.11e-1,.11e-1,.16e-1,.15e-1,.13e-1,.12e-1,.14e-1,.15e-1,.18e-\
1,.15e-1,.13e-1,.11e-1,.87e-1,.28e-1,.11e-1,.11e-1,.10e-1,.11e-1,.14e-1,.13e-1,
.11e-1,.13e-1,.16e-1,.14e-1,.15e-1,.11e-1,.12e-1,.16e-1,.15e-1,.13e-1,.16e-1,.\
15e-1,.12e-1,.13e-1,.14e-1,.13e-1,.11e-1,.13e-1,.15e-1,.12e-1,.12e-1,.13e-1,.13\
e-1,.16e-1,.13e-1,.13e-1,.14e-1,.92e-1,.20e-1,.12e-1,.12e-1,.16e-1,.12e-1,.13e-\
1,.16e-1,.13e-1,.12e-1,.12e-1,.16e-1,.17e-1,.12e-1,.16e-1,.12e-1,.15e-1,.14e-1,
.13e-1,.14e-1,.15e-1,.13e-1,.13e-1,.16e-1,.13e-1,.13e-1,.16e-1,.13e-1,.14e-1,.\
15e-1,.14e-1,.13e-1,.13e-1,.51e-1,.16e-1,.14e-1,.17e-1,.16e-1,.15e-1,.16e-1,.17\
e-1,.13e-1,.15e-1,.16e-1,.12e-1,.14e-1,.13e-1,.12e-1,.18e-1,.17e-1,.13e-1,.14e-\
1,.17e-1,.14e-1,.15e-1,.17e-1,.14e-1,.15e-1,.19e-1,.13e-1,.16e-1,.19e-1,.14e-1,
.13e-1,.85e-1,.35e-1,.13e-1,.12e-1,.14e-1,.13e-1,.16e-1,.14e-1,.14e-1,.16e-1,.\
14e-1,.13e-1,.14e-1,.16e-1,.19e-1,.14e-1,.14e-1,.16e-1,.14e-1,.15e-1,.17e-1,.15\
e-1,.15e-1,.17e-1,.14e-1,.13e-1,.13e-1,.16e-1,.17e-1,.16e-1,.112,.17e-1,.14e-1,
.17e-1,.14e-1,.14e-1,.17e-1,.15e-1,.13e-1,.14e-1,.16e-1,.17e-1,.20e-1,.15e-1,.\
18e-1,.14e-1,.16e-1,.17e-1,.16e-1,.18e-1,.16e-1,.15e-1,.18e-1,.17e-1,.19e-1,.20\
e-1,.15e-1,.17e-1,.87e-1,.39e-1,.15e-1,.17e-1,.15e-1,.16e-1,.15e-1,.14e-1,.14e-\
1,.17e-1,.14e-1,.16e-1,.20e-1,.16e-1,.17e-1,.16e-1,.15e-1,.16e-1,.18e-1,.15e-1,
.14e-1,.21e-1,.18e-1,.15e-1,.17e-1,.16e-1,.15e-1,.68e-1,.64e-1,.14e-1,.16e-1,.\
18e-1,.16e-1,.18e-1,.15e-1,.16e-1,.17e-1,.16e-1,.16e-1,.15e-1,.19e-1,.20e-1,.15\
e-1,.16e-1,.22e-1,.19e-1,.20e-1,.16e-1,.19e-1,.16e-1,.15e-1,.17e-1,.18e-1,.15e-\
1,.92e-1,.44e-1,.16e-1,.16e-1,.19e-1,.15e-1,.16e-1,.19e-1,.15e-1,.16e-1,.19e-1,
.15e-1,.18e-1,.23e-1,.20e-1,.17e-1,.16e-1,.19e-1,.16e-1,.19e-1,.17e-1,.17e-1,.\
19e-1,.16e-1,.16e-1,.70e-1,.65e-1,.17e-1,.19e-1,.16e-1,.17e-1,.19e-1,.16e-1,.20\
e-1,.16e-1,.16e-1,.23e-1,.20e-1,.16e-1,.17e-1,.19e-1,.18e-1,.18e-1,.19e-1,.18e-\
1,.21e-1,.17e-1,.16e-1,.18e-1,.19e-1,.94e-1,.44e-1,.16e-1,.17e-1,.21e-1,.15e-1,
.15e-1,.18e-1,.25e-1,.18e-1,.21e-1,.22e-1,.21e-1,.17e-1,.17e-1,.18e-1,.19e-1,.\
17e-1,.21e-1,.17e-1,.16e-1,.20e-1,.21e-1,.23e-1,.104,.35e-1,.16e-1,.17e-1,.22e-\
1,.20e-1,.18e-1,.18e-1,.21e-1,.17e-1,.17e-1,.24e-1,.20e-1,.20e-1,.18e-1,.17e-1,
.17e-1,.20e-1,.18e-1,.18e-1,.22e-1,.18e-1,.22e-1,.95e-1,.46e-1,.24e-1,.18e-1,.\
21e-1,.17e-1,.20e-1,.18e-1,.18e-1,.20e-1,.17e-1,.21e-1,.22e-1,.17e-1,.18e-1,.19\
e-1,.19e-1,.18e-1,.21e-1,.17e-1,.21e-1,.19e-1,.20e-1,.76e-1,.17e-1,.22e-1,.17e-\
1,.18e-1,.25e-1,.19e-1,.21e-1,.18e-1,.20e-1,.22e-1,.23e-1,.20e-1,.21e-1,.19e-1,
.18e-1,.24e-1,.20e-1,.21e-1,.20e-1,.19e-1,.73e-1,.74e-1,.22e-1,.17e-1,.21e-1,.\
22e-1,.18e-1,.22e-1,.19e-1,.22e-1,.21e-1,.18e-1,.20e-1,.23e-1,.19e-1,.22e-1,.18\
e-1,.22e-1,.21e-1,.19e-1,.29e-1,.18e-1,.104,.44e-1,.21e-1,.18e-1,.21e-1,.20e-1,
.19e-1,.22e-1,.18e-1,.22e-1,.21e-1,.21e-1,.19e-1,.24e-1,.19e-1,.23e-1,.19e-1,.\
27e-1,.29e-1,.19e-1,.21e-1,.114,.35e-1,.20e-1,.22e-1,.19e-1,.22e-1,.19e-1,.17e-\
1,.19e-1,.23e-1,.23e-1,.21e-1,.21e-1,.20e-1,.42e-1,.49e-1,.29e-1,.18e-1,.19e-1,
.21e-1,.123,.28e-1,.22e-1,.18e-1,.18e-1,.18e-1,.24e-1,.19e-1,.22e-1,.23e-1,.25e\
-1,.30e-1,.25e-1,.20e-1,.23e-1,.20e-1,.19e-1,.20e-1,.94e-1,.65e-1,.20e-1,.23e-1
,.19e-1,.17e-1,.21e-1,.23e-1,.21e-1,.25e-1,.28e-1,.24e-1,.23e-1,.24e-1,.21e-1,.\
19e-1,.25e-1,.20e-1,.23e-1,.108,.68e-1,.23e-1,.19e-1,.19e-1,.21e-1,.24e-1,.21e-\
1,.27e-1,.24e-1,.25e-1,.21e-1,.25e-1,.20e-1,.24e-1,.21e-1,.19e-1,.21e-1,.25e-1,
.92e-1,.70e-1,.23e-1,.22e-1,.23e-1,.19e-1,.30e-1,.23e-1,.27e-1,.22e-1,.19e-1,.\
21e-1,.25e-1,.21e-1,.25e-1,.20e-1,.26e-1,.21e-1,.24e-1,.128,.34e-1,.21e-1,.24e-\
1,.29e-1,.24e-1,.22e-1,.26e-1,.23e-1,.21e-1,.25e-1,.22e-1,.26e-1,.21e-1,.22e-1,
.26e-1,.90e-1,.76e-1,.23e-1,.22e-1,.24e-1,.21e-1,.25e-1,.23e-1,.30e-1,.21e-1,.\
20e-1,.23e-1,.25e-1,.23e-1,.25e-1,.23e-1,.25e-1,.26e-1,.123,.43e-1,.31e-1,.25e-\
1,.21e-1,.24e-1,.21e-1,.20e-1,.27e-1,.24e-1,.24e-1,.23e-1,.24e-1,.26e-1,.24e-1,
.24e-1,.27e-1,.69e-1,.104,.26e-1,.21e-1,.22e-1,.24e-1,.21e-1,.21e-1,.28e-1,.28e\
-1,.23e-1,.26e-1,.24e-1,.24e-1,.24e-1,.23e-1,.145,.33e-1,.23e-1,.26e-1,.22e-1,.\
26e-1,.21e-1,.25e-1,.25e-1,.24e-1,.26e-1,.23e-1,.27e-1,.23e-1,.26e-1,.97e-1,.69\
e-1,.26e-1,.25e-1,.25e-1,.23e-1,.27e-1,.22e-1,.27e-1,.24e-1,.23e-1,.26e-1,.23e-\
1,.27e-1,.24e-1,.28e-1,.110,.65e-1,.27e-1,.22e-1,.27e-1,.22e-1,.27e-1,.25e-1,.\
24e-1],[.3e-2,.5e-2,.4e-2,.4e-2,.5e-2,.3e-2,.3e-2,.3e-2,.3e-2,.3e-2,.3e-2,.4e-2
,.3e-2,.3e-2,.6e-2,.4e-2,.3e-2,.4e-2,.4e-2,.3e-2,.4e-2,.4e-2,.4e-2,.3e-2,.4e-2,
.4e-2,.4e-2,.4e-2,.5e-2,.5e-2,.4e-2,.4e-2,.5e-2,.3e-2,.4e-2,.4e-2,.6e-2,.4e-2,.\
6e-2,.4e-2,.4e-2,.5e-2,.58e-1,.6e-2,.6e-2,.5e-2,.6e-2,.4e-2,.5e-2,.5e-2,.6e-2,.\
4e-2,.7e-2,.4e-2,.4e-2,.4e-2,.4e-2,.4e-2,.5e-2,.5e-2,.4e-2,.5e-2,.4e-2,.4e-2,.7\
e-2,.5e-2,.5e-2,.4e-2,.5e-2,.5e-2,.5e-2,.4e-2,.6e-2,.6e-2,.5e-2,.5e-2,.6e-2,.5e\
-2,.5e-2,.5e-2,.6e-2,.7e-2,.5e-2,.5e-2,.5e-2,.5e-2,.5e-2,.5e-2,.5e-2,.8e-2,.5e-\
2,.5e-2,.7e-2,.6e-2,.6e-2,.5e-2,.5e-2,.6e-2,.5e-2,.5e-2,.6e-2,.8e-2,.6e-2,.5e-2
,.5e-2,.6e-2,.5e-2,.6e-2,.5e-2,.9e-2,.6e-2,.6e-2,.7e-2,.7e-2,.6e-2,.5e-2,.10e-1
,.5e-2,.6e-2,.5e-2,.5e-2,.58e-1,.17e-1,.5e-2,.6e-2,.6e-2,.5e-2,.6e-2,.6e-2,.8e-\
2,.5e-2,.6e-2,.6e-2,.6e-2,.6e-2,.6e-2,.8e-2,.6e-2,.6e-2,.6e-2,.6e-2,.6e-2,.6e-2
,.8e-2,.8e-2,.6e-2,.6e-2,.6e-2,.6e-2,.7e-2,.9e-2,.6e-2,.6e-2,.5e-2,.10e-1,.6e-2
,.6e-2,.6e-2,.6e-2,.7e-2,.7e-2,.11e-1,.7e-2,.7e-2,.9e-2,.8e-2,.9e-2,.7e-2,.7e-2
,.6e-2,.7e-2,.7e-2,.8e-2,.9e-2,.7e-2,.8e-2,.7e-2,.8e-2,.9e-2,.6e-2,.7e-2,.7e-2,
.7e-2,.7e-2,.13e-1,.26e-1,.8e-2,.7e-2,.10e-1,.7e-2,.7e-2,.7e-2,.7e-2,.6e-2,.10e\
-1,.7e-2,.6e-2,.7e-2,.8e-2,.7e-2,.10e-1,.7e-2,.7e-2,.7e-2,.9e-2,.7e-2,.10e-1,.7\
e-2,.7e-2,.8e-2,.7e-2,.6e-2,.10e-1,.8e-2,.10e-1,.12e-1,.8e-2,.7e-2,.7e-2,.8e-2,
.7e-2,.11e-1,.8e-2,.8e-2,.8e-2,.9e-2,.7e-2,.7e-2,.11e-1,.8e-2,.9e-2,.7e-2,.9e-2
,.11e-1,.10e-1,.9e-2,.12e-1,.9e-2,.9e-2,.72e-1,.16e-1,.11e-1,.7e-2,.9e-2,.7e-2,
.8e-2,.10e-1,.8e-2,.8e-2,.8e-2,.8e-2,.7e-2,.10e-1,.8e-2,.9e-2,.9e-2,.8e-2,.11e-\
1,.8e-2,.10e-1,.9e-2,.8e-2,.12e-1,.12e-1,.9e-2,.8e-2,.8e-2,.9e-2,.8e-2,.9e-2,.\
11e-1,.9e-2,.9e-2,.10e-1,.10e-1,.10e-1,.9e-2,.9e-2,.9e-2,.13e-1,.10e-1,.13e-1,.\
9e-2,.10e-1,.11e-1,.13e-1,.9e-2,.34e-1,.12e-1,.9e-2,.9e-2,.10e-1,.9e-2,.8e-2,.9\
e-2,.9e-2,.12e-1,.8e-2,.9e-2,.9e-2,.9e-2,.9e-2,.10e-1,.10e-1,.10e-1,.10e-1,.9e-\
2,.10e-1,.10e-1,.13e-1,.9e-2,.9e-2,.11e-1,.11e-1,.11e-1,.11e-1,.11e-1,.10e-1,.\
13e-1,.10e-1,.10e-1,.14e-1,.14e-1,.10e-1,.11e-1,.11e-1,.9e-2,.10e-1,.11e-1,.14e\
-1,.39e-1,.11e-1,.10e-1,.11e-1,.9e-2,.9e-2,.9e-2,.9e-2,.10e-1,.9e-2,.12e-1,.10e\
-1,.9e-2,.10e-1,.10e-1,.13e-1,.9e-2,.10e-1,.12e-1,.14e-1,.10e-1,.10e-1,.14e-1,.\
14e-1,.10e-1,.10e-1,.10e-1,.10e-1,.13e-1,.12e-1,.12e-1,.11e-1,.11e-1,.11e-1,.11\
e-1,.10e-1,.11e-1,.11e-1,.15e-1,.56e-1,.42e-1,.11e-1,.12e-1,.11e-1,.10e-1,.10e-\
1,.10e-1,.13e-1,.10e-1,.10e-1,.9e-2,.10e-1,.12e-1,.12e-1,.10e-1,.11e-1,.11e-1,.\
10e-1,.14e-1,.15e-1,.11e-1,.14e-1,.13e-1,.12e-1,.16e-1,.15e-1,.12e-1,.11e-1,.12\
e-1,.16e-1,.10e-1,.12e-1,.11e-1,.13e-1,.12e-1,.15e-1,.61e-1,.41e-1,.14e-1,.11e-\
1,.11e-1,.11e-1,.15e-1,.10e-1,.11e-1,.10e-1,.10e-1,.13e-1,.13e-1,.12e-1,.11e-1,
.13e-1,.15e-1,.11e-1,.11e-1,.15e-1,.14e-1,.16e-1,.14e-1,.15e-1,.12e-1,.12e-1,.\
15e-1,.13e-1,.11e-1,.11e-1,.11e-1,.13e-1,.13e-1,.14e-1,.12e-1,.77e-1,.37e-1,.13\
e-1,.12e-1,.12e-1,.14e-1,.11e-1,.13e-1,.13e-1,.14e-1,.12e-1,.11e-1,.11e-1,.14e-\
1,.13e-1,.12e-1,.12e-1,.17e-1,.16e-1,.12e-1,.12e-1,.14e-1,.13e-1,.16e-1,.13e-1,
.13e-1,.16e-1,.13e-1,.13e-1,.17e-1,.14e-1,.13e-1,.13e-1,.82e-1,.33e-1,.12e-1,.\
16e-1,.13e-1,.13e-1,.13e-1,.12e-1,.13e-1,.16e-1,.13e-1,.14e-1,.16e-1,.19e-1,.17\
e-1,.16e-1,.15e-1,.12e-1,.15e-1,.16e-1,.13e-1,.13e-1,.13e-1,.14e-1,.17e-1,.14e-\
1,.14e-1,.16e-1,.15e-1,.19e-1,.17e-1,.69e-1,.53e-1,.15e-1,.14e-1,.13e-1,.13e-1,
.17e-1,.12e-1,.14e-1,.17e-1,.16e-1,.15e-1,.16e-1,.14e-1,.14e-1,.14e-1,.14e-1,.\
17e-1,.14e-1,.14e-1,.16e-1,.15e-1,.15e-1,.16e-1,.16e-1,.15e-1,.17e-1,.16e-1,.13\
e-1,.16e-1,.93e-1,.29e-1,.14e-1,.16e-1,.14e-1,.18e-1,.18e-1,.14e-1,.14e-1,.17e-\
1,.13e-1,.13e-1,.13e-1,.13e-1,.17e-1,.15e-1,.17e-1,.17e-1,.16e-1,.14e-1,.14e-1,
.15e-1,.18e-1,.15e-1,.15e-1,.17e-1,.15e-1,.14e-1,.66e-1,.58e-1,.14e-1,.18e-1,.\
19e-1,.15e-1,.17e-1,.16e-1,.15e-1,.18e-1,.14e-1,.13e-1,.14e-1,.15e-1,.16e-1,.17\
e-1,.16e-1,.20e-1,.16e-1,.16e-1,.19e-1,.15e-1,.16e-1,.19e-1,.16e-1,.18e-1,.17e-\
1,.16e-1,.114,.25e-1,.15e-1,.17e-1,.15e-1,.13e-1,.13e-1,.15e-1,.17e-1,.15e-1,.\
15e-1,.16e-1,.18e-1,.18e-1,.20e-1,.17e-1,.17e-1,.19e-1,.14e-1,.17e-1,.16e-1,.19\
e-1,.15e-1,.16e-1,.17e-1,.16e-1,.96e-1,.42e-1,.16e-1,.17e-1,.16e-1,.15e-1,.18e-\
1,.15e-1,.14e-1,.16e-1,.19e-1,.15e-1,.22e-1,.17e-1,.15e-1,.16e-1,.21e-1,.17e-1,
.17e-1,.21e-1,.16e-1,.15e-1,.19e-1,.19e-1,.16e-1,.79e-1,.76e-1,.15e-1,.16e-1,.\
19e-1,.15e-1,.15e-1,.15e-1,.16e-1,.19e-1,.16e-1,.19e-1,.19e-1,.19e-1,.18e-1,.16\
e-1,.17e-1,.19e-1,.19e-1,.19e-1,.17e-1,.16e-1,.22e-1,.17e-1,.20e-1,.92e-1,.46e-\
1,.20e-1,.15e-1,.15e-1,.15e-1,.16e-1,.20e-1,.16e-1,.18e-1,.20e-1,.19e-1,.22e-1,
.17e-1,.16e-1,.17e-1,.18e-1,.20e-1,.19e-1,.23e-1,.21e-1,.22e-1,.17e-1,.19e-1,.1\
00,.40e-1,.21e-1,.16e-1,.17e-1,.20e-1,.16e-1,.21e-1,.17e-1,.18e-1,.20e-1,.21e-1
,.19e-1,.18e-1,.21e-1,.18e-1,.24e-1,.17e-1,.18e-1,.18e-1,.21e-1,.18e-1,.90e-1,.\
47e-1,.17e-1,.19e-1,.18e-1,.18e-1,.19e-1,.19e-1,.19e-1,.19e-1,.19e-1,.21e-1,.19\
e-1,.22e-1,.23e-1,.22e-1,.17e-1,.16e-1,.18e-1,.20e-1,.17e-1,.19e-1,.21e-1,.117,
.25e-1,.19e-1,.18e-1,.23e-1,.20e-1,.22e-1,.17e-1,.22e-1,.18e-1,.20e-1,.24e-1,.\
23e-1,.18e-1,.23e-1,.21e-1,.21e-1,.20e-1,.19e-1,.19e-1,.21e-1,.101,.53e-1,.24e-\
1,.18e-1,.18e-1,.21e-1,.20e-1,.19e-1,.22e-1,.21e-1,.24e-1,.17e-1,.17e-1,.19e-1,
.23e-1,.19e-1,.20e-1,.21e-1,.20e-1,.23e-1,.17e-1,.84e-1,.80e-1,.22e-1,.18e-1,.\
20e-1,.19e-1,.22e-1,.23e-1,.24e-1,.24e-1,.23e-1,.19e-1,.22e-1,.19e-1,.21e-1,.19\
e-1,.20e-1,.22e-1,.19e-1,.18e-1,.118,.31e-1,.19e-1,.20e-1,.19e-1,.19e-1,.23e-1,
.18e-1,.24e-1,.23e-1,.19e-1,.20e-1,.23e-1,.21e-1,.24e-1,.19e-1,.19e-1,.20e-1,.\
24e-1,.103,.46e-1,.23e-1,.20e-1,.20e-1,.28e-1,.25e-1,.22e-1,.24e-1,.28e-1,.20e-\
1,.20e-1,.24e-1,.23e-1,.24e-1,.19e-1,.20e-1,.25e-1,.105,.58e-1,.24e-1,.20e-1,.\
23e-1,.19e-1,.19e-1,.21e-1,.25e-1,.22e-1,.24e-1,.20e-1,.24e-1,.21e-1,.24e-1,.21\
e-1,.24e-1,.20e-1,.19e-1,.20e-1,.140,.22e-1,.28e-1,.19e-1,.23e-1,.21e-1,.20e-1,
.18e-1,.25e-1,.24e-1,.25e-1,.19e-1,.24e-1,.24e-1,.21e-1,.25e-1,.21e-1,.20e-1,.1\
29,.35e-1,.26e-1,.25e-1,.21e-1,.23e-1,.19e-1,.20e-1,.24e-1,.25e-1,.24e-1,.24e-1
,.19e-1,.22e-1,.23e-1,.22e-1,.24e-1,.124,.40e-1,.24e-1,.21e-1,.24e-1,.21e-1,.20\
e-1,.25e-1,.24e-1,.26e-1,.21e-1,.25e-1,.21e-1,.26e-1,.20e-1,.20e-1,.24e-1,.80e-\
1,.98e-1,.23e-1,.23e-1,.23e-1,.24e-1,.22e-1,.24e-1,.23e-1,.26e-1,.22e-1,.31e-1,
.26e-1,.22e-1,.25e-1,.23e-1,.26e-1,.22e-1,.98e-1,.80e-1,.23e-1,.23e-1,.24e-1,.\
24e-1,.23e-1,.25e-1,.26e-1,.26e-1,.23e-1,.27e-1,.22e-1,.23e-1,.27e-1,.24e-1,.91\
e-1,.94e-1,.23e-1,.21e-1,.20e-1,.23e-1,.25e-1,.24e-1,.27e-1,.27e-1,.21e-1,.22e-\
1,.25e-1,.22e-1,.27e-1,.22e-1,.23e-1,.126,.59e-1,.22e-1,.26e-1,.25e-1,.24e-1,.\
26e-1,.27e-1,.21e-1,.24e-1,.26e-1,.23e-1,.26e-1,.25e-1,.25e-1,.115,.75e-1,.23e-\
1,.26e-1,.24e-1,.27e-1,.23e-1,.28e-1,.25e-1,.23e-1,.26e-1,.24e-1,.28e-1,.24e-1,
.30e-1,.25e-1,.29e-1,.123,.53e-1,.26e-1,.24e-1,.27e-1,.23e-1,.29e-1,.27e-1,.25e\
-1,.22e-1,.25e-1],[.3e-2,.5e-2,.5e-2,.4e-2,.3e-2,.3e-2,.3e-2,.5e-2,.6e-2,.4e-2,
.5e-2,.5e-2,.3e-2,.4e-2,.4e-2,.4e-2,.4e-2,.5e-2,.5e-2,.4e-2,.5e-2,.5e-2,.5e-2,.\
3e-2,.4e-2,.3e-2,.4e-2,.4e-2,.4e-2,.5e-2,.4e-2,.4e-2,.56e-1,.8e-2,.8e-2,.4e-2,.\
6e-2,.4e-2,.4e-2,.3e-2,.4e-2,.3e-2,.4e-2,.4e-2,.4e-2,.5e-2,.5e-2,.6e-2,.5e-2,.4\
e-2,.5e-2,.5e-2,.5e-2,.3e-2,.5e-2,.5e-2,.5e-2,.4e-2,.6e-2,.6e-2,.5e-2,.4e-2,.5e\
-2,.4e-2,.5e-2,.6e-2,.5e-2,.6e-2,.5e-2,.5e-2,.4e-2,.4e-2,.4e-2,.4e-2,.4e-2,.5e-\
2,.5e-2,.5e-2,.7e-2,.6e-2,.7e-2,.6e-2,.6e-2,.5e-2,.5e-2,.6e-2,.5e-2,.5e-2,.6e-2
,.5e-2,.5e-2,.9e-2,.6e-2,.6e-2,.6e-2,.8e-2,.6e-2,.6e-2,.5e-2,.6e-2,.6e-2,.6e-2,
.5e-2,.5e-2,.6e-2,.7e-2,.6e-2,.5e-2,.5e-2,.6e-2,.5e-2,.5e-2,.6e-2,.6e-2,.6e-2,.\
58e-1,.16e-1,.8e-2,.6e-2,.6e-2,.5e-2,.5e-2,.8e-2,.6e-2,.7e-2,.5e-2,.6e-2,.5e-2,
.6e-2,.7e-2,.6e-2,.6e-2,.6e-2,.7e-2,.7e-2,.6e-2,.7e-2,.6e-2,.5e-2,.6e-2,.9e-2,.\
7e-2,.6e-2,.6e-2,.5e-2,.6e-2,.6e-2,.6e-2,.6e-2,.9e-2,.8e-2,.10e-1,.6e-2,.7e-2,.\
7e-2,.10e-1,.8e-2,.7e-2,.6e-2,.6e-2,.7e-2,.7e-2,.8e-2,.9e-2,.7e-2,.8e-2,.6e-2,.\
7e-2,.7e-2,.10e-1,.7e-2,.7e-2,.7e-2,.7e-2,.7e-2,.10e-1,.6e-2,.7e-2,.7e-2,.52e-1
,.24e-1,.10e-1,.9e-2,.7e-2,.8e-2,.8e-2,.8e-2,.7e-2,.6e-2,.7e-2,.7e-2,.10e-1,.9e\
-2,.7e-2,.6e-2,.7e-2,.8e-2,.10e-1,.7e-2,.7e-2,.7e-2,.8e-2,.7e-2,.7e-2,.7e-2,.7e\
-2,.8e-2,.10e-1,.9e-2,.12e-1,.8e-2,.9e-2,.10e-1,.9e-2,.7e-2,.8e-2,.8e-2,.9e-2,.\
9e-2,.7e-2,.8e-2,.9e-2,.8e-2,.12e-1,.7e-2,.8e-2,.8e-2,.8e-2,.13e-1,.8e-2,.8e-2,
.7e-2,.7e-2,.8e-2,.56e-1,.29e-1,.8e-2,.11e-1,.8e-2,.7e-2,.8e-2,.11e-1,.7e-2,.9e\
-2,.8e-2,.8e-2,.9e-2,.7e-2,.12e-1,.8e-2,.8e-2,.8e-2,.8e-2,.8e-2,.8e-2,.8e-2,.9e\
-2,.12e-1,.11e-1,.10e-1,.11e-1,.12e-1,.9e-2,.10e-1,.9e-2,.10e-1,.10e-1,.9e-2,.8\
e-2,.10e-1,.9e-2,.11e-1,.9e-2,.9e-2,.8e-2,.8e-2,.8e-2,.10e-1,.9e-2,.12e-1,.9e-2
,.9e-2,.10e-1,.83e-1,.15e-1,.10e-1,.10e-1,.10e-1,.10e-1,.9e-2,.8e-2,.10e-1,.11e\
-1,.10e-1,.9e-2,.8e-2,.8e-2,.9e-2,.10e-1,.14e-1,.13e-1,.14e-1,.11e-1,.11e-1,.11\
e-1,.13e-1,.9e-2,.10e-1,.9e-2,.11e-1,.11e-1,.10e-1,.11e-1,.13e-1,.11e-1,.10e-1,
.10e-1,.11e-1,.14e-1,.10e-1,.9e-2,.9e-2,.9e-2,.10e-1,.10e-1,.11e-1,.71e-1,.37e-\
1,.10e-1,.12e-1,.9e-2,.10e-1,.10e-1,.10e-1,.11e-1,.13e-1,.14e-1,.10e-1,.14e-1,.\
10e-1,.11e-1,.11e-1,.10e-1,.10e-1,.13e-1,.13e-1,.12e-1,.10e-1,.14e-1,.10e-1,.10\
e-1,.9e-2,.10e-1,.10e-1,.11e-1,.14e-1,.10e-1,.11e-1,.11e-1,.13e-1,.11e-1,.12e-1
,.12e-1,.15e-1,.11e-1,.11e-1,.66e-1,.43e-1,.10e-1,.10e-1,.10e-1,.12e-1,.14e-1,.\
16e-1,.13e-1,.14e-1,.11e-1,.10e-1,.11e-1,.12e-1,.13e-1,.11e-1,.10e-1,.14e-1,.13\
e-1,.16e-1,.11e-1,.11e-1,.11e-1,.13e-1,.13e-1,.12e-1,.12e-1,.11e-1,.16e-1,.11e-\
1,.12e-1,.12e-1,.17e-1,.11e-1,.11e-1,.12e-1,.11e-1,.15e-1,.93e-1,.16e-1,.14e-1,
.13e-1,.11e-1,.12e-1,.15e-1,.11e-1,.11e-1,.13e-1,.14e-1,.11e-1,.11e-1,.11e-1,.\
12e-1,.14e-1,.12e-1,.16e-1,.13e-1,.13e-1,.15e-1,.12e-1,.13e-1,.12e-1,.12e-1,.15\
e-1,.13e-1,.13e-1,.16e-1,.12e-1,.12e-1,.16e-1,.13e-1,.12e-1,.12e-1,.99e-1,.23e-\
1,.12e-1,.11e-1,.13e-1,.16e-1,.12e-1,.12e-1,.14e-1,.13e-1,.15e-1,.14e-1,.15e-1,
.16e-1,.14e-1,.19e-1,.20e-1,.16e-1,.13e-1,.15e-1,.14e-1,.21e-1,.29e-1,.23e-1,.\
19e-1,.24e-1,.23e-1,.27e-1,.20e-1,.22e-1,.21e-1,.20e-1,.99e-1,.49e-1,.24e-1,.18\
e-1,.17e-1,.18e-1,.18e-1,.19e-1,.19e-1,.17e-1,.18e-1,.17e-1,.16e-1,.17e-1,.19e-\
1,.17e-1,.17e-1,.17e-1,.18e-1,.16e-1,.17e-1,.17e-1,.16e-1,.18e-1,.20e-1,.17e-1,
.18e-1,.17e-1,.18e-1,.19e-1,.17e-1,.65e-1,.54e-1,.16e-1,.15e-1,.14e-1,.13e-1,.\
13e-1,.18e-1,.13e-1,.15e-1,.18e-1,.12e-1,.13e-1,.13e-1,.16e-1,.18e-1,.14e-1,.15\
e-1,.14e-1,.15e-1,.14e-1,.14e-1,.18e-1,.15e-1,.14e-1,.14e-1,.18e-1,.17e-1,.16e-\
1,.17e-1,.82e-1,.38e-1,.14e-1,.13e-1,.14e-1,.15e-1,.16e-1,.17e-1,.14e-1,.17e-1,
.15e-1,.13e-1,.15e-1,.17e-1,.14e-1,.19e-1,.16e-1,.14e-1,.15e-1,.17e-1,.15e-1,.\
15e-1,.14e-1,.18e-1,.15e-1,.21e-1,.15e-1,.14e-1,.14e-1,.65e-1,.14e-1,.14e-1,.17\
e-1,.18e-1,.14e-1,.16e-1,.16e-1,.14e-1,.14e-1,.18e-1,.19e-1,.19e-1,.19e-1,.16e-\
1,.17e-1,.23e-1,.19e-1,.21e-1,.15e-1,.15e-1,.19e-1,.15e-1,.14e-1,.20e-1,.18e-1,
.17e-1,.123,.39e-1,.20e-1,.16e-1,.17e-1,.18e-1,.14e-1,.14e-1,.15e-1,.19e-1,.15e\
-1,.18e-1,.16e-1,.20e-1,.15e-1,.16e-1,.16e-1,.18e-1,.18e-1,.19e-1,.16e-1,.17e-1
,.19e-1,.16e-1,.19e-1,.18e-1,.75e-1,.55e-1,.19e-1,.16e-1,.19e-1,.15e-1,.16e-1,.\
18e-1,.15e-1,.14e-1,.15e-1,.17e-1,.19e-1,.16e-1,.16e-1,.21e-1,.19e-1,.20e-1,.15\
e-1,.16e-1,.20e-1,.17e-1,.20e-1,.20e-1,.16e-1,.16e-1,.125,.28e-1,.21e-1,.20e-1,
.22e-1,.21e-1,.20e-1,.20e-1,.16e-1,.17e-1,.20e-1,.16e-1,.20e-1,.18e-1,.17e-1,.\
20e-1,.17e-1,.17e-1,.16e-1,.17e-1,.20e-1,.17e-1,.17e-1,.20e-1,.78e-1,.61e-1,.21\
e-1,.17e-1,.18e-1,.17e-1,.19e-1,.18e-1,.16e-1,.17e-1,.26e-1,.23e-1,.19e-1,.22e-\
1,.20e-1,.18e-1,.16e-1,.17e-1,.22e-1,.16e-1,.18e-1,.19e-1,.16e-1,.22e-1,.98e-1,
.52e-1,.15e-1,.17e-1,.38e-1,.34e-1,.31e-1,.29e-1,.32e-1,.29e-1,.27e-1,.23e-1,.\
22e-1,.26e-1,.20e-1,.27e-1,.19e-1,.19e-1,.25e-1,.20e-1,.27e-1,.19e-1,.18e-1,.11\
9,.64e-1,.25e-1,.25e-1,.25e-1,.24e-1,.22e-1,.24e-1,.25e-1,.24e-1,.23e-1,.24e-1,
.23e-1,.24e-1,.24e-1,.23e-1,.22e-1,.17e-1,.19e-1,.26e-1,.22e-1,.138,.49e-1,.39e\
-1,.33e-1,.34e-1,.29e-1,.32e-1,.28e-1,.22e-1,.25e-1,.23e-1,.28e-1,.22e-1,.27e-1
,.24e-1,.25e-1,.25e-1,.25e-1,.24e-1,.25e-1,.24e-1,.26e-1,.144,.37e-1,.28e-1,.27\
e-1,.25e-1,.27e-1,.27e-1,.22e-1,.23e-1,.19e-1,.21e-1,.24e-1,.23e-1,.25e-1,.22e-\
1,.24e-1,.22e-1,.21e-1,.24e-1,.77e-1,.80e-1,.19e-1,.22e-1,.20e-1,.21e-1,.18e-1,
.22e-1,.19e-1,.18e-1,.20e-1,.24e-1,.20e-1,.20e-1,.20e-1,.20e-1,.25e-1,.22e-1,.\
23e-1,.21e-1,.22e-1,.76e-1,.75e-1,.19e-1,.23e-1,.18e-1,.19e-1,.22e-1,.18e-1,.17\
e-1,.20e-1,.26e-1,.22e-1,.22e-1,.19e-1,.23e-1,.19e-1,.21e-1,.22e-1,.21e-1,.20e-\
1,.101,.59e-1,.19e-1,.21e-1,.20e-1,.20e-1,.22e-1,.20e-1,.22e-1,.24e-1,.22e-1,.\
20e-1,.32e-1,.26e-1,.22e-1,.24e-1,.30e-1,.24e-1,.24e-1,.88e-1,.91e-1,.19e-1,.23\
e-1,.19e-1,.18e-1,.20e-1,.23e-1,.24e-1,.24e-1,.21e-1,.24e-1,.20e-1,.24e-1,.21e-\
1,.20e-1,.20e-1,.25e-1,.26e-1,.90e-1,.175,.35e-1,.32e-1,.32e-1,.29e-1,.33e-1,.\
33e-1,.29e-1,.30e-1,.32e-1,.31e-1,.32e-1,.32e-1,.31e-1,.30e-1,.29e-1,.34e-1,.32\
e-1,.101,.107,.30e-1,.30e-1,.30e-1,.31e-1,.31e-1,.29e-1,.26e-1,.25e-1,.20e-1,.\
21e-1,.25e-1,.22e-1,.26e-1,.20e-1,.25e-1,.22e-1,.97e-1,.73e-1,.23e-1,.21e-1,.24\
e-1,.22e-1,.23e-1,.21e-1,.25e-1,.21e-1,.20e-1,.22e-1,.23e-1,.24e-1,.24e-1,.22e-\
1,.22e-1,.26e-1,.22e-1,.155,.23e-1,.21e-1,.24e-1,.24e-1,.26e-1,.28e-1,.26e-1,.\
22e-1,.24e-1,.24e-1,.26e-1,.23e-1,.26e-1,.23e-1,.27e-1,.27e-1,.112,.75e-1,.22e-\
1,.27e-1,.23e-1,.26e-1,.22e-1,.25e-1,.29e-1,.23e-1,.25e-1,.26e-1,.30e-1,.24e-1,
.26e-1,.23e-1,.121,.53e-1,.22e-1,.24e-1,.28e-1,.26e-1,.28e-1,.28e-1,.29e-1,.31e\
-1,.29e-1,.25e-1,.27e-1,.25e-1,.27e-1,.26e-1,.23e-1,.98e-1,.97e-1,.23e-1,.27e-1
,.30e-1,.28e-1,.28e-1,.31e-1,.26e-1,.29e-1,.26e-1,.29e-1,.27e-1,.30e-1,.28e-1,.\
30e-1,.112,.96e-1,.34e-1,.31e-1,.31e-1,.32e-1,.24e-1,.25e-1,.29e-1,.25e-1,.28e-\
1,.24e-1,.27e-1,.25e-1,.27e-1,.163,.28e-1,.28e-1,.28e-1,.24e-1,.29e-1,.27e-1,.\
27e-1,.24e-1,.28e-1,.23e-1,.25e-1]]);
