TIMES1 := Matrix(5, 101, [[.2e-2,.5e-2,.2e-2,.3e-2,.4e-2,.3e-2,.5e-2,.3e-2,.5e-\
2,.5e-2,.3e-2,.3e-2,.4e-2,.18e-1,.8e-2,.4e-2,.5e-2,.3e-2,.5e-2,.5e-2,.4e-2,.4e-\
2,.4e-2,.4e-2,.5e-2,.8e-2,.4e-2,.3e-2,.3e-2,.4e-2,.4e-2,.4e-2,.4e-2,.4e-2,.4e-2
,.4e-2,.3e-2,.4e-2,.5e-2,.7e-2,.4e-2,.4e-2,.4e-2,.4e-2,.3e-2,.4e-2,.20e-1,.8e-2
,.8e-2,.4e-2,.6e-2,.6e-2,.5e-2,.5e-2,.4e-2,.5e-2,.5e-2,.5e-2,.4e-2,.5e-2,.7e-2,
.5e-2,.5e-2,.7e-2,.5e-2,.5e-2,.5e-2,.4e-2,.7e-2,.4e-2,.5e-2,.6e-2,.5e-2,.21e-1,
.13e-1,.6e-2,.4e-2,.4e-2,.5e-2,.5e-2,.5e-2,.4e-2,.5e-2,.5e-2,.6e-2,.5e-2,.10e-1
,.5e-2,.5e-2,.5e-2,.6e-2,.7e-2,.5e-2,.8e-2,.7e-2,.5e-2,.5e-2,.5e-2,.26e-1,.17e-\
1,.6e-2],[.3e-2,.5e-2,.3e-2,.4e-2,.6e-2,.3e-2,.3e-2,.4e-2,.4e-2,.3e-2,.4e-2,.3e\
-2,.4e-2,.4e-2,.5e-2,.6e-2,.3e-2,.4e-2,.3e-2,.4e-2,.4e-2,.4e-2,.3e-2,.4e-2,.4e-\
2,.4e-2,.4e-2,.4e-2,.5e-2,.3e-2,.26e-1,.7e-2,.6e-2,.5e-2,.5e-2,.4e-2,.6e-2,.6e-\
2,.4e-2,.5e-2,.5e-2,.5e-2,.4e-2,.6e-2,.4e-2,.6e-2,.7e-2,.4e-2,.4e-2,.4e-2,.4e-2
,.5e-2,.7e-2,.5e-2,.4e-2,.6e-2,.5e-2,.5e-2,.5e-2,.20e-1,.10e-1,.6e-2,.7e-2,.4e-\
2,.5e-2,.7e-2,.4e-2,.5e-2,.5e-2,.5e-2,.5e-2,.4e-2,.5e-2,.9e-2,.5e-2,.5e-2,.5e-2
,.5e-2,.5e-2,.5e-2,.6e-2,.8e-2,.6e-2,.7e-2,.6e-2,.30e-1,.12e-1,.7e-2,.6e-2,.6e-\
2,.10e-1,.12e-1,.6e-2,.9e-2,.6e-2,.4e-2,.6e-2,.5e-2,.9e-2,.6e-2,.7e-2],[.2e-2,.\
4e-2,.3e-2,.3e-2,.3e-2,.3e-2,.4e-2,.4e-2,.4e-2,.4e-2,.4e-2,.3e-2,.25e-1,.5e-2,.\
4e-2,.7e-2,.3e-2,.5e-2,.5e-2,.4e-2,.5e-2,.5e-2,.4e-2,.7e-2,.5e-2,.5e-2,.6e-2,.5\
e-2,.8e-2,.4e-2,.6e-2,.5e-2,.5e-2,.8e-2,.4e-2,.7e-2,.4e-2,.5e-2,.6e-2,.4e-2,.6e\
-2,.6e-2,.5e-2,.26e-1,.13e-1,.5e-2,.5e-2,.6e-2,.6e-2,.6e-2,.5e-2,.6e-2,.5e-2,.7\
e-2,.7e-2,.6e-2,.7e-2,.6e-2,.7e-2,.5e-2,.8e-2,.7e-2,.6e-2,.7e-2,.6e-2,.7e-2,.6e\
-2,.8e-2,.5e-2,.6e-2,.7e-2,.27e-1,.17e-1,.5e-2,.8e-2,.5e-2,.9e-2,.5e-2,.8e-2,.6\
e-2,.8e-2,.6e-2,.7e-2,.6e-2,.5e-2,.8e-2,.6e-2,.8e-2,.6e-2,.9e-2,.5e-2,.8e-2,.6e\
-2,.9e-2,.6e-2,.8e-2,.26e-1,.15e-1,.7e-2,.7e-2,.9e-2],[.4e-2,.5e-2,.4e-2,.6e-2,
.4e-2,.3e-2,.5e-2,.5e-2,.4e-2,.5e-2,.6e-2,.4e-2,.7e-2,.6e-2,.5e-2,.6e-2,.4e-2,.\
4e-2,.5e-2,.4e-2,.5e-2,.7e-2,.3e-2,.6e-2,.5e-2,.4e-2,.22e-1,.8e-2,.7e-2,.6e-2,.\
4e-2,.4e-2,.5e-2,.4e-2,.4e-2,.4e-2,.7e-2,.3e-2,.5e-2,.3e-2,.4e-2,.3e-2,.4e-2,.4\
e-2,.5e-2,.5e-2,.4e-2,.5e-2,.6e-2,.5e-2,.4e-2,.5e-2,.4e-2,.5e-2,.5e-2,.5e-2,.26\
e-1,.7e-2,.10e-1,.9e-2,.8e-2,.9e-2,.6e-2,.7e-2,.6e-2,.5e-2,.4e-2,.5e-2,.4e-2,.5\
e-2,.5e-2,.10e-1,.7e-2,.7e-2,.7e-2,.5e-2,.6e-2,.5e-2,.8e-2,.6e-2,.4e-2,.5e-2,.\
24e-1,.10e-1,.5e-2,.7e-2,.7e-2,.5e-2,.4e-2,.6e-2,.4e-2,.5e-2,.9e-2,.6e-2,.6e-2,
.5e-2,.5e-2,.4e-2,.6e-2,.5e-2,.5e-2],[.3e-2,.5e-2,.5e-2,.3e-2,.4e-2,.4e-2,.7e-2
,.34e-1,.7e-2,.5e-2,.5e-2,.4e-2,.7e-2,.5e-2,.5e-2,.6e-2,.5e-2,.7e-2,.8e-2,.6e-2
,.8e-2,.5e-2,.7e-2,.8e-2,.9e-2,.6e-2,.7e-2,.6e-2,.6e-2,.6e-2,.5e-2,.7e-2,.6e-2,
.6e-2,.6e-2,.4e-2,.7e-2,.6e-2,.9e-2,.36e-1,.12e-1,.6e-2,.5e-2,.6e-2,.5e-2,.9e-2
,.6e-2,.5e-2,.5e-2,.4e-2,.8e-2,.4e-2,.4e-2,.4e-2,.4e-2,.5e-2,.4e-2,.4e-2,.7e-2,
.6e-2,.5e-2,.5e-2,.4e-2,.5e-2,.4e-2,.6e-2,.5e-2,.30e-1,.12e-1,.5e-2,.5e-2,.5e-2
,.6e-2,.7e-2,.5e-2,.5e-2,.5e-2,.5e-2,.5e-2,.5e-2,.8e-2,.7e-2,.5e-2,.8e-2,.5e-2,
.6e-2,.5e-2,.5e-2,.6e-2,.5e-2,.8e-2,.8e-2,.9e-2,.5e-2,.5e-2,.5e-2,.5e-2,.6e-2,.\
6e-2,.5e-2,.5e-2]]);
