TIMES2 := Matrix(5, 51, [[.8e-2,.1e-2,.1e-2,.1e-2,0.,0.,.1e-2,.1e-2,.2e-2,.1e-2
,.1e-2,.2e-2,0.,.1e-2,.1e-2,0.,.1e-2,.1e-2,.1e-2,.1e-2,0.,.1e-2,.1e-2,.1e-2,.1e\
-2,.1e-2,0.,.1e-2,.1e-2,.1e-2,0.,.1e-2,0.,.1e-2,0.,.1e-2,.1e-2,.1e-2,.2e-2,.1e-\
2,0.,.1e-2,.1e-2,.1e-2,.1e-2,.1e-2,0.,.1e-2,.1e-2,.1e-2,.1e-2],[.1e-2,0.,.1e-2,
.1e-2,.1e-2,.1e-2,.1e-2,.1e-2,.1e-2,.1e-2,0.,0.,0.,.1e-2,.1e-2,0.,.1e-2,0.,.2e-\
2,.1e-2,.1e-2,.1e-2,0.,0.,.1e-2,.1e-2,0.,.1e-2,0.,.2e-2,.1e-2,.1e-2,.1e-2,.1e-2
,.1e-2,.1e-2,.1e-2,.1e-2,0.,0.,0.,.1e-2,.1e-2,.1e-2,0.,.1e-2,.1e-2,.19e-1,0.,.2\
e-2,.1e-2],[.1e-2,0.,.1e-2,0.,.1e-2,0.,0.,.1e-2,.1e-2,0.,0.,.1e-2,.1e-2,.1e-2,0\
.,0.,0.,0.,0.,.1e-2,.1e-2,.1e-2,0.,.1e-2,.1e-2,0.,.1e-2,.1e-2,0.,.1e-2,.1e-2,.1\
e-2,.1e-2,.1e-2,0.,.1e-2,.1e-2,.1e-2,.1e-2,.2e-2,.1e-2,0.,.1e-2,0.,0.,.1e-2,0.,
0.,.1e-2,.1e-2,.1e-2],[0.,.1e-2,.2e-2,.1e-2,.1e-2,.1e-2,0.,.1e-2,.1e-2,0.,0.,.1\
e-2,.1e-2,0.,.1e-2,0.,.2e-2,.1e-2,0.,.1e-2,.1e-2,0.,0.,.1e-2,0.,.1e-2,.1e-2,.1e\
-2,.1e-2,0.,.1e-2,.1e-2,.1e-2,0.,0.,.2e-2,.1e-2,.1e-2,.1e-2,.1e-2,.2e-2,0.,.1e-\
2,.1e-2,0.,.1e-2,.2e-2,0.,.1e-2,.1e-2,0.],[.1e-2,0.,.1e-2,.1e-2,0.,0.,.1e-2,.1e\
-2,0.,.1e-2,0.,.1e-2,.1e-2,.1e-2,.1e-2,.1e-2,.1e-2,.1e-2,.1e-2,.1e-2,.1e-2,0.,.\
1e-2,.1e-2,.1e-2,.1e-2,.1e-2,0.,.1e-2,.1e-2,.1e-2,.1e-2,.1e-2,.2e-2,.1e-2,.1e-2
,.1e-2,0.,.1e-2,0.,.1e-2,.1e-2,.1e-2,.1e-2,.1e-2,.1e-2,.1e-2,0.,.1e-2,0.,.1e-2]
]);
