TIMES2 := Matrix(5, 751, [[.1e-2,.1e-2,.1e-2,0.,0.,0.,.1e-2,0.,.1e-2,.1e-2,.1e-\
2,.4e-2,0.,0.,.1e-2,.1e-2,.1e-2,.1e-2,.1e-2,.1e-2,.1e-2,.1e-2,0.,.1e-2,.1e-2,.1\
e-2,0.,.1e-2,0.,.1e-2,.2e-2,0.,.1e-2,0.,.1e-2,.1e-2,0.,.1e-2,.1e-2,.1e-2,.2e-2,
.1e-2,.1e-2,.1e-2,.1e-2,0.,.1e-2,.1e-2,.1e-2,.1e-2,0.,.1e-2,0.,.1e-2,0.,.1e-2,.\
1e-2,.1e-2,.1e-2,.1e-2,.1e-2,.1e-2,.1e-2,.1e-2,.1e-2,0.,.1e-2,.1e-2,.1e-2,.1e-2
,.1e-2,.1e-2,.2e-2,.1e-2,.2e-2,.1e-2,.1e-2,.1e-2,.1e-2,.1e-2,.1e-2,.1e-2,.1e-2,
.2e-2,.1e-2,.1e-2,.1e-2,.1e-2,0.,.1e-2,.1e-2,.1e-2,.1e-2,.1e-2,0.,.1e-2,0.,.2e-\
2,0.,.1e-2,.1e-2,.1e-2,.1e-2,.1e-2,0.,.1e-2,.1e-2,.1e-2,.1e-2,0.,.1e-2,.1e-2,.1\
e-2,.1e-2,.1e-2,.1e-2,0.,.1e-2,.1e-2,.1e-2,.1e-2,.1e-2,.39e-1,.1e-2,.1e-2,0.,0.
,.1e-2,.1e-2,.1e-2,0.,.1e-2,.1e-2,.1e-2,0.,.1e-2,.1e-2,.1e-2,.1e-2,.1e-2,.1e-2,
.1e-2,0.,.1e-2,.1e-2,.2e-2,.1e-2,.1e-2,.1e-2,.1e-2,.1e-2,.1e-2,.1e-2,.1e-2,0.,.\
1e-2,.1e-2,0.,.2e-2,.1e-2,.1e-2,0.,.2e-2,.1e-2,.1e-2,.1e-2,.1e-2,.1e-2,.1e-2,0.
,.1e-2,.1e-2,0.,0.,.1e-2,0.,0.,0.,.1e-2,0.,0.,.1e-2,.1e-2,.1e-2,.1e-2,.1e-2,.1e\
-2,.1e-2,.1e-2,.1e-2,.1e-2,0.,.1e-2,.1e-2,0.,.2e-2,.1e-2,.1e-2,.1e-2,0.,0.,0.,0\
.,.1e-2,.2e-2,0.,.1e-2,0.,0.,0.,.1e-2,0.,.2e-2,0.,.1e-2,.1e-2,.1e-2,.1e-2,.1e-2
,0.,.1e-2,.2e-2,.1e-2,.1e-2,0.,.1e-2,0.,.1e-2,.1e-2,.1e-2,.1e-2,0.,.1e-2,.1e-2,
.1e-2,.1e-2,.1e-2,.1e-2,.1e-2,.1e-2,.1e-2,.2e-2,.2e-2,.1e-2,.1e-2,.1e-2,0.,.1e-\
2,.1e-2,.1e-2,.1e-2,.1e-2,.1e-2,.1e-2,.1e-2,.1e-2,.1e-2,0.,.1e-2,0.,.1e-2,.1e-2
,0.,.2e-2,.1e-2,0.,.1e-2,0.,.3e-2,.1e-2,0.,.1e-2,.1e-2,.1e-2,.1e-2,.1e-2,.1e-2,
.1e-2,.1e-2,.1e-2,.1e-2,0.,.1e-2,.1e-2,.1e-2,0.,.2e-2,.1e-2,.1e-2,.1e-2,.1e-2,0\
.,.1e-2,0.,.1e-2,0.,.1e-2,0.,.1e-2,.1e-2,0.,0.,.1e-2,.1e-2,.1e-2,.1e-2,.1e-2,.1\
e-2,0.,0.,0.,.1e-2,.1e-2,.1e-2,.1e-2,.1e-2,.1e-2,.1e-2,.1e-2,.1e-2,.1e-2,.1e-2,
.1e-2,.1e-2,.1e-2,.1e-2,0.,.1e-2,0.,.1e-2,.1e-2,0.,.1e-2,0.,.1e-2,0.,0.,.1e-2,.\
1e-2,.1e-2,.2e-2,.1e-2,.1e-2,.1e-2,.1e-2,.1e-2,.1e-2,0.,.1e-2,.1e-2,.1e-2,.2e-2
,.1e-2,.1e-2,.1e-2,.1e-2,0.,.1e-2,0.,.1e-2,.1e-2,.1e-2,.1e-2,0.,0.,.1e-2,0.,.1e\
-2,0.,0.,.1e-2,.1e-2,.1e-2,.1e-2,.1e-2,.1e-2,0.,0.,.1e-2,.1e-2,.1e-2,.2e-2,.1e-\
2,.1e-2,.1e-2,.1e-2,.1e-2,.1e-2,.1e-2,0.,.1e-2,.1e-2,.1e-2,.1e-2,.1e-2,0.,0.,.1\
e-2,0.,.4e-2,.1e-2,.1e-2,.1e-2,.1e-2,.1e-2,.1e-2,.1e-2,0.,.1e-2,.1e-2,.2e-2,.1e\
-2,.1e-2,.1e-2,.1e-2,.1e-2,0.,0.,.1e-2,.1e-2,0.,.1e-2,.1e-2,.1e-2,.1e-2,.1e-2,.\
1e-2,.1e-2,.1e-2,0.,0.,.2e-2,.1e-2,.1e-2,.1e-2,.1e-2,.1e-2,.1e-2,.1e-2,.1e-2,.1\
e-2,.2e-2,.1e-2,.1e-2,0.,.1e-2,.1e-2,.1e-2,.1e-2,0.,.1e-2,.1e-2,.1e-2,.1e-2,.1e\
-2,0.,0.,.1e-2,.1e-2,.1e-2,.1e-2,0.,0.,0.,.33e-1,.1e-2,.1e-2,.1e-2,.2e-2,.1e-2,
.1e-2,.1e-2,.1e-2,.1e-2,.1e-2,.1e-2,.2e-2,.1e-2,.1e-2,.1e-2,.1e-2,.1e-2,.1e-2,0\
.,.1e-2,.1e-2,.1e-2,0.,0.,.1e-2,0.,.1e-2,.1e-2,.2e-2,.1e-2,.1e-2,.1e-2,.1e-2,.1\
e-2,.2e-2,.1e-2,.1e-2,.1e-2,.1e-2,.1e-2,.1e-2,.2e-2,.1e-2,.2e-2,.1e-2,.1e-2,.1e\
-2,.1e-2,.1e-2,.1e-2,.3e-2,.1e-2,0.,.1e-2,.1e-2,.1e-2,.1e-2,0.,.1e-2,.1e-2,0.,0\
.,.1e-2,.1e-2,.1e-2,.1e-2,.1e-2,.1e-2,.1e-2,.1e-2,0.,.1e-2,.2e-2,.1e-2,0.,.1e-2
,.1e-2,.1e-2,0.,.1e-2,.1e-2,0.,.2e-2,0.,.1e-2,.1e-2,.1e-2,.1e-2,.1e-2,0.,.1e-2,
.1e-2,.1e-2,.2e-2,0.,.1e-2,.1e-2,.1e-2,0.,.1e-2,.1e-2,0.,.1e-2,0.,.1e-2,.1e-2,.\
1e-2,.1e-2,0.,.1e-2,0.,0.,0.,.1e-2,.1e-2,.1e-2,.1e-2,.1e-2,.1e-2,.1e-2,0.,0.,.1\
e-2,.1e-2,0.,.1e-2,.1e-2,0.,.2e-2,.1e-2,.1e-2,.1e-2,.1e-2,.1e-2,.1e-2,.1e-2,.1e\
-2,.1e-2,.1e-2,.1e-2,0.,0.,.1e-2,0.,.1e-2,0.,0.,.2e-2,.1e-2,0.,.1e-2,.1e-2,.1e-\
2,.1e-2,.1e-2,.1e-2,.1e-2,0.,.1e-2,.2e-2,.1e-2,.1e-2,.1e-2,.1e-2,.1e-2,.1e-2,.1\
e-2,.2e-2,.2e-2,.1e-2,.1e-2,0.,.1e-2,.1e-2,.1e-2,.1e-2,.3e-2,.1e-2,.1e-2,.1e-2,
.1e-2,.1e-2,.1e-2,.1e-2,.1e-2,.1e-2,.1e-2,0.,.1e-2,.1e-2,.1e-2,.1e-2,.1e-2,.1e-\
2,.1e-2,.1e-2,.1e-2,.1e-2,.4e-2,0.,.1e-2,.1e-2,.1e-2,.1e-2,.1e-2,.1e-2,.1e-2,.1\
e-2,.1e-2,.1e-2,0.,.1e-2,0.,.1e-2,.1e-2,.1e-2,.1e-2,.1e-2,.1e-2,.1e-2,.1e-2,0.,
.1e-2,.1e-2,.1e-2,.1e-2,.1e-2,.1e-2,.1e-2,.2e-2,.1e-2,.2e-2,.1e-2,.1e-2,0.,.1e-\
2,.2e-2,.1e-2,.1e-2,.1e-2,.1e-2,.1e-2,0.,.1e-2,.1e-2,.1e-2,0.,.1e-2,.1e-2,.1e-2
,.1e-2,.4e-2,.1e-2,.1e-2,.1e-2,.3e-2,.2e-2,.1e-2,.2e-2,.1e-2,.1e-2,.1e-2,.1e-2,
.1e-2,.2e-2,.1e-2,.1e-2,.1e-2,.1e-2,.1e-2,.2e-2,.1e-2,.1e-2,.2e-2,.1e-2,.1e-2,.\
1e-2,.1e-2,.1e-2,.1e-2,.1e-2,.1e-2,.2e-2,.2e-2,.2e-2,.2e-2],[.1e-2,.2e-2,.1e-2,
.1e-2,.2e-2,.1e-2,.2e-2,0.,.2e-2,.1e-2,.1e-2,.2e-2,.1e-2,.2e-2,.1e-2,.2e-2,.1e-\
2,.3e-2,.2e-2,.1e-2,.1e-2,.3e-2,.2e-2,.2e-2,.2e-2,.1e-2,.1e-2,.2e-2,.1e-2,.1e-2
,.1e-2,0.,.1e-2,.1e-2,.1e-2,.1e-2,.1e-2,.1e-2,.1e-2,.1e-2,.1e-2,.1e-2,.1e-2,.2e\
-2,0.,.2e-2,.1e-2,.2e-2,.1e-2,.2e-2,.1e-2,.1e-2,.2e-2,.1e-2,.1e-2,.2e-2,.1e-2,0\
.,.1e-2,.2e-2,.1e-2,.1e-2,.2e-2,.1e-2,.1e-2,.1e-2,.2e-2,.1e-2,.2e-2,.1e-2,.1e-2
,.1e-2,.2e-2,.1e-2,.1e-2,.1e-2,.1e-2,.1e-2,0.,.1e-2,.1e-2,.2e-2,0.,0.,.1e-2,0.,
.1e-2,0.,.1e-2,.1e-2,0.,.1e-2,.1e-2,.1e-2,.1e-2,.1e-2,0.,.1e-2,.1e-2,.1e-2,.1e-\
2,.1e-2,.1e-2,0.,.1e-2,.1e-2,0.,.1e-2,.1e-2,.1e-2,.1e-2,.1e-2,.1e-2,0.,.1e-2,.1\
e-2,0.,.1e-2,.1e-2,.1e-2,.1e-2,.1e-2,.2e-2,.1e-2,.1e-2,.2e-2,.2e-2,.1e-2,.1e-2,
.1e-2,.1e-2,.1e-2,.1e-2,.1e-2,.1e-2,.1e-2,.1e-2,.1e-2,.1e-2,0.,.1e-2,.1e-2,.2e-\
2,.1e-2,.1e-2,.1e-2,.1e-2,.1e-2,.1e-2,.1e-2,.1e-2,0.,.1e-2,.1e-2,.1e-2,.1e-2,.1\
e-2,0.,.2e-2,0.,.1e-2,.1e-2,.1e-2,.1e-2,0.,.1e-2,0.,.1e-2,.1e-2,.1e-2,.1e-2,0.,
.1e-2,.1e-2,.1e-2,.1e-2,.1e-2,0.,.2e-2,.1e-2,0.,.1e-2,.1e-2,0.,0.,.1e-2,0.,0.,0\
.,.1e-2,.1e-2,.1e-2,0.,0.,.2e-2,.1e-2,.1e-2,.1e-2,.1e-2,.2e-2,.1e-2,.2e-2,.1e-2
,0.,.2e-2,.1e-2,.1e-2,.1e-2,.1e-2,.1e-2,0.,.1e-2,.1e-2,0.,.1e-2,0.,.1e-2,.1e-2,
.1e-2,.1e-2,.1e-2,.1e-2,.1e-2,.1e-2,.1e-2,.1e-2,.1e-2,.1e-2,.1e-2,.1e-2,.1e-2,0\
.,.1e-2,0.,.1e-2,.1e-2,.1e-2,.1e-2,.1e-2,.1e-2,.2e-2,0.,.1e-2,0.,.1e-2,.1e-2,.1\
e-2,.1e-2,.2e-2,.1e-2,.1e-2,.1e-2,.1e-2,.1e-2,.1e-2,.2e-2,.1e-2,.1e-2,.1e-2,.1e\
-2,.1e-2,.1e-2,0.,.1e-2,.1e-2,.1e-2,.1e-2,.1e-2,.1e-2,.1e-2,0.,.1e-2,.1e-2,0.,.\
1e-2,.2e-2,.1e-2,.1e-2,0.,0.,0.,.1e-2,0.,.1e-2,0.,.1e-2,.1e-2,.1e-2,.1e-2,0.,.1\
e-2,.1e-2,.1e-2,.1e-2,.1e-2,.1e-2,.1e-2,.1e-2,0.,.2e-2,.1e-2,.1e-2,0.,.1e-2,.1e\
-2,0.,.1e-2,.1e-2,.1e-2,.1e-2,.1e-2,.1e-2,0.,.2e-2,0.,.1e-2,0.,.1e-2,.1e-2,.1e-\
2,.1e-2,.1e-2,0.,.1e-2,.1e-2,.1e-2,0.,.1e-2,.1e-2,.2e-2,.1e-2,.1e-2,.1e-2,.1e-2
,0.,.1e-2,0.,.1e-2,.1e-2,.1e-2,.1e-2,.1e-2,.1e-2,.1e-2,.2e-2,.1e-2,0.,.2e-2,.2e\
-2,.1e-2,.1e-2,.1e-2,.1e-2,0.,.2e-2,.2e-2,.1e-2,0.,.1e-2,0.,.1e-2,0.,0.,.1e-2,.\
1e-2,0.,.1e-2,.1e-2,.1e-2,.1e-2,.1e-2,.1e-2,.1e-2,0.,.1e-2,.1e-2,.1e-2,0.,.1e-2
,.1e-2,.2e-2,.2e-2,.1e-2,.1e-2,.1e-2,.1e-2,.1e-2,.1e-2,.1e-2,.1e-2,.1e-2,.1e-2,
.1e-2,.1e-2,.1e-2,.1e-2,.1e-2,0.,.1e-2,.1e-2,.1e-2,.1e-2,.1e-2,0.,0.,.1e-2,0.,.\
1e-2,.1e-2,0.,.1e-2,.1e-2,0.,.1e-2,.1e-2,.1e-2,.1e-2,.1e-2,0.,.1e-2,0.,.1e-2,.1\
e-2,.1e-2,.1e-2,0.,.1e-2,.1e-2,0.,.1e-2,.2e-2,.1e-2,0.,.1e-2,.1e-2,.2e-2,.1e-2,
.1e-2,0.,.1e-2,.1e-2,.1e-2,.1e-2,.1e-2,.1e-2,.1e-2,.1e-2,.1e-2,.1e-2,.1e-2,.1e-\
2,.1e-2,.1e-2,.1e-2,.1e-2,0.,0.,.1e-2,.2e-2,.1e-2,.1e-2,0.,.2e-2,.1e-2,0.,.8e-2
,.1e-2,.1e-2,.1e-2,.1e-2,0.,.1e-2,.1e-2,.1e-2,.1e-2,0.,.1e-2,.1e-2,.1e-2,.1e-2,
0.,.2e-2,.1e-2,0.,.1e-2,.1e-2,.1e-2,0.,.1e-2,.1e-2,.1e-2,.1e-2,.1e-2,.2e-2,.1e-\
2,.1e-2,0.,.1e-2,.1e-2,.1e-2,.1e-2,0.,0.,0.,.1e-2,0.,0.,.1e-2,.1e-2,.1e-2,.1e-2
,.1e-2,.1e-2,.1e-2,.1e-2,.1e-2,.1e-2,.1e-2,0.,0.,.1e-2,.1e-2,.1e-2,0.,.1e-2,.1e\
-2,.1e-2,.1e-2,.1e-2,.1e-2,0.,.1e-2,0.,0.,.1e-2,0.,.1e-2,0.,0.,.2e-2,.1e-2,.1e-\
2,.1e-2,.1e-2,.2e-2,.1e-2,.1e-2,.1e-2,.1e-2,0.,.1e-2,.1e-2,.1e-2,.1e-2,.1e-2,.1\
e-2,.1e-2,0.,.1e-2,0.,.1e-2,0.,.1e-2,.1e-2,.1e-2,.1e-2,.1e-2,.1e-2,.1e-2,.1e-2,
.1e-2,0.,.2e-2,0.,.1e-2,.1e-2,.1e-2,.1e-2,0.,.1e-2,.1e-2,0.,.2e-2,.1e-2,.1e-2,.\
1e-2,.1e-2,.1e-2,.1e-2,.1e-2,.1e-2,0.,.1e-2,.1e-2,0.,.1e-2,.1e-2,0.,.1e-2,0.,.1\
e-2,.2e-2,.1e-2,.1e-2,.1e-2,.2e-2,.1e-2,.1e-2,.1e-2,.1e-2,.4e-2,.2e-2,.1e-2,.1e\
-2,.1e-2,.1e-2,0.,.1e-2,0.,.1e-2,.1e-2,.1e-2,0.,0.,.1e-2,.1e-2,.1e-2,.1e-2,0.,0\
.,.1e-2,.1e-2,.1e-2,.1e-2,.1e-2,.1e-2,.1e-2,.1e-2,.1e-2,.1e-2,.1e-2,0.,0.,0.,.1\
e-2,.2e-2,.1e-2,.2e-2,.1e-2,.1e-2,.1e-2,.1e-2,.1e-2,.1e-2,.1e-2,.1e-2,.1e-2,.1e\
-2,.1e-2,.1e-2,.1e-2,.1e-2,.1e-2,.1e-2,0.,.1e-2,.1e-2,0.,.1e-2,0.,.2e-2,.1e-2,.\
1e-2,.1e-2,.1e-2,.1e-2,.2e-2,.1e-2,0.,.1e-2,.2e-2,.2e-2,.1e-2,.1e-2,.1e-2,.2e-2
,.1e-2,.1e-2,0.,.1e-2,.1e-2,.1e-2,.2e-2,.1e-2,.1e-2,0.,.1e-2,0.,.2e-2,.1e-2,0.,
.1e-2,0.,0.,.2e-2,.3e-2,0.,.1e-2,0.,.2e-2,0.,.1e-2,.1e-2,.1e-2,.1e-2,0.,.1e-2,.\
1e-2,0.,.1e-2,0.,.3e-2,.1e-2,.2e-2,.1e-2,.1e-2,.1e-2,.1e-2,.1e-2,.1e-2,.2e-2,.2\
e-2,.1e-2,0.,.1e-2,.1e-2,0.,.1e-2,.1e-2,.1e-2,.1e-2,.1e-2,.1e-2,0.,.1e-2,.1e-2,
.1e-2,.1e-2,.1e-2,.1e-2,.1e-2],[0.,.1e-2,.1e-2,0.,.1e-2,.1e-2,.1e-2,.1e-2,.1e-2
,.1e-2,.2e-2,.1e-2,.2e-2,.1e-2,.1e-2,.1e-2,0.,.1e-2,0.,.1e-2,.1e-2,.1e-2,.1e-2,
.1e-2,0.,0.,.1e-2,.1e-2,.1e-2,.1e-2,.1e-2,.1e-2,.1e-2,.1e-2,.1e-2,.1e-2,0.,.1e-\
2,.1e-2,.1e-2,0.,.2e-2,0.,0.,.1e-2,.1e-2,.1e-2,.1e-2,0.,0.,.1e-2,.1e-2,.1e-2,.1\
e-2,.1e-2,.1e-2,.1e-2,0.,.1e-2,0.,.1e-2,.1e-2,.1e-2,0.,0.,.1e-2,.1e-2,.1e-2,.1e\
-2,.1e-2,0.,.1e-2,.1e-2,.1e-2,0.,.1e-2,0.,.1e-2,0.,.1e-2,.1e-2,.2e-2,.1e-2,.1e-\
2,0.,0.,0.,.1e-2,0.,.2e-2,0.,0.,.1e-2,0.,0.,.1e-2,.1e-2,0.,.1e-2,0.,0.,.1e-2,.1\
e-2,.1e-2,.1e-2,.1e-2,0.,.1e-2,0.,.1e-2,.1e-2,.1e-2,.1e-2,.1e-2,.1e-2,.1e-2,0.,
.1e-2,0.,.2e-2,0.,.1e-2,0.,0.,0.,.1e-2,.1e-2,.1e-2,0.,0.,.1e-2,.1e-2,.1e-2,.1e-\
2,0.,.1e-2,.1e-2,.2e-2,0.,.1e-2,.1e-2,0.,.1e-2,.1e-2,.1e-2,.1e-2,.1e-2,0.,.1e-2
,0.,0.,.1e-2,.1e-2,.1e-2,.1e-2,.1e-2,0.,0.,.1e-2,.1e-2,.1e-2,.1e-2,.1e-2,.1e-2,
.1e-2,.1e-2,.1e-2,.1e-2,.2e-2,.1e-2,0.,.1e-2,.2e-2,.1e-2,0.,.1e-2,.1e-2,0.,.1e-\
2,.1e-2,.1e-2,0.,.1e-2,.1e-2,.1e-2,.1e-2,.1e-2,0.,.1e-2,.1e-2,0.,.1e-2,.1e-2,0.
,0.,0.,.1e-2,.1e-2,.1e-2,.1e-2,.1e-2,0.,.1e-2,.1e-2,.1e-2,.1e-2,.1e-2,.1e-2,.1e\
-2,.1e-2,0.,.2e-2,0.,.1e-2,.1e-2,.2e-2,.1e-2,.1e-2,.1e-2,.1e-2,.1e-2,.2e-2,.1e-\
2,0.,.1e-2,.1e-2,.1e-2,0.,.1e-2,.1e-2,.1e-2,0.,.1e-2,.1e-2,0.,.1e-2,.1e-2,0.,.1\
e-2,0.,.1e-2,.1e-2,0.,.1e-2,0.,.1e-2,.1e-2,.1e-2,.1e-2,.1e-2,0.,.1e-2,.1e-2,.1e\
-2,.1e-2,.1e-2,.1e-2,0.,0.,.2e-2,0.,.1e-2,.1e-2,.1e-2,.1e-2,.1e-2,.1e-2,.1e-2,.\
1e-2,.1e-2,.1e-2,0.,.1e-2,0.,.1e-2,.1e-2,.1e-2,0.,0.,.1e-2,.1e-2,.1e-2,.1e-2,0.
,0.,.1e-2,.2e-2,.1e-2,.1e-2,.1e-2,.1e-2,.1e-2,.1e-2,.1e-2,.1e-2,.1e-2,.2e-2,.1e\
-2,.1e-2,.1e-2,.2e-2,.1e-2,.1e-2,.1e-2,.1e-2,.1e-2,.1e-2,.1e-2,.1e-2,.1e-2,.1e-\
2,0.,.1e-2,.1e-2,.1e-2,0.,.1e-2,.1e-2,.1e-2,.1e-2,.1e-2,0.,.1e-2,0.,.1e-2,.1e-2
,.1e-2,0.,.1e-2,.2e-2,.1e-2,.1e-2,.2e-2,.1e-2,0.,0.,.2e-2,.1e-2,.1e-2,.2e-2,.1e\
-2,.1e-2,.1e-2,.2e-2,.1e-2,.1e-2,.1e-2,.1e-2,.1e-2,.1e-2,0.,.1e-2,.1e-2,.1e-2,.\
1e-2,.1e-2,.1e-2,.1e-2,.58e-1,.1e-2,.1e-2,.1e-2,.1e-2,.1e-2,0.,.1e-2,0.,.1e-2,.\
1e-2,.1e-2,.1e-2,.1e-2,.1e-2,.1e-2,.1e-2,.2e-2,.1e-2,.1e-2,.1e-2,0.,.1e-2,.1e-2
,.1e-2,.1e-2,0.,0.,.1e-2,.1e-2,.1e-2,.1e-2,.1e-2,0.,0.,.1e-2,.2e-2,.1e-2,.2e-2,
.1e-2,.1e-2,.1e-2,.2e-2,.2e-2,.1e-2,0.,0.,.1e-2,.1e-2,.1e-2,.1e-2,.1e-2,0.,.1e-\
2,0.,.1e-2,.1e-2,0.,.1e-2,.1e-2,.1e-2,0.,.1e-2,.1e-2,.1e-2,.1e-2,.1e-2,.1e-2,.1\
e-2,.1e-2,.1e-2,.1e-2,.1e-2,.45e-1,.1e-2,.1e-2,.1e-2,.1e-2,.1e-2,.1e-2,.1e-2,.1\
e-2,.1e-2,.1e-2,.1e-2,.1e-2,.1e-2,.2e-2,0.,.1e-2,.1e-2,.1e-2,.1e-2,.1e-2,.1e-2,
.1e-2,.1e-2,.1e-2,0.,.2e-2,.1e-2,.1e-2,.1e-2,.1e-2,.1e-2,.1e-2,.1e-2,.1e-2,.1e-\
2,0.,.1e-2,.1e-2,.2e-2,.1e-2,.1e-2,.2e-2,.1e-2,.1e-2,.1e-2,.1e-2,.2e-2,.1e-2,.1\
e-2,.1e-2,.1e-2,0.,.1e-2,.1e-2,.1e-2,.2e-2,.1e-2,.1e-2,.2e-2,.1e-2,.1e-2,.1e-2,
.3e-2,.2e-2,.1e-2,.1e-2,.1e-2,0.,.1e-2,.1e-2,.1e-2,0.,0.,.1e-2,.1e-2,.1e-2,0.,.\
1e-2,0.,0.,.1e-2,.1e-2,.1e-2,0.,.1e-2,.1e-2,.1e-2,0.,.1e-2,.1e-2,.1e-2,.1e-2,.1\
e-2,0.,.1e-2,.1e-2,.1e-2,.1e-2,.1e-2,.1e-2,.1e-2,.1e-2,.1e-2,.1e-2,.1e-2,.1e-2,
.1e-2,.1e-2,.1e-2,0.,.1e-2,.1e-2,.1e-2,.1e-2,.1e-2,.1e-2,.1e-2,.2e-2,.1e-2,.1e-\
2,.1e-2,.1e-2,.2e-2,0.,.1e-2,.1e-2,.1e-2,.1e-2,.1e-2,.1e-2,.1e-2,.2e-2,.1e-2,.2\
e-2,.1e-2,.1e-2,0.,.1e-2,.1e-2,0.,.1e-2,.1e-2,.2e-2,.1e-2,0.,.1e-2,.1e-2,.2e-2,
.1e-2,0.,.64e-1,.1e-2,.1e-2,.1e-2,.1e-2,0.,.1e-2,.2e-2,0.,.1e-2,.1e-2,.1e-2,.1e\
-2,.1e-2,.1e-2,.1e-2,0.,.1e-2,.1e-2,.1e-2,.1e-2,.1e-2,.1e-2,.1e-2,.1e-2,.1e-2,.\
2e-2,.1e-2,.1e-2,.1e-2,0.,0.,0.,.1e-2,.1e-2,.1e-2,.1e-2,.1e-2,.2e-2,.1e-2,.1e-2
,.1e-2,.1e-2,0.,.2e-2,.1e-2,.1e-2,.1e-2,.1e-2,.1e-2,.1e-2,.1e-2,.1e-2,.1e-2,.1e\
-2,.1e-2,.1e-2,.1e-2,.2e-2,.1e-2,0.,.1e-2,.1e-2,.1e-2,.1e-2,.1e-2,.1e-2,.1e-2,.\
2e-2,.1e-2,.1e-2,.1e-2,.1e-2,.1e-2,.1e-2,.2e-2,.2e-2,0.,.1e-2,0.,.1e-2,.1e-2,.1\
e-2,.2e-2,0.,.1e-2,.1e-2,.1e-2,.1e-2,.1e-2,0.,.1e-2,.1e-2,.1e-2,.1e-2,0.,.1e-2,
.1e-2,.1e-2,.2e-2,.1e-2,.1e-2,.1e-2,.1e-2,.1e-2,.1e-2,.1e-2,.1e-2,.1e-2,0.,.1e-\
2,.1e-2,.1e-2,.2e-2,.1e-2,.1e-2,.1e-2,0.,.1e-2,.1e-2,.1e-2,.2e-2,.1e-2,.1e-2,.1\
e-2,.2e-2,0.,.1e-2,.1e-2,.1e-2,.1e-2,0.,.1e-2,.1e-2,.1e-2,.1e-2,.1e-2,.2e-2,0.,
.1e-2,.1e-2,.1e-2,0.,0.,0.,.1e-2,0.,.1e-2,.2e-2,0.,.1e-2,.1e-2,0.,.1e-2,.1e-2,0\
.,.1e-2,0.,.1e-2,.1e-2,.1e-2,.1e-2,0.,.1e-2,.1e-2,0.,.1e-2,.1e-2,.1e-2],[.1e-2,
.1e-2,.1e-2,.1e-2,0.,.1e-2,0.,0.,.1e-2,.1e-2,.1e-2,.1e-2,.1e-2,0.,0.,.1e-2,.1e-\
2,.1e-2,.1e-2,.1e-2,.1e-2,0.,0.,0.,0.,.1e-2,0.,.1e-2,.1e-2,.1e-2,.1e-2,.1e-2,0.
,0.,0.,.1e-2,.1e-2,.1e-2,.1e-2,.1e-2,.1e-2,.1e-2,.1e-2,.1e-2,.1e-2,.1e-2,.1e-2,
.1e-2,.1e-2,.1e-2,0.,.1e-2,0.,0.,0.,.1e-2,0.,.1e-2,.1e-2,.1e-2,0.,.1e-2,.1e-2,0\
.,0.,.1e-2,.1e-2,.1e-2,.1e-2,0.,.1e-2,0.,.1e-2,.1e-2,.1e-2,.1e-2,.1e-2,.1e-2,.1\
e-2,.1e-2,.1e-2,0.,.1e-2,.1e-2,.1e-2,.1e-2,.1e-2,.1e-2,0.,.1e-2,.1e-2,.1e-2,.1e\
-2,.1e-2,.1e-2,0.,0.,.1e-2,.1e-2,0.,.1e-2,.1e-2,.1e-2,.1e-2,.1e-2,.1e-2,.1e-2,.\
1e-2,0.,.1e-2,0.,.1e-2,0.,.1e-2,.1e-2,.1e-2,.1e-2,.1e-2,.1e-2,.1e-2,.1e-2,0.,.2\
e-2,.1e-2,0.,0.,.1e-2,.1e-2,.1e-2,0.,.1e-2,.1e-2,0.,.1e-2,.1e-2,.1e-2,0.,0.,.1e\
-2,.1e-2,.1e-2,.1e-2,.1e-2,.1e-2,0.,.1e-2,.1e-2,.1e-2,.1e-2,.1e-2,.1e-2,.1e-2,0\
.,0.,.1e-2,.1e-2,.2e-2,.1e-2,.1e-2,.1e-2,.2e-2,0.,.1e-2,.1e-2,0.,.1e-2,.1e-2,0.
,0.,.1e-2,.1e-2,.1e-2,.1e-2,.1e-2,0.,0.,0.,.1e-2,.1e-2,.1e-2,.2e-2,.1e-2,.1e-2,
.1e-2,.1e-2,.1e-2,0.,.1e-2,0.,0.,.1e-2,.1e-2,.1e-2,.2e-2,0.,.1e-2,0.,.1e-2,.1e-\
2,.1e-2,0.,0.,.1e-2,.1e-2,.1e-2,.1e-2,0.,.1e-2,0.,0.,.1e-2,.1e-2,.1e-2,0.,.1e-2
,.1e-2,.1e-2,.2e-2,.1e-2,.1e-2,0.,.1e-2,.1e-2,.1e-2,.1e-2,0.,.1e-2,0.,0.,.1e-2,
.1e-2,.1e-2,.1e-2,.1e-2,.1e-2,.2e-2,.1e-2,.1e-2,.1e-2,0.,.1e-2,0.,.2e-2,.1e-2,.\
1e-2,.1e-2,.1e-2,.1e-2,.1e-2,.1e-2,.1e-2,0.,0.,.2e-2,.1e-2,.1e-2,.1e-2,.1e-2,.2\
e-2,.1e-2,.1e-2,.1e-2,.1e-2,.1e-2,0.,.1e-2,0.,0.,.1e-2,.2e-2,.1e-2,.1e-2,0.,.2e\
-2,.1e-2,.1e-2,.1e-2,.1e-2,.1e-2,0.,0.,.1e-2,.1e-2,.1e-2,.1e-2,.1e-2,.1e-2,.1e-\
2,.1e-2,.1e-2,.2e-2,.2e-2,.2e-2,.2e-2,.1e-2,.2e-2,.2e-2,.2e-2,.2e-2,.2e-2,.2e-2
,.1e-2,.1e-2,.2e-2,.1e-2,.1e-2,.2e-2,.1e-2,.2e-2,.1e-2,.1e-2,.1e-2,.2e-2,0.,.1e\
-2,.1e-2,.1e-2,.1e-2,.2e-2,.1e-2,0.,.1e-2,.2e-2,.1e-2,.1e-2,.1e-2,.1e-2,.1e-2,0\
.,.1e-2,.1e-2,.1e-2,.1e-2,.1e-2,0.,.1e-2,.2e-2,.1e-2,0.,.1e-2,.1e-2,.1e-2,0.,.1\
e-2,0.,0.,.1e-2,.1e-2,.1e-2,.2e-2,.1e-2,.1e-2,.2e-2,.1e-2,.1e-2,.1e-2,.1e-2,0.,
.1e-2,.1e-2,.1e-2,0.,0.,.1e-2,.1e-2,0.,.1e-2,.1e-2,0.,.2e-2,.1e-2,.1e-2,.1e-2,.\
1e-2,.1e-2,.1e-2,.1e-2,.1e-2,0.,.1e-2,.2e-2,.2e-2,.1e-2,.1e-2,.1e-2,.1e-2,.2e-2
,.1e-2,.1e-2,.1e-2,.2e-2,.1e-2,0.,.1e-2,.1e-2,.1e-2,.1e-2,0.,.1e-2,.1e-2,.1e-2,
0.,.1e-2,.1e-2,.1e-2,.1e-2,.1e-2,.1e-2,0.,.1e-2,.2e-2,.1e-2,.1e-2,.1e-2,.1e-2,.\
1e-2,.1e-2,.1e-2,.1e-2,.1e-2,.1e-2,.1e-2,.2e-2,.1e-2,.1e-2,.2e-2,0.,.1e-2,.1e-2
,.1e-2,0.,.1e-2,.1e-2,.1e-2,0.,.1e-2,0.,.1e-2,.2e-2,0.,.1e-2,.1e-2,.1e-2,.1e-2,
.1e-2,0.,.1e-2,.2e-2,.2e-2,.1e-2,.3e-2,.1e-2,.1e-2,.2e-2,.1e-2,.1e-2,.1e-2,.1e-\
2,.1e-2,.3e-2,.1e-2,0.,.1e-2,.1e-2,.1e-2,.1e-2,.1e-2,.1e-2,.1e-2,.1e-2,.1e-2,.1\
e-2,.1e-2,.2e-2,.1e-2,.1e-2,.1e-2,.1e-2,0.,.1e-2,.1e-2,.1e-2,0.,.1e-2,.1e-2,0.,
.1e-2,.1e-2,.1e-2,.2e-2,0.,.1e-2,.1e-2,.1e-2,.1e-2,.1e-2,.1e-2,.1e-2,.1e-2,.1e-\
2,.1e-2,.1e-2,.1e-2,.1e-2,.2e-2,0.,0.,0.,0.,0.,0.,0.,.1e-2,0.,.1e-2,.1e-2,0.,.1\
e-2,.1e-2,.2e-2,.1e-2,0.,.1e-2,.1e-2,.1e-2,.1e-2,.1e-2,.1e-2,.1e-2,.1e-2,.1e-2,
.2e-2,.1e-2,.1e-2,.1e-2,.1e-2,0.,.1e-2,.1e-2,0.,.1e-2,.2e-2,0.,0.,0.,.1e-2,.1e-\
2,.1e-2,.1e-2,.1e-2,.1e-2,.1e-2,0.,0.,.1e-2,.1e-2,0.,.1e-2,0.,.1e-2,.1e-2,.1e-2
,.1e-2,.1e-2,.1e-2,.1e-2,.1e-2,0.,.1e-2,0.,.1e-2,.1e-2,.1e-2,.1e-2,.1e-2,.1e-2,
.2e-2,.1e-2,.1e-2,.1e-2,.1e-2,.1e-2,.1e-2,.1e-2,.1e-2,.1e-2,.1e-2,0.,.1e-2,.1e-\
2,.1e-2,0.,.1e-2,.2e-2,.1e-2,.1e-2,.1e-2,.1e-2,.2e-2,0.,.1e-2,.1e-2,.1e-2,.2e-2
,.1e-2,0.,.1e-2,.1e-2,.1e-2,.1e-2,.1e-2,.1e-2,.1e-2,.1e-2,.1e-2,.1e-2,.1e-2,.1e\
-2,0.,.1e-2,.1e-2,.1e-2,0.,.2e-2,.1e-2,.1e-2,0.,.1e-2,.1e-2,.1e-2,.1e-2,.1e-2,.\
1e-2,.1e-2,0.,.1e-2,.1e-2,.1e-2,.1e-2,.1e-2,.1e-2,.1e-2,0.,.1e-2,.1e-2,.2e-2,.2\
e-2,.1e-2,.1e-2,.1e-2,.1e-2,.1e-2,.1e-2,.1e-2,.1e-2,.2e-2,.1e-2,.1e-2,0.,.1e-2,
.1e-2,.1e-2,0.,.1e-2,.1e-2,.2e-2,.1e-2,.1e-2,0.,.1e-2,.1e-2,.1e-2,0.,.1e-2,.1e-\
2,.1e-2,.1e-2,.1e-2,.1e-2,.4e-2,.1e-2,.1e-2,0.,.1e-2,.1e-2,.1e-2,.1e-2,0.,.1e-2
,.1e-2,.1e-2,0.,.1e-2,0.,.1e-2,.1e-2,.1e-2,0.,.1e-2,0.,.2e-2,0.,.2e-2,.1e-2,.1e\
-2,.1e-2,.1e-2,.1e-2,.1e-2,.1e-2,.1e-2,.2e-2,.1e-2,.1e-2,.1e-2,.1e-2,0.,.1e-2,0\
.,.1e-2,0.,.1e-2,0.,.1e-2,.1e-2,.1e-2,.1e-2,0.,.1e-2,.1e-2,.1e-2,.1e-2,.1e-2,.1\
e-2,.1e-2,.2e-2,.1e-2,0.,0.,.1e-2,0.,.1e-2,.1e-2,.1e-2,0.,.1e-2,.1e-2,.1e-2,.1e\
-2,0.,0.],[0.,.1e-2,.1e-2,0.,0.,0.,0.,0.,0.,.1e-2,.1e-2,.1e-2,.1e-2,0.,0.,.1e-2
,.1e-2,.1e-2,.1e-2,.2e-2,.1e-2,.1e-2,.2e-2,.1e-2,.1e-2,.2e-2,.1e-2,.1e-2,.1e-2,
0.,.2e-2,0.,.1e-2,0.,0.,.1e-2,.2e-2,0.,0.,.1e-2,.1e-2,0.,.1e-2,.1e-2,.1e-2,.1e-\
2,0.,.1e-2,0.,.1e-2,.1e-2,.1e-2,.1e-2,.1e-2,.1e-2,.1e-2,.1e-2,.1e-2,0.,.1e-2,.1\
e-2,.1e-2,.1e-2,.1e-2,.1e-2,.1e-2,.1e-2,0.,0.,.2e-2,0.,.1e-2,.1e-2,0.,.1e-2,.1e\
-2,0.,.1e-2,.1e-2,.1e-2,.1e-2,0.,.1e-2,.1e-2,.1e-2,.1e-2,.1e-2,.1e-2,.1e-2,.1e-\
2,.1e-2,0.,.2e-2,.1e-2,.1e-2,.1e-2,0.,.1e-2,.1e-2,0.,.1e-2,0.,0.,.1e-2,.1e-2,.1\
e-2,.1e-2,.1e-2,0.,0.,.2e-2,.1e-2,.1e-2,.1e-2,.1e-2,.1e-2,.1e-2,.2e-2,.1e-2,.1e\
-2,0.,0.,.1e-2,0.,.1e-2,.1e-2,.1e-2,.2e-2,0.,.2e-2,.1e-2,0.,.1e-2,0.,.1e-2,0.,.\
1e-2,0.,.2e-2,.1e-2,.1e-2,.1e-2,0.,.1e-2,.1e-2,0.,0.,0.,.1e-2,.1e-2,.1e-2,.2e-2
,.1e-2,.2e-2,0.,.1e-2,0.,.1e-2,.1e-2,.1e-2,.1e-2,.1e-2,.1e-2,.1e-2,.1e-2,.1e-2,
0.,.1e-2,.1e-2,.2e-2,.1e-2,.1e-2,.2e-2,.2e-2,.1e-2,.1e-2,.1e-2,.1e-2,.1e-2,0.,.\
1e-2,.2e-2,.1e-2,.1e-2,.1e-2,.1e-2,.1e-2,.1e-2,0.,0.,.1e-2,.1e-2,0.,.1e-2,0.,0.
,.1e-2,.1e-2,.1e-2,0.,.1e-2,0.,.1e-2,0.,.1e-2,0.,.1e-2,.1e-2,0.,.1e-2,.1e-2,.2e\
-2,0.,.1e-2,.1e-2,.1e-2,.1e-2,.1e-2,0.,.2e-2,.1e-2,.1e-2,.1e-2,.1e-2,.1e-2,.1e-\
2,.1e-2,0.,.1e-2,.1e-2,.1e-2,.1e-2,0.,.1e-2,.1e-2,0.,0.,.1e-2,0.,0.,0.,0.,.1e-2
,.1e-2,.1e-2,.1e-2,.1e-2,0.,0.,.1e-2,.1e-2,.1e-2,.1e-2,.1e-2,.1e-2,.1e-2,.1e-2,
.1e-2,.1e-2,0.,0.,.1e-2,0.,.1e-2,0.,.1e-2,.1e-2,.1e-2,.1e-2,0.,.2e-2,.1e-2,.1e-\
2,.1e-2,0.,.1e-2,0.,.1e-2,.1e-2,.1e-2,.1e-2,0.,.1e-2,0.,.1e-2,.1e-2,0.,.1e-2,.1\
e-2,0.,.1e-2,.1e-2,.2e-2,.2e-2,.1e-2,.1e-2,.1e-2,.1e-2,.1e-2,.2e-2,.1e-2,.1e-2,
.1e-2,0.,.1e-2,.2e-2,.1e-2,.1e-2,0.,.1e-2,.1e-2,.1e-2,.1e-2,.1e-2,.1e-2,.1e-2,.\
1e-2,.1e-2,.3e-2,.2e-2,.1e-2,0.,.1e-2,.2e-2,.1e-2,.1e-2,0.,.1e-2,.1e-2,.1e-2,0.
,.1e-2,.1e-2,.1e-2,.1e-2,.1e-2,.1e-2,.1e-2,0.,.1e-2,.1e-2,.1e-2,.1e-2,.1e-2,.1e\
-2,.1e-2,.1e-2,.1e-2,.1e-2,.1e-2,.1e-2,0.,.1e-2,.1e-2,.1e-2,.1e-2,0.,.1e-2,.1e-\
2,.1e-2,.1e-2,.1e-2,.1e-2,0.,.1e-2,.1e-2,.2e-2,0.,0.,.1e-2,.1e-2,0.,.1e-2,.1e-2
,.1e-2,.1e-2,0.,0.,.1e-2,.1e-2,.1e-2,.1e-2,.3e-2,0.,0.,.1e-2,0.,.1e-2,.1e-2,0.,
.1e-2,0.,.1e-2,.1e-2,.2e-2,.1e-2,.2e-2,0.,.2e-2,.1e-2,.1e-2,.1e-2,0.,.2e-2,.1e-\
2,.1e-2,.1e-2,.1e-2,0.,.1e-2,.1e-2,.1e-2,0.,.1e-2,.1e-2,.1e-2,.1e-2,.1e-2,0.,.1\
e-2,.1e-2,.1e-2,.1e-2,.1e-2,.1e-2,.1e-2,.1e-2,.1e-2,.1e-2,.1e-2,.1e-2,0.,.1e-2,
.1e-2,.1e-2,.1e-2,.1e-2,.1e-2,.1e-2,.1e-2,.2e-2,.1e-2,.1e-2,0.,.1e-2,.2e-2,.2e-\
2,.1e-2,0.,.1e-2,0.,.1e-2,.50e-1,.1e-2,.1e-2,.1e-2,.1e-2,.1e-2,.1e-2,.1e-2,.1e-\
2,.1e-2,0.,.1e-2,0.,.1e-2,.2e-2,.1e-2,.1e-2,.1e-2,.1e-2,.1e-2,.1e-2,.1e-2,.1e-2
,.1e-2,0.,.2e-2,.1e-2,.2e-2,.1e-2,.1e-2,.2e-2,0.,.1e-2,.1e-2,.1e-2,.1e-2,.1e-2,
.1e-2,.1e-2,0.,0.,.1e-2,.1e-2,0.,0.,0.,0.,.2e-2,0.,.1e-2,.2e-2,0.,.1e-2,.1e-2,0\
.,.1e-2,.1e-2,.1e-2,.2e-2,.1e-2,.1e-2,.1e-2,.1e-2,.54e-1,.1e-2,.1e-2,.1e-2,.1e-\
2,.2e-2,.1e-2,.1e-2,.1e-2,.1e-2,.1e-2,0.,.1e-2,.1e-2,.1e-2,0.,.1e-2,.1e-2,.1e-2
,.1e-2,0.,.1e-2,0.,0.,0.,0.,0.,.1e-2,.1e-2,.1e-2,.1e-2,.1e-2,.1e-2,.1e-2,0.,0.,
.1e-2,.1e-2,.1e-2,.1e-2,.1e-2,0.,.1e-2,.2e-2,.1e-2,0.,0.,.1e-2,.1e-2,0.,.1e-2,0\
.,0.,.1e-2,.1e-2,.1e-2,.1e-2,.1e-2,.1e-2,.1e-2,.1e-2,.1e-2,.2e-2,0.,.1e-2,.1e-2
,.1e-2,.1e-2,.1e-2,.1e-2,0.,.1e-2,.1e-2,.1e-2,0.,.1e-2,.1e-2,.1e-2,.1e-2,.1e-2,
.1e-2,.1e-2,.1e-2,.1e-2,.2e-2,.1e-2,.1e-2,.1e-2,0.,.2e-2,0.,.1e-2,.1e-2,.1e-2,0\
.,0.,0.,.1e-2,.1e-2,.2e-2,0.,.1e-2,.1e-2,.1e-2,.1e-2,0.,.1e-2,.1e-2,.1e-2,.1e-2
,0.,.1e-2,0.,.1e-2,0.,0.,.1e-2,.1e-2,.1e-2,.1e-2,.1e-2,.1e-2,.1e-2,.1e-2,.2e-2,
.1e-2,.1e-2,.1e-2,0.,.2e-2,0.,.1e-2,.1e-2,.1e-2,.2e-2,.44e-1,.1e-2,.1e-2,.1e-2,
.2e-2,0.,0.,.1e-2,.1e-2,.1e-2,0.,0.,0.,.1e-2,.1e-2,.1e-2,.1e-2,0.,.1e-2,.1e-2,.\
1e-2,.1e-2,.1e-2,0.,.1e-2,.1e-2,.1e-2,.1e-2,.1e-2,0.,.1e-2,.1e-2,.1e-2,.1e-2,.1\
e-2,.1e-2,.1e-2,.1e-2,.1e-2,.1e-2,.1e-2,0.,.1e-2,0.,0.,.1e-2,.1e-2,.1e-2,.1e-2,
.1e-2,0.,.1e-2,.1e-2,.2e-2,.1e-2,.1e-2,.1e-2,.1e-2,.2e-2,.1e-2,.1e-2,0.,.1e-2,0\
.,0.,.1e-2,.1e-2,0.,.1e-2,.1e-2,.1e-2,.1e-2,.1e-2,.1e-2,.1e-2,.1e-2,.1e-2,.1e-2
,.1e-2,.1e-2,.1e-2,.1e-2,.1e-2,.1e-2,.1e-2,.1e-2,.1e-2,.1e-2,.1e-2,.1e-2,.1e-2,
0.,0.,.1e-2,.1e-2,.1e-2,0.,0.,.1e-2,0.,.1e-2]]);
