TIMES1 := Matrix(5, 751, [[.3e-2,.3e-2,.3e-2,.4e-2,.4e-2,.5e-2,.7e-2,.4e-2,.4e-\
2,.3e-2,.3e-2,.42e-1,.7e-2,.6e-2,.5e-2,.3e-2,.3e-2,.4e-2,.4e-2,.3e-2,.6e-2,.5e-\
2,.4e-2,.4e-2,.3e-2,.3e-2,.4e-2,.5e-2,.5e-2,.4e-2,.6e-2,.5e-2,.4e-2,.4e-2,.4e-2
,.4e-2,.4e-2,.5e-2,.4e-2,.4e-2,.7e-2,.4e-2,.4e-2,.4e-2,.4e-2,.4e-2,.4e-2,.4e-2,
.3e-2,.4e-2,.4e-2,.4e-2,.5e-2,.6e-2,.8e-2,.5e-2,.5e-2,.4e-2,.4e-2,.4e-2,.4e-2,.\
5e-2,.8e-2,.5e-2,.8e-2,.5e-2,.8e-2,.5e-2,.5e-2,.6e-2,.5e-2,.4e-2,.7e-2,.40e-1,.\
12e-1,.6e-2,.5e-2,.9e-2,.4e-2,.5e-2,.5e-2,.4e-2,.4e-2,.7e-2,.6e-2,.6e-2,.4e-2,.\
10e-1,.5e-2,.5e-2,.5e-2,.4e-2,.5e-2,.5e-2,.5e-2,.5e-2,.6e-2,.6e-2,.8e-2,.5e-2,.\
5e-2,.5e-2,.5e-2,.5e-2,.6e-2,.9e-2,.8e-2,.10e-1,.6e-2,.10e-1,.5e-2,.9e-2,.5e-2,
.5e-2,.7e-2,.6e-2,.6e-2,.7e-2,.9e-2,.6e-2,.6e-2,.6e-2,.5e-2,.20e-1,.6e-2,.7e-2,
.6e-2,.7e-2,.5e-2,.9e-2,.6e-2,.6e-2,.5e-2,.5e-2,.5e-2,.7e-2,.6e-2,.6e-2,.7e-2,.\
9e-2,.6e-2,.6e-2,.6e-2,.7e-2,.6e-2,.7e-2,.7e-2,.6e-2,.6e-2,.6e-2,.6e-2,.6e-2,.6\
e-2,.10e-1,.8e-2,.6e-2,.6e-2,.6e-2,.8e-2,.8e-2,.6e-2,.8e-2,.10e-1,.8e-2,.9e-2,.\
50e-1,.17e-1,.7e-2,.7e-2,.10e-1,.7e-2,.6e-2,.6e-2,.6e-2,.6e-2,.6e-2,.7e-2,.7e-2
,.6e-2,.7e-2,.11e-1,.7e-2,.6e-2,.8e-2,.8e-2,.7e-2,.11e-1,.9e-2,.8e-2,.7e-2,.7e-\
2,.12e-1,.9e-2,.12e-1,.10e-1,.8e-2,.9e-2,.7e-2,.7e-2,.7e-2,.9e-2,.8e-2,.9e-2,.\
60e-1,.15e-1,.7e-2,.7e-2,.7e-2,.7e-2,.7e-2,.7e-2,.8e-2,.10e-1,.9e-2,.8e-2,.8e-2
,.10e-1,.10e-1,.8e-2,.7e-2,.9e-2,.7e-2,.10e-1,.11e-1,.13e-1,.8e-2,.9e-2,.8e-2,.\
8e-2,.12e-1,.11e-1,.10e-1,.10e-1,.12e-1,.9e-2,.8e-2,.7e-2,.51e-1,.25e-1,.7e-2,.\
9e-2,.8e-2,.10e-1,.9e-2,.7e-2,.8e-2,.8e-2,.9e-2,.11e-1,.8e-2,.7e-2,.8e-2,.10e-1
,.12e-1,.8e-2,.8e-2,.7e-2,.8e-2,.8e-2,.9e-2,.12e-1,.8e-2,.10e-1,.14e-1,.8e-2,.9\
e-2,.13e-1,.9e-2,.43e-1,.32e-1,.9e-2,.8e-2,.11e-1,.15e-1,.13e-1,.15e-1,.15e-1,.\
13e-1,.9e-2,.8e-2,.9e-2,.9e-2,.13e-1,.9e-2,.9e-2,.10e-1,.11e-1,.10e-1,.9e-2,.9e\
-2,.12e-1,.12e-1,.14e-1,.9e-2,.9e-2,.10e-1,.10e-1,.10e-1,.76e-1,.13e-1,.9e-2,.\
10e-1,.10e-1,.13e-1,.9e-2,.8e-2,.9e-2,.10e-1,.13e-1,.10e-1,.10e-1,.9e-2,.14e-1,
.10e-1,.9e-2,.9e-2,.8e-2,.10e-1,.14e-1,.13e-1,.13e-1,.11e-1,.11e-1,.14e-1,.10e-\
1,.54e-1,.33e-1,.13e-1,.10e-1,.10e-1,.10e-1,.10e-1,.9e-2,.15e-1,.10e-1,.9e-2,.\
10e-1,.9e-2,.11e-1,.14e-1,.10e-1,.9e-2,.10e-1,.10e-1,.10e-1,.13e-1,.14e-1,.12e-\
1,.10e-1,.10e-1,.15e-1,.59e-1,.36e-1,.11e-1,.10e-1,.9e-2,.10e-1,.10e-1,.11e-1,.\
15e-1,.10e-1,.13e-1,.15e-1,.13e-1,.11e-1,.11e-1,.11e-1,.15e-1,.12e-1,.14e-1,.12\
e-1,.14e-1,.12e-1,.11e-1,.12e-1,.16e-1,.66e-1,.25e-1,.10e-1,.10e-1,.10e-1,.13e-\
1,.12e-1,.10e-1,.10e-1,.11e-1,.13e-1,.16e-1,.16e-1,.12e-1,.15e-1,.11e-1,.11e-1,
.11e-1,.16e-1,.15e-1,.13e-1,.16e-1,.12e-1,.49e-1,.44e-1,.13e-1,.11e-1,.15e-1,.\
11e-1,.11e-1,.12e-1,.15e-1,.11e-1,.11e-1,.14e-1,.12e-1,.11e-1,.12e-1,.11e-1,.15\
e-1,.17e-1,.13e-1,.12e-1,.12e-1,.17e-1,.12e-1,.66e-1,.39e-1,.11e-1,.11e-1,.11e-\
1,.11e-1,.16e-1,.13e-1,.12e-1,.14e-1,.14e-1,.12e-1,.11e-1,.13e-1,.18e-1,.16e-1,
.14e-1,.16e-1,.12e-1,.12e-1,.14e-1,.14e-1,.87e-1,.20e-1,.17e-1,.16e-1,.12e-1,.\
11e-1,.13e-1,.12e-1,.17e-1,.12e-1,.13e-1,.17e-1,.12e-1,.12e-1,.14e-1,.16e-1,.12\
e-1,.15e-1,.17e-1,.13e-1,.12e-1,.53e-1,.14e-1,.15e-1,.14e-1,.18e-1,.17e-1,.16e-\
1,.14e-1,.16e-1,.13e-1,.12e-1,.16e-1,.14e-1,.12e-1,.12e-1,.17e-1,.13e-1,.18e-1,
.13e-1,.14e-1,.89e-1,.17e-1,.17e-1,.13e-1,.15e-1,.14e-1,.12e-1,.13e-1,.15e-1,.\
14e-1,.13e-1,.14e-1,.19e-1,.14e-1,.19e-1,.13e-1,.14e-1,.14e-1,.20e-1,.86e-1,.27\
e-1,.14e-1,.16e-1,.13e-1,.13e-1,.17e-1,.13e-1,.12e-1,.12e-1,.14e-1,.16e-1,.14e-\
1,.15e-1,.17e-1,.20e-1,.15e-1,.18e-1,.53e-1,.61e-1,.15e-1,.18e-1,.13e-1,.14e-1,
.19e-1,.14e-1,.13e-1,.20e-1,.19e-1,.17e-1,.18e-1,.17e-1,.16e-1,.18e-1,.16e-1,.\
13e-1,.55e-1,.58e-1,.15e-1,.14e-1,.16e-1,.18e-1,.15e-1,.16e-1,.17e-1,.15e-1,.19\
e-1,.21e-1,.15e-1,.19e-1,.19e-1,.19e-1,.16e-1,.14e-1,.90e-1,.38e-1,.19e-1,.14e-\
1,.14e-1,.15e-1,.18e-1,.16e-1,.16e-1,.20e-1,.16e-1,.16e-1,.22e-1,.19e-1,.19e-1,
.15e-1,.16e-1,.74e-1,.41e-1,.15e-1,.16e-1,.18e-1,.14e-1,.16e-1,.19e-1,.15e-1,.\
18e-1,.18e-1,.15e-1,.16e-1,.22e-1,.20e-1,.16e-1,.21e-1,.97e-1,.20e-1,.18e-1,.21\
e-1,.19e-1,.16e-1,.14e-1,.16e-1,.20e-1,.15e-1,.16e-1,.18e-1,.20e-1,.18e-1,.20e-\
1,.18e-1,.89e-1,.35e-1,.15e-1,.17e-1,.19e-1,.18e-1,.20e-1,.19e-1,.16e-1,.17e-1,
.20e-1,.15e-1,.21e-1,.21e-1,.16e-1,.17e-1,.108,.21e-1,.21e-1,.17e-1,.22e-1,.18e\
-1,.17e-1,.17e-1,.19e-1,.20e-1,.22e-1,.22e-1,.24e-1,.20e-1,.23e-1,.92e-1,.47e-1
,.19e-1,.19e-1,.19e-1,.22e-1,.17e-1,.23e-1,.18e-1,.19e-1,.25e-1,.20e-1,.23e-1,.\
19e-1,.20e-1,.21e-1,.25e-1,.19e-1,.19e-1,.23e-1,.18e-1,.20e-1,.25e-1,.25e-1,.81\
e-1,.72e-1,.17e-1,.20e-1,.17e-1,.17e-1,.22e-1,.23e-1,.24e-1,.22e-1,.20e-1,.19e-\
1,.26e-1,.25e-1,.23e-1,.22e-1,.23e-1,.17e-1,.19e-1,.23e-1,.17e-1,.24e-1,.17e-1,
.18e-1,.84e-1,.64e-1,.19e-1,.23e-1,.19e-1,.22e-1,.18e-1,.19e-1,.20e-1,.21e-1,.\
21e-1,.21e-1,.17e-1,.20e-1,.28e-1,.30e-1,.18e-1,.19e-1,.23e-1,.18e-1,.23e-1,.18\
e-1,.18e-1,.82e-1,.77e-1,.18e-1,.19e-1,.34e-1,.34e-1,.50e-1,.58e-1,.34e-1,.32e-\
1,.34e-1,.31e-1,.32e-1,.30e-1,.33e-1,.28e-1,.29e-1,.37e-1,.32e-1,.29e-1,.28e-1,
.30e-1,.32e-1,.177,.35e-1,.36e-1,.29e-1,.29e-1,.28e-1,.34e-1,.50e-1,.33e-1,.30e\
-1,.30e-1,.28e-1,.30e-1,.38e-1,.30e-1,.31e-1,.29e-1,.29e-1],[.4e-2,.4e-2,.7e-2,
.4e-2,.7e-2,.5e-2,.5e-2,.7e-2,.4e-2,.8e-2,.5e-2,.8e-2,.5e-2,.6e-2,.6e-2,.7e-2,.\
6e-2,.81e-1,.12e-1,.7e-2,.5e-2,.5e-2,.8e-2,.5e-2,.7e-2,.7e-2,.7e-2,.5e-2,.6e-2,
.7e-2,.7e-2,.7e-2,.6e-2,.7e-2,.7e-2,.8e-2,.8e-2,.7e-2,.7e-2,.7e-2,.7e-2,.6e-2,.\
8e-2,.8e-2,.7e-2,.9e-2,.6e-2,.9e-2,.7e-2,.8e-2,.5e-2,.9e-2,.7e-2,.8e-2,.8e-2,.\
10e-1,.7e-2,.7e-2,.9e-2,.6e-2,.9e-2,.6e-2,.10e-1,.6e-2,.10e-1,.9e-2,.8e-2,.8e-2
,.8e-2,.8e-2,.8e-2,.8e-2,.9e-2,.5e-2,.9e-2,.6e-2,.9e-2,.5e-2,.6e-2,.8e-2,.5e-2,
.7e-2,.7e-2,.7e-2,.5e-2,.6e-2,.6e-2,.6e-2,.6e-2,.6e-2,.6e-2,.7e-2,.6e-2,.6e-2,.\
5e-2,.10e-1,.7e-2,.6e-2,.6e-2,.6e-2,.6e-2,.10e-1,.7e-2,.6e-2,.58e-1,.17e-1,.6e-\
2,.9e-2,.6e-2,.7e-2,.6e-2,.5e-2,.6e-2,.6e-2,.8e-2,.8e-2,.8e-2,.6e-2,.7e-2,.9e-2
,.7e-2,.6e-2,.6e-2,.6e-2,.7e-2,.7e-2,.12e-1,.9e-2,.6e-2,.6e-2,.6e-2,.11e-1,.6e-\
2,.6e-2,.6e-2,.6e-2,.10e-1,.8e-2,.6e-2,.10e-1,.7e-2,.8e-2,.8e-2,.8e-2,.6e-2,.7e\
-2,.6e-2,.7e-2,.6e-2,.7e-2,.7e-2,.8e-2,.8e-2,.10e-1,.7e-2,.6e-2,.8e-2,.8e-2,.11\
e-1,.7e-2,.8e-2,.7e-2,.10e-1,.8e-2,.8e-2,.7e-2,.8e-2,.8e-2,.7e-2,.12e-1,.8e-2,.\
79e-1,.11e-1,.7e-2,.6e-2,.7e-2,.7e-2,.8e-2,.10e-1,.7e-2,.7e-2,.8e-2,.7e-2,.7e-2
,.12e-1,.7e-2,.8e-2,.7e-2,.7e-2,.7e-2,.6e-2,.6e-2,.9e-2,.12e-1,.7e-2,.7e-2,.7e-\
2,.9e-2,.9e-2,.9e-2,.9e-2,.8e-2,.8e-2,.8e-2,.9e-2,.10e-1,.7e-2,.7e-2,.7e-2,.12e\
-1,.10e-1,.8e-2,.7e-2,.8e-2,.8e-2,.8e-2,.8e-2,.13e-1,.8e-2,.8e-2,.8e-2,.8e-2,.\
13e-1,.14e-1,.9e-2,.8e-2,.10e-1,.80e-1,.20e-1,.9e-2,.8e-2,.9e-2,.9e-2,.12e-1,.9\
e-2,.8e-2,.9e-2,.8e-2,.8e-2,.9e-2,.9e-2,.11e-1,.9e-2,.8e-2,.10e-1,.13e-1,.9e-2,
.8e-2,.9e-2,.9e-2,.14e-1,.13e-1,.10e-1,.9e-2,.12e-1,.10e-1,.9e-2,.8e-2,.10e-1,.\
9e-2,.14e-1,.10e-1,.10e-1,.9e-2,.10e-1,.10e-1,.14e-1,.10e-1,.10e-1,.11e-1,.11e-\
1,.14e-1,.10e-1,.11e-1,.9e-2,.11e-1,.75e-1,.15e-1,.9e-2,.9e-2,.9e-2,.9e-2,.9e-2
,.11e-1,.10e-1,.8e-2,.9e-2,.9e-2,.14e-1,.9e-2,.9e-2,.11e-1,.10e-1,.12e-1,.10e-1
,.10e-1,.10e-1,.14e-1,.10e-1,.11e-1,.13e-1,.11e-1,.15e-1,.14e-1,.10e-1,.11e-1,.\
12e-1,.14e-1,.10e-1,.11e-1,.10e-1,.14e-1,.10e-1,.9e-2,.10e-1,.15e-1,.10e-1,.9e-\
2,.13e-1,.13e-1,.75e-1,.24e-1,.10e-1,.10e-1,.10e-1,.13e-1,.11e-1,.10e-1,.10e-1,
.10e-1,.13e-1,.9e-2,.9e-2,.11e-1,.15e-1,.11e-1,.10e-1,.13e-1,.15e-1,.14e-1,.10e\
-1,.9e-2,.9e-2,.11e-1,.11e-1,.13e-1,.10e-1,.11e-1,.12e-1,.12e-1,.11e-1,.10e-1,.\
11e-1,.16e-1,.12e-1,.13e-1,.12e-1,.17e-1,.11e-1,.12e-1,.64e-1,.39e-1,.12e-1,.16\
e-1,.9e-2,.11e-1,.11e-1,.15e-1,.10e-1,.10e-1,.12e-1,.16e-1,.14e-1,.12e-1,.15e-1
,.10e-1,.11e-1,.14e-1,.14e-1,.24e-1,.22e-1,.25e-1,.12e-1,.11e-1,.12e-1,.15e-1,.\
11e-1,.11e-1,.11e-1,.11e-1,.11e-1,.11e-1,.15e-1,.12e-1,.11e-1,.15e-1,.13e-1,.12\
e-1,.77e-1,.33e-1,.11e-1,.13e-1,.18e-1,.12e-1,.18e-1,.11e-1,.16e-1,.12e-1,.11e-\
1,.12e-1,.16e-1,.13e-1,.11e-1,.13e-1,.14e-1,.15e-1,.14e-1,.13e-1,.18e-1,.11e-1,
.12e-1,.12e-1,.12e-1,.12e-1,.17e-1,.14e-1,.12e-1,.18e-1,.13e-1,.12e-1,.14e-1,.\
13e-1,.73e-1,.47e-1,.14e-1,.14e-1,.15e-1,.13e-1,.15e-1,.12e-1,.13e-1,.16e-1,.14\
e-1,.15e-1,.19e-1,.17e-1,.17e-1,.13e-1,.17e-1,.14e-1,.13e-1,.15e-1,.20e-1,.17e-\
1,.15e-1,.18e-1,.13e-1,.13e-1,.13e-1,.17e-1,.14e-1,.15e-1,.18e-1,.12e-1,.13e-1,
.14e-1,.53e-1,.12e-1,.12e-1,.16e-1,.12e-1,.13e-1,.13e-1,.18e-1,.13e-1,.13e-1,.\
18e-1,.13e-1,.12e-1,.12e-1,.14e-1,.15e-1,.17e-1,.14e-1,.13e-1,.17e-1,.14e-1,.14\
e-1,.18e-1,.14e-1,.19e-1,.16e-1,.14e-1,.14e-1,.16e-1,.14e-1,.13e-1,.72e-1,.53e-\
1,.12e-1,.15e-1,.17e-1,.13e-1,.18e-1,.14e-1,.13e-1,.13e-1,.13e-1,.13e-1,.18e-1,
.13e-1,.14e-1,.15e-1,.19e-1,.22e-1,.19e-1,.13e-1,.15e-1,.20e-1,.13e-1,.18e-1,.\
17e-1,.14e-1,.14e-1,.14e-1,.15e-1,.19e-1,.70e-1,.57e-1,.18e-1,.19e-1,.19e-1,.13\
e-1,.13e-1,.14e-1,.19e-1,.13e-1,.13e-1,.16e-1,.18e-1,.20e-1,.20e-1,.17e-1,.14e-\
1,.15e-1,.18e-1,.15e-1,.18e-1,.16e-1,.16e-1,.14e-1,.14e-1,.19e-1,.17e-1,.18e-1,
.19e-1,.80e-1,.49e-1,.13e-1,.15e-1,.19e-1,.20e-1,.13e-1,.15e-1,.19e-1,.14e-1,.\
15e-1,.19e-1,.19e-1,.15e-1,.20e-1,.15e-1,.18e-1,.18e-1,.14e-1,.15e-1,.19e-1,.19\
e-1,.20e-1,.16e-1,.19e-1,.16e-1,.16e-1,.17e-1,.96e-1,.27e-1,.19e-1,.16e-1,.18e-\
1,.18e-1,.18e-1,.20e-1,.15e-1,.14e-1,.14e-1,.15e-1,.19e-1,.20e-1,.20e-1,.17e-1,
.14e-1,.21e-1,.16e-1,.18e-1,.21e-1,.17e-1,.24e-1,.16e-1,.15e-1,.15e-1,.67e-1,.\
64e-1,.17e-1,.20e-1,.16e-1,.19e-1,.17e-1,.16e-1,.23e-1,.16e-1,.15e-1,.15e-1,.19\
e-1,.21e-1,.16e-1,.19e-1,.17e-1,.16e-1,.20e-1,.16e-1,.16e-1,.22e-1,.17e-1,.23e-\
1,.21e-1,.16e-1,.81e-1,.60e-1,.20e-1,.15e-1,.16e-1,.20e-1,.16e-1,.15e-1,.15e-1,
.16e-1,.19e-1,.20e-1,.20e-1,.17e-1,.18e-1,.20e-1,.17e-1,.22e-1,.17e-1,.16e-1,.\
16e-1,.17e-1,.33e-1,.23e-1,.16e-1,.94e-1,.55e-1,.23e-1,.17e-1,.22e-1,.21e-1,.17\
e-1,.17e-1,.21e-1,.17e-1,.26e-1,.26e-1,.19e-1,.21e-1,.17e-1,.17e-1,.26e-1,.21e-\
1,.21e-1,.26e-1,.20e-1,.22e-1,.18e-1,.24e-1,.111,.51e-1,.17e-1,.17e-1,.21e-1,.\
17e-1,.25e-1,.21e-1,.25e-1,.33e-1,.22e-1,.20e-1,.25e-1,.21e-1,.18e-1,.19e-1,.22\
e-1,.17e-1,.18e-1,.22e-1,.21e-1,.22e-1,.21e-1,.75e-1,.82e-1,.24e-1,.18e-1,.18e-\
1,.23e-1,.24e-1,.22e-1,.17e-1,.22e-1,.24e-1,.24e-1,.19e-1,.47e-1,.31e-1,.24e-1,
.21e-1,.19e-1,.23e-1,.19e-1,.18e-1,.19e-1,.26e-1,.98e-1,.80e-1,.18e-1,.23e-1,.\
29e-1,.20e-1,.24e-1,.19e-1,.22e-1,.20e-1,.27e-1,.28e-1,.20e-1,.19e-1,.21e-1,.19\
e-1,.23e-1,.19e-1,.22e-1,.21e-1],[.3e-2,.4e-2,.5e-2,.4e-2,.4e-2,.4e-2,.4e-2,.3e\
-2,.4e-2,.3e-2,.5e-2,.6e-2,.56e-1,.10e-1,.3e-2,.6e-2,.6e-2,.4e-2,.4e-2,.4e-2,.3\
e-2,.4e-2,.7e-2,.4e-2,.4e-2,.4e-2,.4e-2,.3e-2,.5e-2,.4e-2,.3e-2,.5e-2,.8e-2,.4e\
-2,.3e-2,.4e-2,.4e-2,.4e-2,.4e-2,.4e-2,.4e-2,.6e-2,.6e-2,.5e-2,.4e-2,.4e-2,.3e-\
2,.4e-2,.4e-2,.5e-2,.4e-2,.3e-2,.4e-2,.5e-2,.4e-2,.5e-2,.7e-2,.5e-2,.6e-2,.5e-2
,.9e-2,.4e-2,.5e-2,.5e-2,.5e-2,.7e-2,.6e-2,.4e-2,.5e-2,.4e-2,.5e-2,.6e-2,.4e-2,
.7e-2,.7e-2,.5e-2,.5e-2,.5e-2,.5e-2,.6e-2,.4e-2,.6e-2,.7e-2,.5e-2,.5e-2,.5e-2,.\
6e-2,.8e-2,.5e-2,.8e-2,.6e-2,.6e-2,.5e-2,.5e-2,.5e-2,.5e-2,.5e-2,.5e-2,.6e-2,.7\
e-2,.7e-2,.58e-1,.19e-1,.10e-1,.6e-2,.8e-2,.6e-2,.5e-2,.6e-2,.5e-2,.6e-2,.5e-2,
.10e-1,.5e-2,.5e-2,.5e-2,.6e-2,.6e-2,.6e-2,.9e-2,.6e-2,.6e-2,.6e-2,.8e-2,.7e-2,
.6e-2,.10e-1,.6e-2,.6e-2,.6e-2,.6e-2,.5e-2,.6e-2,.6e-2,.7e-2,.9e-2,.7e-2,.8e-2,
.6e-2,.6e-2,.7e-2,.6e-2,.7e-2,.6e-2,.10e-1,.6e-2,.6e-2,.7e-2,.5e-2,.7e-2,.12e-1
,.8e-2,.10e-1,.6e-2,.6e-2,.6e-2,.7e-2,.7e-2,.11e-1,.6e-2,.7e-2,.6e-2,.7e-2,.7e-\
2,.6e-2,.7e-2,.12e-1,.6e-2,.58e-1,.21e-1,.7e-2,.6e-2,.6e-2,.8e-2,.8e-2,.8e-2,.6\
e-2,.8e-2,.10e-1,.8e-2,.12e-1,.7e-2,.8e-2,.6e-2,.7e-2,.8e-2,.10e-1,.7e-2,.7e-2,
.6e-2,.7e-2,.8e-2,.7e-2,.7e-2,.12e-1,.8e-2,.7e-2,.7e-2,.10e-1,.8e-2,.9e-2,.12e-\
1,.8e-2,.7e-2,.7e-2,.9e-2,.10e-1,.9e-2,.7e-2,.7e-2,.9e-2,.10e-1,.10e-1,.7e-2,.7\
e-2,.8e-2,.7e-2,.9e-2,.9e-2,.13e-1,.10e-1,.9e-2,.10e-1,.13e-1,.7e-2,.71e-1,.7e-\
2,.13e-1,.7e-2,.8e-2,.8e-2,.8e-2,.12e-1,.7e-2,.11e-1,.8e-2,.12e-1,.11e-1,.8e-2,
.9e-2,.10e-1,.12e-1,.9e-2,.7e-2,.8e-2,.11e-1,.12e-1,.11e-1,.9e-2,.8e-2,.8e-2,.8\
e-2,.8e-2,.8e-2,.9e-2,.12e-1,.8e-2,.9e-2,.10e-1,.10e-1,.11e-1,.9e-2,.9e-2,.12e-\
1,.10e-1,.8e-2,.8e-2,.8e-2,.10e-1,.14e-1,.8e-2,.9e-2,.9e-2,.9e-2,.72e-1,.16e-1,
.12e-1,.10e-1,.9e-2,.8e-2,.9e-2,.12e-1,.10e-1,.8e-2,.9e-2,.10e-1,.10e-1,.12e-1,
.11e-1,.14e-1,.9e-2,.8e-2,.10e-1,.10e-1,.13e-1,.13e-1,.12e-1,.16e-1,.14e-1,.14e\
-1,.12e-1,.10e-1,.15e-1,.15e-1,.13e-1,.14e-1,.11e-1,.14e-1,.11e-1,.10e-1,.11e-1
,.12e-1,.12e-1,.16e-1,.13e-1,.10e-1,.12e-1,.16e-1,.81e-1,.28e-1,.10e-1,.14e-1,.\
10e-1,.15e-1,.10e-1,.13e-1,.14e-1,.12e-1,.14e-1,.10e-1,.9e-2,.10e-1,.16e-1,.13e\
-1,.16e-1,.15e-1,.14e-1,.11e-1,.15e-1,.14e-1,.13e-1,.10e-1,.15e-1,.11e-1,.11e-1
,.17e-1,.16e-1,.12e-1,.9e-2,.10e-1,.12e-1,.15e-1,.12e-1,.10e-1,.11e-1,.11e-1,.\
15e-1,.11e-1,.12e-1,.49e-1,.10e-1,.11e-1,.15e-1,.10e-1,.10e-1,.10e-1,.9e-2,.9e-\
2,.12e-1,.14e-1,.11e-1,.14e-1,.14e-1,.14e-1,.10e-1,.12e-1,.11e-1,.12e-1,.12e-1,
.16e-1,.10e-1,.11e-1,.16e-1,.12e-1,.11e-1,.13e-1,.15e-1,.11e-1,.11e-1,.13e-1,.\
17e-1,.12e-1,.16e-1,.12e-1,.15e-1,.14e-1,.75e-1,.42e-1,.15e-1,.11e-1,.12e-1,.14\
e-1,.12e-1,.11e-1,.13e-1,.16e-1,.12e-1,.11e-1,.10e-1,.14e-1,.16e-1,.16e-1,.16e-\
1,.17e-1,.16e-1,.12e-1,.12e-1,.12e-1,.13e-1,.19e-1,.21e-1,.17e-1,.13e-1,.12e-1,
.15e-1,.13e-1,.12e-1,.13e-1,.16e-1,.12e-1,.12e-1,.11e-1,.50e-1,.16e-1,.13e-1,.\
12e-1,.12e-1,.15e-1,.13e-1,.12e-1,.16e-1,.13e-1,.11e-1,.12e-1,.12e-1,.13e-1,.17\
e-1,.13e-1,.18e-1,.18e-1,.12e-1,.16e-1,.18e-1,.12e-1,.12e-1,.12e-1,.13e-1,.14e-\
1,.18e-1,.15e-1,.15e-1,.17e-1,.12e-1,.20e-1,.18e-1,.110,.27e-1,.12e-1,.12e-1,.\
12e-1,.15e-1,.15e-1,.15e-1,.16e-1,.14e-1,.12e-1,.16e-1,.18e-1,.20e-1,.18e-1,.14\
e-1,.12e-1,.13e-1,.14e-1,.14e-1,.16e-1,.14e-1,.15e-1,.17e-1,.16e-1,.18e-1,.21e-\
1,.15e-1,.22e-1,.17e-1,.20e-1,.62e-1,.58e-1,.14e-1,.18e-1,.14e-1,.14e-1,.17e-1,
.19e-1,.15e-1,.14e-1,.18e-1,.14e-1,.15e-1,.18e-1,.18e-1,.14e-1,.16e-1,.16e-1,.\
19e-1,.14e-1,.14e-1,.19e-1,.14e-1,.15e-1,.20e-1,.15e-1,.14e-1,.21e-1,.14e-1,.14\
e-1,.73e-1,.60e-1,.14e-1,.17e-1,.13e-1,.15e-1,.20e-1,.16e-1,.18e-1,.15e-1,.13e-\
1,.16e-1,.18e-1,.19e-1,.18e-1,.20e-1,.20e-1,.14e-1,.19e-1,.15e-1,.14e-1,.13e-1,
.19e-1,.18e-1,.16e-1,.14e-1,.21e-1,.17e-1,.19e-1,.103,.43e-1,.15e-1,.13e-1,.13e\
-1,.15e-1,.19e-1,.14e-1,.15e-1,.18e-1,.14e-1,.15e-1,.21e-1,.16e-1,.15e-1,.18e-1
,.16e-1,.15e-1,.15e-1,.18e-1,.15e-1,.17e-1,.21e-1,.16e-1,.20e-1,.17e-1,.16e-1,.\
15e-1,.77e-1,.20e-1,.14e-1,.15e-1,.20e-1,.14e-1,.14e-1,.20e-1,.14e-1,.13e-1,.15\
e-1,.19e-1,.19e-1,.19e-1,.20e-1,.21e-1,.17e-1,.17e-1,.19e-1,.16e-1,.18e-1,.17e-\
1,.18e-1,.22e-1,.20e-1,.21e-1,.90e-1,.57e-1,.18e-1,.18e-1,.20e-1,.15e-1,.17e-1,
.23e-1,.22e-1,.15e-1,.16e-1,.22e-1,.17e-1,.22e-1,.16e-1,.18e-1,.26e-1,.17e-1,.\
21e-1,.16e-1,.16e-1,.16e-1,.16e-1,.22e-1,.17e-1,.22e-1,.130,.25e-1,.23e-1,.22e-\
1,.19e-1,.21e-1,.22e-1,.19e-1,.24e-1,.23e-1,.21e-1,.16e-1,.17e-1,.22e-1,.20e-1,
.24e-1,.18e-1,.15e-1,.17e-1,.17e-1,.20e-1,.19e-1,.19e-1,.17e-1,.71e-1,.69e-1,.\
17e-1,.20e-1,.15e-1,.16e-1,.18e-1,.20e-1,.18e-1,.22e-1,.24e-1,.22e-1,.21e-1,.22\
e-1,.16e-1,.18e-1,.21e-1,.17e-1,.16e-1,.18e-1,.22e-1,.17e-1,.19e-1,.20e-1,.63e-\
1,.75e-1,.18e-1,.17e-1,.21e-1,.16e-1,.23e-1,.16e-1,.16e-1,.16e-1,.24e-1,.23e-1,
.19e-1,.21e-1,.19e-1,.22e-1,.19e-1,.23e-1,.17e-1,.18e-1,.18e-1,.21e-1,.17e-1,.\
20e-1,.127,.30e-1,.22e-1,.19e-1,.16e-1,.17e-1,.18e-1,.21e-1,.18e-1,.22e-1,.20e-\
1,.19e-1,.23e-1,.20e-1,.22e-1,.19e-1,.19e-1,.23e-1,.20e-1,.23e-1,.23e-1,.18e-1,
.120,.28e-1,.19e-1,.18e-1,.18e-1,.29e-1,.23e-1,.23e-1,.25e-1,.22e-1,.19e-1,.19e\
-1,.22e-1,.19e-1,.23e-1,.19e-1,.17e-1,.20e-1,.23e-1,.19e-1,.22e-1,.87e-1],[.3e-\
2,.3e-2,.4e-2,.4e-2,.3e-2,.4e-2,.6e-2,.5e-2,.3e-2,.3e-2,.3e-2,.3e-2,.3e-2,.3e-2
,.4e-2,.3e-2,.3e-2,.3e-2,.3e-2,.3e-2,.3e-2,.4e-2,.4e-2,.5e-2,.4e-2,.5e-2,.8e-2,
.4e-2,.4e-2,.3e-2,.4e-2,.4e-2,.4e-2,.5e-2,.4e-2,.7e-2,.5e-2,.4e-2,.4e-2,.4e-2,.\
5e-2,.4e-2,.6e-2,.8e-2,.6e-2,.4e-2,.7e-2,.5e-2,.4e-2,.5e-2,.5e-2,.5e-2,.9e-2,.5\
e-2,.5e-2,.5e-2,.4e-2,.6e-2,.6e-2,.5e-2,.9e-2,.5e-2,.7e-2,.7e-2,.5e-2,.5e-2,.4e\
-2,.4e-2,.4e-2,.5e-2,.5e-2,.8e-2,.7e-2,.10e-1,.5e-2,.9e-2,.5e-2,.7e-2,.5e-2,.8e\
-2,.6e-2,.5e-2,.5e-2,.4e-2,.5e-2,.4e-2,.6e-2,.5e-2,.6e-2,.4e-2,.68e-1,.12e-1,.6\
e-2,.10e-1,.5e-2,.5e-2,.6e-2,.8e-2,.7e-2,.5e-2,.4e-2,.5e-2,.8e-2,.8e-2,.5e-2,.6\
e-2,.5e-2,.5e-2,.6e-2,.7e-2,.8e-2,.6e-2,.6e-2,.6e-2,.5e-2,.8e-2,.11e-1,.6e-2,.\
10e-1,.6e-2,.6e-2,.6e-2,.10e-1,.6e-2,.10e-1,.8e-2,.8e-2,.7e-2,.9e-2,.7e-2,.6e-2
,.5e-2,.6e-2,.7e-2,.6e-2,.6e-2,.6e-2,.9e-2,.6e-2,.12e-1,.6e-2,.7e-2,.6e-2,.6e-2
,.7e-2,.11e-1,.6e-2,.6e-2,.6e-2,.7e-2,.10e-1,.6e-2,.8e-2,.7e-2,.7e-2,.7e-2,.8e-\
2,.13e-1,.8e-2,.73e-1,.11e-1,.9e-2,.7e-2,.6e-2,.7e-2,.7e-2,.7e-2,.11e-1,.7e-2,.\
6e-2,.6e-2,.7e-2,.7e-2,.11e-1,.7e-2,.7e-2,.7e-2,.8e-2,.9e-2,.11e-1,.8e-2,.9e-2,
.8e-2,.7e-2,.12e-1,.9e-2,.8e-2,.7e-2,.7e-2,.7e-2,.7e-2,.8e-2,.7e-2,.10e-1,.9e-2
,.8e-2,.7e-2,.8e-2,.8e-2,.12e-1,.8e-2,.8e-2,.8e-2,.8e-2,.13e-1,.8e-2,.9e-2,.9e-\
2,.9e-2,.14e-1,.8e-2,.7e-2,.7e-2,.8e-2,.8e-2,.8e-2,.65e-1,.30e-1,.10e-1,.7e-2,.\
7e-2,.8e-2,.8e-2,.12e-1,.7e-2,.8e-2,.8e-2,.9e-2,.8e-2,.9e-2,.12e-1,.8e-2,.9e-2,
.7e-2,.8e-2,.11e-1,.8e-2,.8e-2,.7e-2,.8e-2,.8e-2,.9e-2,.10e-1,.9e-2,.11e-1,.8e-\
2,.9e-2,.9e-2,.8e-2,.13e-1,.8e-2,.9e-2,.10e-1,.10e-1,.10e-1,.9e-2,.9e-2,.9e-2,.\
11e-1,.9e-2,.8e-2,.8e-2,.9e-2,.9e-2,.10e-1,.14e-1,.59e-1,.34e-1,.10e-1,.11e-1,.\
15e-1,.13e-1,.10e-1,.12e-1,.11e-1,.9e-2,.9e-2,.10e-1,.14e-1,.10e-1,.9e-2,.9e-2,
.8e-2,.10e-1,.9e-2,.11e-1,.15e-1,.13e-1,.10e-1,.18e-1,.16e-1,.16e-1,.16e-1,.16e\
-1,.15e-1,.16e-1,.15e-1,.18e-1,.15e-1,.16e-1,.15e-1,.17e-1,.15e-1,.19e-1,.16e-1
,.17e-1,.16e-1,.16e-1,.16e-1,.16e-1,.16e-1,.93e-1,.46e-1,.16e-1,.15e-1,.16e-1,.\
15e-1,.15e-1,.16e-1,.15e-1,.14e-1,.16e-1,.11e-1,.17e-1,.16e-1,.10e-1,.14e-1,.14\
e-1,.15e-1,.11e-1,.15e-1,.11e-1,.15e-1,.11e-1,.12e-1,.11e-1,.15e-1,.10e-1,.11e-\
1,.11e-1,.11e-1,.16e-1,.11e-1,.12e-1,.13e-1,.17e-1,.14e-1,.11e-1,.14e-1,.15e-1,
.11e-1,.12e-1,.71e-1,.43e-1,.11e-1,.11e-1,.12e-1,.14e-1,.11e-1,.10e-1,.12e-1,.\
13e-1,.16e-1,.10e-1,.11e-1,.11e-1,.15e-1,.12e-1,.11e-1,.11e-1,.18e-1,.13e-1,.10\
e-1,.11e-1,.11e-1,.11e-1,.15e-1,.13e-1,.12e-1,.15e-1,.14e-1,.39e-1,.18e-1,.13e-\
1,.15e-1,.11e-1,.22e-1,.13e-1,.12e-1,.10e-1,.70e-1,.51e-1,.16e-1,.13e-1,.15e-1,
.10e-1,.10e-1,.11e-1,.11e-1,.15e-1,.12e-1,.14e-1,.14e-1,.15e-1,.15e-1,.15e-1,.\
13e-1,.17e-1,.12e-1,.12e-1,.13e-1,.14e-1,.11e-1,.11e-1,.11e-1,.12e-1,.13e-1,.16\
e-1,.13e-1,.12e-1,.19e-1,.22e-1,.21e-1,.14e-1,.13e-1,.16e-1,.78e-1,.32e-1,.12e-\
1,.14e-1,.17e-1,.11e-1,.13e-1,.13e-1,.15e-1,.12e-1,.13e-1,.12e-1,.19e-1,.27e-1,
.18e-1,.12e-1,.13e-1,.11e-1,.18e-1,.14e-1,.12e-1,.20e-1,.23e-1,.24e-1,.18e-1,.\
14e-1,.15e-1,.15e-1,.14e-1,.14e-1,.14e-1,.14e-1,.17e-1,.65e-1,.52e-1,.15e-1,.12\
e-1,.13e-1,.17e-1,.12e-1,.14e-1,.16e-1,.14e-1,.11e-1,.12e-1,.13e-1,.12e-1,.18e-\
1,.16e-1,.21e-1,.17e-1,.13e-1,.18e-1,.14e-1,.13e-1,.14e-1,.19e-1,.17e-1,.15e-1,
.20e-1,.13e-1,.20e-1,.16e-1,.19e-1,.14e-1,.76e-1,.54e-1,.14e-1,.17e-1,.13e-1,.\
13e-1,.15e-1,.20e-1,.18e-1,.14e-1,.15e-1,.17e-1,.15e-1,.19e-1,.18e-1,.13e-1,.14\
e-1,.13e-1,.19e-1,.15e-1,.14e-1,.19e-1,.14e-1,.14e-1,.15e-1,.19e-1,.14e-1,.19e-\
1,.23e-1,.16e-1,.70e-1,.61e-1,.13e-1,.14e-1,.21e-1,.13e-1,.15e-1,.18e-1,.14e-1,
.17e-1,.23e-1,.14e-1,.14e-1,.20e-1,.17e-1,.15e-1,.19e-1,.14e-1,.14e-1,.15e-1,.\
17e-1,.18e-1,.15e-1,.16e-1,.20e-1,.15e-1,.19e-1,.18e-1,.22e-1,.75e-1,.70e-1,.20\
e-1,.14e-1,.14e-1,.19e-1,.15e-1,.12e-1,.14e-1,.15e-1,.15e-1,.17e-1,.15e-1,.18e-\
1,.19e-1,.17e-1,.22e-1,.20e-1,.21e-1,.15e-1,.16e-1,.21e-1,.14e-1,.17e-1,.17e-1,
.19e-1,.19e-1,.24e-1,.83e-1,.57e-1,.13e-1,.14e-1,.15e-1,.27e-1,.15e-1,.15e-1,.\
19e-1,.15e-1,.16e-1,.21e-1,.17e-1,.21e-1,.15e-1,.15e-1,.16e-1,.21e-1,.15e-1,.15\
e-1,.20e-1,.23e-1,.21e-1,.23e-1,.22e-1,.17e-1,.21e-1,.103,.35e-1,.22e-1,.21e-1,
.15e-1,.17e-1,.19e-1,.15e-1,.16e-1,.19e-1,.15e-1,.15e-1,.19e-1,.20e-1,.17e-1,.\
16e-1,.22e-1,.21e-1,.23e-1,.18e-1,.17e-1,.21e-1,.19e-1,.22e-1,.16e-1,.19e-1,.12\
5,.21e-1,.23e-1,.16e-1,.17e-1,.21e-1,.15e-1,.16e-1,.17e-1,.24e-1,.22e-1,.21e-1,
.16e-1,.17e-1,.24e-1,.19e-1,.26e-1,.17e-1,.17e-1,.17e-1,.20e-1,.19e-1,.22e-1,.\
18e-1,.70e-1,.70e-1,.17e-1,.20e-1,.17e-1,.18e-1,.20e-1,.19e-1,.16e-1,.28e-1,.21\
e-1,.24e-1,.17e-1,.17e-1,.23e-1,.18e-1,.20e-1,.25e-1,.16e-1,.18e-1,.22e-1,.18e-\
1,.18e-1,.22e-1,.72e-1,.71e-1,.22e-1,.21e-1,.16e-1,.17e-1,.22e-1,.16e-1,.18e-1,
.21e-1,.18e-1,.23e-1,.24e-1,.24e-1,.21e-1,.20e-1,.19e-1,.25e-1,.18e-1,.24e-1,.\
19e-1,.20e-1,.21e-1,.22e-1,.109,.47e-1,.25e-1,.35e-1,.28e-1,.22e-1,.18e-1,.24e-\
1,.25e-1,.20e-1,.23e-1,.20e-1,.19e-1,.23e-1,.18e-1,.24e-1,.18e-1,.19e-1,.21e-1,
.25e-1,.17e-1,.25e-1,.18e-1,.126,.34e-1,.17e-1,.17e-1,.17e-1,.21e-1,.19e-1,.20e\
-1,.31e-1,.24e-1,.23e-1,.21e-1,.24e-1,.20e-1,.25e-1,.19e-1,.18e-1,.19e-1,.24e-1
,.18e-1,.22e-1,.100,.59e-1,.24e-1,.18e-1],[.3e-2,.3e-2,.3e-2,.3e-2,.4e-2,.5e-2,
.4e-2,.4e-2,.5e-2,.3e-2,.7e-2,.6e-2,.3e-2,.4e-2,.4e-2,.4e-2,.4e-2,.4e-2,.5e-2,.\
5e-2,.6e-2,.3e-2,.5e-2,.6e-2,.4e-2,.7e-2,.4e-2,.5e-2,.7e-2,.4e-2,.5e-2,.5e-2,.4\
e-2,.5e-2,.6e-2,.4e-2,.7e-2,.5e-2,.5e-2,.4e-2,.4e-2,.4e-2,.5e-2,.4e-2,.4e-2,.8e\
-2,.5e-2,.4e-2,.4e-2,.4e-2,.4e-2,.4e-2,.4e-2,.4e-2,.4e-2,.4e-2,.4e-2,.4e-2,.5e-\
2,.5e-2,.5e-2,.8e-2,.5e-2,.4e-2,.4e-2,.5e-2,.4e-2,.6e-2,.5e-2,.8e-2,.6e-2,.51e-\
1,.14e-1,.5e-2,.5e-2,.6e-2,.7e-2,.7e-2,.4e-2,.5e-2,.5e-2,.5e-2,.5e-2,.5e-2,.5e-\
2,.9e-2,.4e-2,.5e-2,.5e-2,.5e-2,.5e-2,.5e-2,.7e-2,.7e-2,.5e-2,.5e-2,.5e-2,.6e-2
,.5e-2,.5e-2,.9e-2,.6e-2,.6e-2,.6e-2,.5e-2,.5e-2,.6e-2,.5e-2,.9e-2,.6e-2,.6e-2,
.7e-2,.11e-1,.9e-2,.8e-2,.6e-2,.6e-2,.7e-2,.8e-2,.5e-2,.6e-2,.6e-2,.8e-2,.11e-1
,.8e-2,.7e-2,.7e-2,.6e-2,.11e-1,.9e-2,.7e-2,.6e-2,.6e-2,.6e-2,.7e-2,.7e-2,.6e-2
,.7e-2,.7e-2,.7e-2,.6e-2,.6e-2,.6e-2,.6e-2,.58e-1,.19e-1,.8e-2,.7e-2,.12e-1,.7e\
-2,.7e-2,.7e-2,.9e-2,.11e-1,.7e-2,.6e-2,.6e-2,.7e-2,.10e-1,.7e-2,.7e-2,.6e-2,.7\
e-2,.9e-2,.8e-2,.6e-2,.6e-2,.11e-1,.7e-2,.7e-2,.9e-2,.9e-2,.11e-1,.8e-2,.9e-2,.\
7e-2,.8e-2,.6e-2,.7e-2,.7e-2,.8e-2,.8e-2,.9e-2,.7e-2,.7e-2,.7e-2,.12e-1,.10e-1,
.14e-1,.9e-2,.10e-1,.12e-1,.8e-2,.7e-2,.8e-2,.8e-2,.7e-2,.9e-2,.7e-2,.9e-2,.10e\
-1,.10e-1,.8e-2,.8e-2,.71e-1,.19e-1,.10e-1,.7e-2,.8e-2,.8e-2,.8e-2,.9e-2,.8e-2,
.7e-2,.7e-2,.7e-2,.7e-2,.7e-2,.9e-2,.7e-2,.7e-2,.14e-1,.8e-2,.9e-2,.8e-2,.8e-2,
.11e-1,.8e-2,.9e-2,.10e-1,.9e-2,.12e-1,.12e-1,.9e-2,.8e-2,.14e-1,.8e-2,.8e-2,.9\
e-2,.9e-2,.14e-1,.9e-2,.9e-2,.8e-2,.9e-2,.13e-1,.9e-2,.9e-2,.14e-1,.9e-2,.9e-2,
.10e-1,.9e-2,.12e-1,.9e-2,.9e-2,.80e-1,.20e-1,.8e-2,.8e-2,.9e-2,.8e-2,.8e-2,.9e\
-2,.9e-2,.11e-1,.9e-2,.8e-2,.9e-2,.9e-2,.11e-1,.8e-2,.10e-1,.8e-2,.10e-1,.14e-1
,.9e-2,.9e-2,.14e-1,.14e-1,.9e-2,.9e-2,.11e-1,.12e-1,.10e-1,.8e-2,.9e-2,.9e-2,.\
8e-2,.9e-2,.13e-1,.16e-1,.13e-1,.12e-1,.14e-1,.11e-1,.10e-1,.9e-2,.11e-1,.12e-1
,.12e-1,.9e-2,.86e-1,.11e-1,.10e-1,.12e-1,.9e-2,.10e-1,.10e-1,.11e-1,.14e-1,.11\
e-1,.10e-1,.16e-1,.15e-1,.11e-1,.11e-1,.9e-2,.12e-1,.12e-1,.12e-1,.10e-1,.10e-1
,.11e-1,.14e-1,.9e-2,.10e-1,.11e-1,.15e-1,.9e-2,.10e-1,.11e-1,.9e-2,.12e-1,.17e\
-1,.16e-1,.14e-1,.13e-1,.12e-1,.13e-1,.14e-1,.11e-1,.10e-1,.61e-1,.40e-1,.10e-1
,.15e-1,.13e-1,.13e-1,.14e-1,.14e-1,.10e-1,.10e-1,.16e-1,.13e-1,.12e-1,.15e-1,.\
11e-1,.10e-1,.12e-1,.17e-1,.15e-1,.12e-1,.16e-1,.11e-1,.12e-1,.14e-1,.13e-1,.11\
e-1,.14e-1,.17e-1,.16e-1,.13e-1,.11e-1,.12e-1,.14e-1,.11e-1,.11e-1,.12e-1,.12e-\
1,.16e-1,.15e-1,.85e-1,.38e-1,.14e-1,.16e-1,.11e-1,.11e-1,.10e-1,.10e-1,.13e-1,
.15e-1,.11e-1,.10e-1,.15e-1,.15e-1,.11e-1,.13e-1,.15e-1,.20e-1,.17e-1,.14e-1,.\
17e-1,.11e-1,.16e-1,.17e-1,.11e-1,.11e-1,.14e-1,.14e-1,.17e-1,.17e-1,.13e-1,.12\
e-1,.16e-1,.13e-1,.12e-1,.23e-1,.69e-1,.42e-1,.16e-1,.13e-1,.10e-1,.13e-1,.17e-\
1,.12e-1,.12e-1,.12e-1,.12e-1,.17e-1,.12e-1,.13e-1,.17e-1,.13e-1,.11e-1,.15e-1,
.13e-1,.18e-1,.15e-1,.13e-1,.17e-1,.17e-1,.13e-1,.13e-1,.17e-1,.17e-1,.19e-1,.\
14e-1,.14e-1,.16e-1,.16e-1,.13e-1,.12e-1,.57e-1,.15e-1,.17e-1,.13e-1,.17e-1,.14\
e-1,.13e-1,.16e-1,.15e-1,.12e-1,.12e-1,.14e-1,.16e-1,.18e-1,.17e-1,.17e-1,.13e-\
1,.13e-1,.17e-1,.13e-1,.13e-1,.13e-1,.18e-1,.17e-1,.16e-1,.16e-1,.16e-1,.15e-1,
.13e-1,.15e-1,.18e-1,.13e-1,.96e-1,.30e-1,.15e-1,.22e-1,.18e-1,.16e-1,.18e-1,.\
13e-1,.13e-1,.17e-1,.13e-1,.13e-1,.13e-1,.17e-1,.16e-1,.15e-1,.14e-1,.15e-1,.16\
e-1,.12e-1,.13e-1,.14e-1,.19e-1,.13e-1,.16e-1,.21e-1,.15e-1,.14e-1,.14e-1,.19e-\
1,.15e-1,.57e-1,.13e-1,.15e-1,.18e-1,.15e-1,.17e-1,.15e-1,.17e-1,.15e-1,.14e-1,
.19e-1,.13e-1,.15e-1,.17e-1,.17e-1,.13e-1,.13e-1,.14e-1,.20e-1,.15e-1,.17e-1,.\
19e-1,.15e-1,.16e-1,.18e-1,.16e-1,.16e-1,.19e-1,.15e-1,.101,.32e-1,.14e-1,.16e-\
1,.21e-1,.15e-1,.18e-1,.25e-1,.16e-1,.16e-1,.20e-1,.16e-1,.17e-1,.24e-1,.19e-1,
.19e-1,.21e-1,.17e-1,.21e-1,.16e-1,.17e-1,.21e-1,.16e-1,.16e-1,.16e-1,.19e-1,.\
18e-1,.17e-1,.106,.32e-1,.20e-1,.15e-1,.19e-1,.22e-1,.18e-1,.20e-1,.16e-1,.14e-\
1,.15e-1,.20e-1,.16e-1,.17e-1,.19e-1,.16e-1,.18e-1,.20e-1,.17e-1,.21e-1,.16e-1,
.18e-1,.21e-1,.20e-1,.15e-1,.17e-1,.71e-1,.65e-1,.15e-1,.16e-1,.22e-1,.20e-1,.\
16e-1,.15e-1,.21e-1,.14e-1,.17e-1,.21e-1,.18e-1,.25e-1,.18e-1,.25e-1,.18e-1,.16\
e-1,.14e-1,.17e-1,.21e-1,.16e-1,.17e-1,.20e-1,.16e-1,.22e-1,.64e-1,.68e-1,.21e-\
1,.16e-1,.17e-1,.20e-1,.14e-1,.17e-1,.19e-1,.19e-1,.17e-1,.20e-1,.20e-1,.17e-1,
.20e-1,.19e-1,.23e-1,.21e-1,.20e-1,.24e-1,.19e-1,.17e-1,.21e-1,.18e-1,.22e-1,.\
16e-1,.75e-1,.21e-1,.16e-1,.16e-1,.20e-1,.17e-1,.21e-1,.16e-1,.16e-1,.16e-1,.20\
e-1,.21e-1,.18e-1,.22e-1,.16e-1,.18e-1,.21e-1,.17e-1,.22e-1,.17e-1,.19e-1,.20e-\
1,.17e-1,.17e-1,.111,.34e-1,.22e-1,.23e-1,.22e-1,.15e-1,.15e-1,.16e-1,.18e-1,.\
20e-1,.18e-1,.22e-1,.23e-1,.22e-1,.17e-1,.18e-1,.22e-1,.20e-1,.18e-1,.22e-1,.18\
e-1,.24e-1,.18e-1,.80e-1,.73e-1,.17e-1,.17e-1,.21e-1,.18e-1,.21e-1,.16e-1,.17e-\
1,.18e-1,.20e-1,.20e-1,.22e-1,.19e-1,.19e-1,.22e-1,.18e-1,.21e-1,.19e-1,.18e-1,
.20e-1,.21e-1,.20e-1,.111,.90e-1,.22e-1,.19e-1,.23e-1,.19e-1,.18e-1,.32e-1,.25e\
-1,.22e-1,.17e-1,.18e-1,.19e-1,.30e-1,.19e-1,.22e-1,.19e-1,.22e-1,.20e-1,.26e-1
,.20e-1,.19e-1,.18e-1,.127,.32e-1,.20e-1,.23e-1,.17e-1,.17e-1,.18e-1]]);
