TIMES1 := Matrix(5, 2001, [[.6e-2,.7e-2,.6e-2,.6e-2,.7e-2,.6e-2,.7e-2,.6e-2,.7e\
-2,.7e-2,.7e-2,.10e-1,.11e-1,.12e-1,.9e-2,.9e-2,.8e-2,.7e-2,.189,.11e-1,.7e-2,.\
8e-2,.7e-2,.10e-1,.8e-2,.7e-2,.7e-2,.7e-2,.8e-2,.7e-2,.7e-2,.7e-2,.8e-2,.7e-2,.\
7e-2,.7e-2,.8e-2,.7e-2,.8e-2,.7e-2,.8e-2,.7e-2,.8e-2,.7e-2,.8e-2,.8e-2,.8e-2,.8\
e-2,.9e-2,.8e-2,.7e-2,.8e-2,.9e-2,.9e-2,.8e-2,.8e-2,.7e-2,.9e-2,.9e-2,.9e-2,.8e\
-2,.8e-2,.8e-2,.7e-2,.9e-2,.8e-2,.8e-2,.9e-2,.8e-2,.9e-2,.9e-2,.9e-2,.9e-2,.9e-\
2,.9e-2,.8e-2,.8e-2,.9e-2,.9e-2,.8e-2,.9e-2,.9e-2,.9e-2,.9e-2,.9e-2,.10e-1,.9e-\
2,.10e-1,.11e-1,.9e-2,.9e-2,.10e-1,.10e-1,.9e-2,.9e-2,.11e-1,.10e-1,.14e-1,.13e\
-1,.14e-1,.13e-1,.13e-1,.15e-1,.14e-1,.13e-1,.15e-1,.14e-1,.12e-1,.11e-1,.11e-1
,.11e-1,.11e-1,.11e-1,.9e-2,.10e-1,.11e-1,.10e-1,.10e-1,.10e-1,.11e-1,.11e-1,.\
11e-1,.10e-1,.11e-1,.11e-1,.12e-1,.10e-1,.11e-1,.11e-1,.121,.32e-1,.10e-1,.11e-\
1,.12e-1,.11e-1,.11e-1,.11e-1,.12e-1,.12e-1,.13e-1,.12e-1,.11e-1,.12e-1,.13e-1,
.13e-1,.12e-1,.11e-1,.13e-1,.12e-1,.13e-1,.12e-1,.11e-1,.11e-1,.12e-1,.11e-1,.\
12e-1,.12e-1,.11e-1,.12e-1,.11e-1,.12e-1,.12e-1,.11e-1,.13e-1,.12e-1,.12e-1,.11\
e-1,.11e-1,.13e-1,.13e-1,.12e-1,.12e-1,.12e-1,.19e-1,.15e-1,.18e-1,.22e-1,.18e-\
1,.16e-1,.16e-1,.15e-1,.17e-1,.16e-1,.15e-1,.18e-1,.14e-1,.13e-1,.15e-1,.13e-1,
.14e-1,.15e-1,.15e-1,.14e-1,.15e-1,.14e-1,.13e-1,.14e-1,.14e-1,.14e-1,.14e-1,.\
15e-1,.15e-1,.15e-1,.15e-1,.14e-1,.14e-1,.16e-1,.15e-1,.15e-1,.14e-1,.14e-1,.14\
4,.37e-1,.15e-1,.16e-1,.17e-1,.24e-1,.36e-1,.43e-1,.28e-1,.26e-1,.28e-1,.20e-1,
.14e-1,.15e-1,.16e-1,.17e-1,.20e-1,.15e-1,.15e-1,.14e-1,.13e-1,.13e-1,.15e-1,.\
14e-1,.14e-1,.15e-1,.15e-1,.14e-1,.14e-1,.14e-1,.14e-1,.14e-1,.14e-1,.15e-1,.17\
e-1,.17e-1,.14e-1,.14e-1,.15e-1,.15e-1,.15e-1,.15e-1,.15e-1,.15e-1,.17e-1,.15e-\
1,.16e-1,.17e-1,.16e-1,.16e-1,.15e-1,.15e-1,.15e-1,.15e-1,.15e-1,.15e-1,.15e-1,
.15e-1,.15e-1,.15e-1,.15e-1,.15e-1,.16e-1,.16e-1,.16e-1,.15e-1,.16e-1,.15e-1,.\
56e-1,.15e-1,.14e-1,.15e-1,.18e-1,.17e-1,.17e-1,.16e-1,.18e-1,.16e-1,.16e-1,.15\
e-1,.16e-1,.16e-1,.16e-1,.15e-1,.16e-1,.17e-1,.16e-1,.16e-1,.17e-1,.15e-1,.16e-\
1,.18e-1,.16e-1,.16e-1,.17e-1,.17e-1,.18e-1,.16e-1,.18e-1,.18e-1,.16e-1,.17e-1,
.16e-1,.18e-1,.18e-1,.17e-1,.17e-1,.18e-1,.17e-1,.18e-1,.18e-1,.19e-1,.17e-1,.\
18e-1,.17e-1,.19e-1,.18e-1,.18e-1,.17e-1,.18e-1,.19e-1,.18e-1,.17e-1,.19e-1,.18\
e-1,.18e-1,.137,.55e-1,.19e-1,.19e-1,.18e-1,.18e-1,.18e-1,.18e-1,.17e-1,.17e-1,
.18e-1,.17e-1,.19e-1,.17e-1,.17e-1,.17e-1,.18e-1,.18e-1,.18e-1,.18e-1,.17e-1,.\
17e-1,.19e-1,.18e-1,.19e-1,.18e-1,.17e-1,.17e-1,.18e-1,.19e-1,.18e-1,.19e-1,.18\
e-1,.18e-1,.18e-1,.18e-1,.19e-1,.18e-1,.19e-1,.19e-1,.18e-1,.19e-1,.20e-1,.19e-\
1,.19e-1,.20e-1,.19e-1,.19e-1,.20e-1,.19e-1,.20e-1,.20e-1,.19e-1,.165,.32e-1,.\
19e-1,.19e-1,.21e-1,.19e-1,.20e-1,.21e-1,.19e-1,.22e-1,.29e-1,.27e-1,.25e-1,.25\
e-1,.24e-1,.25e-1,.25e-1,.21e-1,.21e-1,.21e-1,.20e-1,.22e-1,.20e-1,.21e-1,.21e-\
1,.21e-1,.21e-1,.20e-1,.21e-1,.25e-1,.22e-1,.22e-1,.21e-1,.21e-1,.21e-1,.22e-1,
.22e-1,.22e-1,.23e-1,.21e-1,.22e-1,.21e-1,.21e-1,.23e-1,.23e-1,.22e-1,.23e-1,.\
22e-1,.169,.45e-1,.21e-1,.22e-1,.21e-1,.21e-1,.22e-1,.21e-1,.22e-1,.23e-1,.20e-\
1,.22e-1,.22e-1,.22e-1,.22e-1,.21e-1,.22e-1,.21e-1,.23e-1,.22e-1,.21e-1,.23e-1,
.21e-1,.21e-1,.23e-1,.22e-1,.23e-1,.23e-1,.24e-1,.23e-1,.24e-1,.22e-1,.22e-1,.\
23e-1,.23e-1,.24e-1,.24e-1,.24e-1,.23e-1,.24e-1,.23e-1,.24e-1,.24e-1,.23e-1,.14\
1,.80e-1,.22e-1,.23e-1,.23e-1,.24e-1,.23e-1,.23e-1,.23e-1,.23e-1,.23e-1,.23e-1,
.24e-1,.23e-1,.23e-1,.24e-1,.23e-1,.24e-1,.24e-1,.24e-1,.23e-1,.24e-1,.26e-1,.\
24e-1,.25e-1,.23e-1,.25e-1,.24e-1,.25e-1,.25e-1,.25e-1,.25e-1,.25e-1,.24e-1,.24\
e-1,.26e-1,.25e-1,.25e-1,.25e-1,.26e-1,.25e-1,.27e-1,.162,.62e-1,.24e-1,.25e-1,
.24e-1,.23e-1,.23e-1,.25e-1,.26e-1,.25e-1,.25e-1,.24e-1,.25e-1,.24e-1,.25e-1,.\
24e-1,.24e-1,.25e-1,.26e-1,.26e-1,.25e-1,.26e-1,.25e-1,.26e-1,.24e-1,.25e-1,.27\
e-1,.25e-1,.26e-1,.26e-1,.27e-1,.26e-1,.27e-1,.25e-1,.29e-1,.26e-1,.27e-1,.27e-\
1,.27e-1,.161,.83e-1,.25e-1,.26e-1,.26e-1,.25e-1,.24e-1,.26e-1,.24e-1,.26e-1,.\
26e-1,.25e-1,.27e-1,.25e-1,.27e-1,.26e-1,.26e-1,.27e-1,.27e-1,.28e-1,.28e-1,.36\
e-1,.59e-1,.37e-1,.37e-1,.34e-1,.34e-1,.29e-1,.30e-1,.29e-1,.28e-1,.28e-1,.29e-\
1,.29e-1,.29e-1,.29e-1,.29e-1,.159,.96e-1,.28e-1,.27e-1,.29e-1,.28e-1,.29e-1,.\
26e-1,.27e-1,.26e-1,.27e-1,.27e-1,.28e-1,.28e-1,.28e-1,.26e-1,.28e-1,.26e-1,.26\
e-1,.28e-1,.27e-1,.28e-1,.27e-1,.28e-1,.28e-1,.27e-1,.28e-1,.29e-1,.29e-1,.29e-\
1,.28e-1,.28e-1,.30e-1,.29e-1,.29e-1,.29e-1,.201,.45e-1,.26e-1,.26e-1,.28e-1,.\
27e-1,.28e-1,.27e-1,.29e-1,.28e-1,.29e-1,.28e-1,.30e-1,.28e-1,.31e-1,.30e-1,.28\
e-1,.29e-1,.28e-1,.30e-1,.28e-1,.30e-1,.29e-1,.30e-1,.29e-1,.31e-1,.30e-1,.30e-\
1,.30e-1,.31e-1,.30e-1,.30e-1,.31e-1,.30e-1,.210,.42e-1,.28e-1,.28e-1,.28e-1,.\
29e-1,.29e-1,.28e-1,.28e-1,.29e-1,.28e-1,.30e-1,.29e-1,.30e-1,.29e-1,.32e-1,.30\
e-1,.31e-1,.30e-1,.29e-1,.31e-1,.30e-1,.30e-1,.29e-1,.30e-1,.30e-1,.31e-1,.30e-\
1,.32e-1,.31e-1,.30e-1,.32e-1,.152,.103,.30e-1,.29e-1,.30e-1,.29e-1,.31e-1,.30e\
-1,.31e-1,.30e-1,.29e-1,.30e-1,.30e-1,.30e-1,.30e-1,.31e-1,.30e-1,.31e-1,.30e-1
,.32e-1,.31e-1,.31e-1,.33e-1,.31e-1,.32e-1,.32e-1,.31e-1,.33e-1,.33e-1,.33e-1,.\
31e-1,.33e-1,.234,.38e-1,.30e-1,.30e-1,.30e-1,.33e-1,.31e-1,.32e-1,.30e-1,.31e-\
1,.32e-1,.31e-1,.32e-1,.31e-1,.31e-1,.31e-1,.32e-1,.32e-1,.32e-1,.32e-1,.33e-1,
.32e-1,.32e-1,.33e-1,.33e-1,.33e-1,.34e-1,.34e-1,.32e-1,.32e-1,.205,.64e-1,.32e\
-1,.31e-1,.31e-1,.33e-1,.32e-1,.32e-1,.31e-1,.33e-1,.32e-1,.33e-1,.34e-1,.33e-1
,.33e-1,.33e-1,.34e-1,.34e-1,.33e-1,.34e-1,.33e-1,.34e-1,.34e-1,.34e-1,.34e-1,.\
34e-1,.33e-1,.34e-1,.34e-1,.190,.91e-1,.34e-1,.32e-1,.33e-1,.32e-1,.33e-1,.33e-\
1,.32e-1,.33e-1,.34e-1,.33e-1,.33e-1,.35e-1,.35e-1,.34e-1,.34e-1,.35e-1,.33e-1,
.35e-1,.34e-1,.34e-1,.36e-1,.36e-1,.35e-1,.35e-1,.34e-1,.36e-1,.152,.125,.33e-1
,.34e-1,.36e-1,.35e-1,.39e-1,.36e-1,.34e-1,.35e-1,.36e-1,.34e-1,.36e-1,.36e-1,.\
35e-1,.34e-1,.36e-1,.36e-1,.36e-1,.36e-1,.37e-1,.37e-1,.35e-1,.36e-1,.36e-1,.36\
e-1,.38e-1,.37e-1,.231,.61e-1,.34e-1,.35e-1,.35e-1,.35e-1,.35e-1,.34e-1,.36e-1,
.36e-1,.34e-1,.35e-1,.36e-1,.35e-1,.37e-1,.36e-1,.37e-1,.37e-1,.36e-1,.37e-1,.\
36e-1,.36e-1,.37e-1,.37e-1,.36e-1,.37e-1,.169,.131,.37e-1,.35e-1,.37e-1,.36e-1,
.35e-1,.36e-1,.36e-1,.35e-1,.37e-1,.37e-1,.36e-1,.37e-1,.39e-1,.37e-1,.38e-1,.\
37e-1,.37e-1,.38e-1,.37e-1,.38e-1,.38e-1,.39e-1,.38e-1,.39e-1,.169,.126,.37e-1,
.35e-1,.37e-1,.37e-1,.35e-1,.37e-1,.37e-1,.37e-1,.35e-1,.38e-1,.38e-1,.38e-1,.\
38e-1,.39e-1,.38e-1,.39e-1,.38e-1,.39e-1,.39e-1,.40e-1,.37e-1,.39e-1,.40e-1,.14\
6,.151,.38e-1,.36e-1,.38e-1,.37e-1,.37e-1,.38e-1,.37e-1,.38e-1,.38e-1,.39e-1,.\
38e-1,.39e-1,.39e-1,.40e-1,.39e-1,.39e-1,.39e-1,.38e-1,.40e-1,.40e-1,.40e-1,.40\
e-1,.41e-1,.185,.122,.38e-1,.37e-1,.39e-1,.38e-1,.38e-1,.38e-1,.39e-1,.39e-1,.\
39e-1,.40e-1,.39e-1,.39e-1,.40e-1,.40e-1,.40e-1,.42e-1,.42e-1,.41e-1,.40e-1,.40\
e-1,.43e-1,.42e-1,.175,.145,.43e-1,.43e-1,.41e-1,.39e-1,.40e-1,.39e-1,.40e-1,.\
40e-1,.40e-1,.40e-1,.39e-1,.41e-1,.41e-1,.39e-1,.41e-1,.42e-1,.42e-1,.41e-1,.41\
e-1,.42e-1,.41e-1,.41e-1,.219,.99e-1,.40e-1,.42e-1,.40e-1,.40e-1,.40e-1,.41e-1,
.40e-1,.41e-1,.41e-1,.42e-1,.42e-1,.42e-1,.40e-1,.43e-1,.42e-1,.42e-1,.42e-1,.\
41e-1,.42e-1,.42e-1,.43e-1,.231,.86e-1,.39e-1,.42e-1,.40e-1,.41e-1,.41e-1,.41e-\
1,.41e-1,.41e-1,.41e-1,.43e-1,.41e-1,.42e-1,.41e-1,.42e-1,.41e-1,.43e-1,.43e-1,
.43e-1,.45e-1,.44e-1,.196,.130,.41e-1,.41e-1,.42e-1,.41e-1,.41e-1,.41e-1,.43e-1
,.42e-1,.43e-1,.43e-1,.43e-1,.41e-1,.43e-1,.43e-1,.42e-1,.44e-1,.44e-1,.44e-1,.\
43e-1,.43e-1,.211,.119,.42e-1,.43e-1,.42e-1,.42e-1,.42e-1,.42e-1,.42e-1,.42e-1,
.43e-1,.43e-1,.43e-1,.45e-1,.43e-1,.44e-1,.43e-1,.44e-1,.44e-1,.45e-1,.45e-1,.\
44e-1,.177,.42e-1,.44e-1,.44e-1,.43e-1,.44e-1,.44e-1,.43e-1,.43e-1,.46e-1,.45e-\
1,.44e-1,.43e-1,.44e-1,.45e-1,.45e-1,.45e-1,.45e-1,.44e-1,.45e-1,.46e-1,.279,.\
53e-1,.44e-1,.45e-1,.43e-1,.44e-1,.44e-1,.43e-1,.44e-1,.44e-1,.45e-1,.45e-1,.45\
e-1,.45e-1,.45e-1,.45e-1,.47e-1,.47e-1,.47e-1,.46e-1,.183,.164,.43e-1,.45e-1,.\
44e-1,.44e-1,.43e-1,.44e-1,.45e-1,.45e-1,.46e-1,.45e-1,.45e-1,.46e-1,.46e-1,.45\
e-1,.46e-1,.46e-1,.46e-1,.47e-1,.46e-1,.285,.56e-1,.44e-1,.44e-1,.45e-1,.45e-1,
.48e-1,.45e-1,.46e-1,.47e-1,.47e-1,.46e-1,.48e-1,.45e-1,.47e-1,.48e-1,.47e-1,.\
47e-1,.47e-1,.47e-1,.307,.46e-1,.45e-1,.46e-1,.46e-1,.46e-1,.46e-1,.47e-1,.46e-\
1,.47e-1,.48e-1,.48e-1,.47e-1,.46e-1,.49e-1,.48e-1,.48e-1,.51e-1,.48e-1,.207,.1\
43,.46e-1,.48e-1,.47e-1,.46e-1,.47e-1,.47e-1,.46e-1,.46e-1,.48e-1,.49e-1,.48e-1
,.48e-1,.49e-1,.48e-1,.48e-1,.49e-1,.49e-1,.176,.186,.49e-1,.48e-1,.47e-1,.48e-\
1,.48e-1,.46e-1,.47e-1,.49e-1,.49e-1,.48e-1,.49e-1,.49e-1,.48e-1,.50e-1,.49e-1,
.49e-1,.49e-1,.184,.186,.49e-1,.47e-1,.48e-1,.48e-1,.48e-1,.49e-1,.49e-1,.47e-1
,.50e-1,.50e-1,.49e-1,.49e-1,.49e-1,.50e-1,.50e-1,.51e-1,.49e-1,.233,.126,.51e-\
1,.49e-1,.50e-1,.49e-1,.49e-1,.48e-1,.50e-1,.50e-1,.50e-1,.49e-1,.50e-1,.50e-1,
.52e-1,.51e-1,.50e-1,.53e-1,.173,.191,.52e-1,.49e-1,.49e-1,.48e-1,.50e-1,.49e-1
,.49e-1,.50e-1,.51e-1,.50e-1,.51e-1,.51e-1,.50e-1,.50e-1,.52e-1,.51e-1,.51e-1,.\
319,.50e-1,.50e-1,.50e-1,.50e-1,.49e-1,.50e-1,.51e-1,.51e-1,.51e-1,.50e-1,.51e-\
1,.51e-1,.52e-1,.52e-1,.52e-1,.52e-1,.180,.195,.51e-1,.51e-1,.50e-1,.50e-1,.51e\
-1,.52e-1,.51e-1,.50e-1,.52e-1,.52e-1,.52e-1,.51e-1,.53e-1,.53e-1,.53e-1,.53e-1
,.247,.130,.52e-1,.51e-1,.49e-1,.51e-1,.50e-1,.52e-1,.52e-1,.52e-1,.52e-1,.53e-\
1,.53e-1,.53e-1,.53e-1,.53e-1,.52e-1,.176,.202,.53e-1,.54e-1,.52e-1,.54e-1,.62e\
-1,.60e-1,.61e-1,.61e-1,.61e-1,.61e-1,.60e-1,.61e-1,.62e-1,.101,.66e-1,.64e-1,.\
385,.59e-1,.54e-1,.53e-1,.53e-1,.53e-1,.54e-1,.53e-1,.55e-1,.61e-1,.65e-1,.56e-\
1,.57e-1,.56e-1,.56e-1,.57e-1,.179,.224,.55e-1,.54e-1,.51e-1,.53e-1,.54e-1,.55e\
-1,.55e-1,.56e-1,.54e-1,.54e-1,.54e-1,.54e-1,.57e-1,.56e-1,.57e-1,.219,.182,.53\
e-1,.54e-1,.53e-1,.53e-1,.53e-1,.56e-1,.57e-1,.56e-1,.55e-1,.58e-1,.56e-1,.58e-\
1,.55e-1,.56e-1,.57e-1,.300,.103,.54e-1,.56e-1,.55e-1,.55e-1,.56e-1,.61e-1,.59e\
-1,.57e-1,.57e-1,.55e-1,.56e-1,.58e-1,.57e-1,.55e-1,.250,.154,.55e-1,.55e-1,.56\
e-1,.56e-1,.57e-1,.57e-1,.56e-1,.57e-1,.56e-1,.58e-1,.56e-1,.55e-1,.59e-1,.56e-\
1,.226,.177,.58e-1,.56e-1,.56e-1,.55e-1,.55e-1,.56e-1,.57e-1,.58e-1,.55e-1,.56e\
-1,.58e-1,.57e-1,.56e-1,.58e-1,.240,.166,.56e-1,.55e-1,.55e-1,.56e-1,.56e-1,.59\
e-1,.57e-1,.61e-1,.58e-1,.59e-1,.58e-1,.56e-1,.60e-1,.59e-1,.298,.113,.55e-1,.\
57e-1,.55e-1,.56e-1,.56e-1,.57e-1,.58e-1,.58e-1,.57e-1,.58e-1,.60e-1,.60e-1,.59\
e-1,.188,.222,.59e-1,.57e-1,.57e-1,.56e-1,.57e-1,.57e-1,.56e-1,.59e-1,.60e-1,.\
60e-1,.61e-1,.60e-1,.59e-1,.59e-1,.302,.106,.57e-1,.58e-1,.58e-1,.56e-1,.58e-1,
.60e-1,.60e-1,.60e-1,.63e-1,.64e-1,.63e-1,.61e-1,.60e-1,.285,.170,.61e-1,.64e-1
,.62e-1,.87e-1,.64e-1,.60e-1,.65e-1,.66e-1,.61e-1,.61e-1,.72e-1,.67e-1,.62e-1,.\
298,.144,.57e-1,.58e-1,.60e-1,.60e-1,.60e-1,.59e-1,.59e-1,.63e-1,.61e-1,.60e-1,
.64e-1,.64e-1,.62e-1,.329,.103,.59e-1,.60e-1,.59e-1,.60e-1,.59e-1,.64e-1,.60e-1
,.61e-1,.61e-1,.62e-1,.64e-1,.62e-1,.192,.238,.58e-1,.58e-1,.64e-1,.62e-1,.62e-\
1,.64e-1,.61e-1,.62e-1,.63e-1,.62e-1,.68e-1,.64e-1,.62e-1,.364,.138,.59e-1,.61e\
-1,.61e-1,.62e-1,.61e-1,.60e-1,.63e-1,.62e-1,.62e-1,.62e-1,.62e-1,.65e-1,.218,.\
217,.61e-1,.62e-1,.63e-1,.63e-1,.67e-1,.64e-1,.65e-1,.67e-1,.64e-1,.65e-1,.66e-\
1,.64e-1,.68e-1,.369,.65e-1,.63e-1,.61e-1,.62e-1,.61e-1,.61e-1,.64e-1,.62e-1,.\
66e-1,.66e-1,.63e-1,.64e-1,.64e-1,.374,.80e-1,.63e-1,.61e-1,.63e-1,.64e-1,.63e-\
1,.64e-1,.64e-1,.63e-1,.65e-1,.64e-1,.65e-1,.67e-1,.367,.76e-1,.62e-1,.68e-1,.\
64e-1,.62e-1,.64e-1,.66e-1,.65e-1,.89e-1,.66e-1,.101,.65e-1,.199,.255,.61e-1,.\
62e-1,.62e-1,.63e-1,.63e-1,.66e-1,.72e-1,.71e-1,.66e-1,.67e-1,.65e-1,.70e-1,.27\
5,.197,.64e-1,.62e-1,.63e-1,.93e-1,.69e-1,.64e-1,.66e-1,.66e-1,.67e-1,.67e-1,.\
67e-1,.68e-1,.363,.104,.71e-1,.65e-1,.74e-1,.69e-1,.73e-1,.70e-1,.67e-1,.82e-1,
.85e-1,.90e-1,.77e-1,.401,.228,.65e-1,.64e-1,.81e-1,.69e-1,.68e-1,.66e-1,.68e-1
,.73e-1,.80e-1,.71e-1,.68e-1,.211,.269,.69e-1,.69e-1,.71e-1,.70e-1,.119,.82e-1,
.80e-1,.78e-1,.78e-1,.81e-1,.76e-1,.79e-1,.467,.100,.65e-1,.64e-1,.66e-1,.64e-1
,.65e-1,.67e-1,.69e-1,.80e-1,.69e-1,.71e-1,.70e-1,.353,.121,.67e-1,.68e-1,.69e-\
1,.68e-1,.68e-1,.70e-1,.71e-1,.70e-1,.70e-1,.71e-1,.71e-1,.423,.115,.66e-1,.68e\
-1,.68e-1,.69e-1,.66e-1,.70e-1,.69e-1,.71e-1,.71e-1,.71e-1,.71e-1,.389,.79e-1,.\
65e-1,.64e-1,.66e-1,.68e-1,.68e-1,.69e-1,.68e-1,.69e-1,.69e-1,.68e-1,.217,.248,
.66e-1,.66e-1,.67e-1,.68e-1,.67e-1,.67e-1,.68e-1,.69e-1,.70e-1,.74e-1,.73e-1,.2\
99,.174,.71e-1,.77e-1,.78e-1,.79e-1,.86e-1,.99e-1,.77e-1,.81e-1,.74e-1,.79e-1,.\
199,.293,.69e-1,.78e-1,.78e-1,.80e-1,.83e-1,.83e-1,.82e-1,.82e-1,.83e-1,.83e-1,
.81e-1,.358,.154,.68e-1,.68e-1,.67e-1,.70e-1,.71e-1,.75e-1,.72e-1,.70e-1,.77e-1
,.76e-1,.239,.238,.68e-1,.67e-1,.69e-1,.67e-1,.72e-1,.70e-1,.71e-1,.82e-1,.90e-\
1,.83e-1,.242,.302,.94e-1,.79e-1,.79e-1,.78e-1,.79e-1,.70e-1,.73e-1,.70e-1,.71e\
-1,.71e-1,.72e-1,.388,.87e-1,.68e-1,.68e-1,.71e-1,.70e-1,.70e-1,.71e-1,.74e-1,.\
72e-1,.72e-1,.73e-1,.385,.100,.71e-1,.72e-1,.71e-1,.73e-1,.73e-1,.73e-1,.75e-1,
.106,.83e-1,.74e-1,.437,.90e-1,.71e-1,.73e-1,.70e-1,.74e-1,.117,.74e-1,.76e-1,.\
73e-1,.74e-1,.205,.290,.70e-1,.73e-1,.74e-1,.72e-1,.72e-1,.73e-1,.75e-1,.74e-1,
.75e-1,.78e-1,.251,.263,.80e-1,.80e-1,.81e-1,.80e-1,.80e-1,.82e-1,.82e-1,.87e-1
,.90e-1,.82e-1,.385,.177,.76e-1,.73e-1,.73e-1,.74e-1,.73e-1,.74e-1,.72e-1,.74e-\
1,.78e-1,.214,.298,.74e-1,.74e-1,.74e-1,.74e-1,.78e-1,.78e-1,.82e-1,.76e-1,.78e\
-1,.79e-1,.314,.200,.75e-1,.73e-1,.73e-1,.74e-1,.72e-1,.74e-1,.73e-1,.75e-1,.75\
e-1,.200,.304,.76e-1,.120,.82e-1,.78e-1,.78e-1,.75e-1,.88e-1,.104,.90e-1,.87e-1
,.355,.166,.75e-1,.74e-1,.83e-1,.83e-1,.77e-1,.75e-1,.75e-1,.77e-1,.79e-1,.322,
.252,.85e-1,.234,.245,.157,.82e-1,.76e-1,.77e-1,.78e-1,.77e-1,.230,.298,.72e-1,
.75e-1,.74e-1,.74e-1,.75e-1,.78e-1,.89e-1,.110,.94e-1,.82e-1,.479,.86e-1,.79e-1
,.81e-1,.78e-1,.96e-1,.126,.110,.83e-1,.84e-1,.104,.483,.91e-1,.77e-1,.76e-1,.\
76e-1,.78e-1,.77e-1,.79e-1,.78e-1,.79e-1,.84e-1,.450,.98e-1,.87e-1,.83e-1],[.5e\
-2,.6e-2,.6e-2,.7e-2,.6e-2,.7e-2,.7e-2,.7e-2,.6e-2,.6e-2,.7e-2,.7e-2,.6e-2,.6e-\
2,.6e-2,.7e-2,.6e-2,.6e-2,.6e-2,.6e-2,.7e-2,.7e-2,.7e-2,.7e-2,.8e-2,.8e-2,.8e-2
,.8e-2,.7e-2,.7e-2,.7e-2,.7e-2,.7e-2,.7e-2,.8e-2,.8e-2,.7e-2,.8e-2,.7e-2,.7e-2,
.7e-2,.7e-2,.8e-2,.8e-2,.8e-2,.7e-2,.7e-2,.8e-2,.7e-2,.8e-2,.7e-2,.8e-2,.8e-2,.\
8e-2,.9e-2,.9e-2,.8e-2,.9e-2,.8e-2,.9e-2,.13e-1,.122,.15e-1,.8e-2,.8e-2,.9e-2,.\
11e-1,.12e-1,.13e-1,.9e-2,.12e-1,.8e-2,.9e-2,.8e-2,.9e-2,.9e-2,.8e-2,.8e-2,.8e-\
2,.8e-2,.12e-1,.10e-1,.18e-1,.16e-1,.12e-1,.10e-1,.9e-2,.9e-2,.11e-1,.11e-1,.12\
e-1,.10e-1,.13e-1,.11e-1,.9e-2,.10e-1,.9e-2,.9e-2,.9e-2,.10e-1,.10e-1,.10e-1,.9\
e-2,.10e-1,.9e-2,.9e-2,.10e-1,.9e-2,.9e-2,.10e-1,.10e-1,.10e-1,.10e-1,.9e-2,.10\
e-1,.10e-1,.10e-1,.10e-1,.10e-1,.10e-1,.10e-1,.11e-1,.10e-1,.10e-1,.10e-1,.10e-\
1,.10e-1,.11e-1,.10e-1,.10e-1,.10e-1,.11e-1,.10e-1,.11e-1,.10e-1,.13e-1,.11e-1,
.10e-1,.10e-1,.10e-1,.11e-1,.11e-1,.11e-1,.11e-1,.10e-1,.11e-1,.10e-1,.11e-1,.\
11e-1,.11e-1,.12e-1,.11e-1,.11e-1,.11e-1,.11e-1,.12e-1,.11e-1,.123,.29e-1,.11e-\
1,.11e-1,.11e-1,.11e-1,.11e-1,.12e-1,.11e-1,.12e-1,.11e-1,.12e-1,.12e-1,.12e-1,
.13e-1,.12e-1,.11e-1,.12e-1,.12e-1,.13e-1,.19e-1,.15e-1,.16e-1,.14e-1,.13e-1,.\
15e-1,.14e-1,.14e-1,.13e-1,.14e-1,.13e-1,.13e-1,.14e-1,.13e-1,.13e-1,.14e-1,.14\
e-1,.15e-1,.15e-1,.14e-1,.14e-1,.15e-1,.14e-1,.15e-1,.14e-1,.14e-1,.14e-1,.14e-\
1,.14e-1,.13e-1,.15e-1,.15e-1,.14e-1,.14e-1,.14e-1,.14e-1,.15e-1,.15e-1,.15e-1,
.15e-1,.14e-1,.15e-1,.16e-1,.15e-1,.15e-1,.15e-1,.15e-1,.16e-1,.15e-1,.16e-1,.\
15e-1,.15e-1,.15e-1,.15e-1,.15e-1,.16e-1,.151,.15e-1,.15e-1,.13e-1,.13e-1,.14e-\
1,.15e-1,.14e-1,.14e-1,.16e-1,.14e-1,.14e-1,.14e-1,.15e-1,.16e-1,.17e-1,.15e-1,
.15e-1,.15e-1,.16e-1,.15e-1,.14e-1,.14e-1,.14e-1,.15e-1,.16e-1,.15e-1,.16e-1,.\
15e-1,.15e-1,.16e-1,.15e-1,.15e-1,.18e-1,.15e-1,.15e-1,.15e-1,.15e-1,.16e-1,.16\
e-1,.16e-1,.19e-1,.26e-1,.19e-1,.17e-1,.19e-1,.19e-1,.17e-1,.17e-1,.17e-1,.17e-\
1,.16e-1,.19e-1,.16e-1,.17e-1,.17e-1,.17e-1,.16e-1,.17e-1,.16e-1,.16e-1,.16e-1,
.17e-1,.16e-1,.60e-1,.16e-1,.16e-1,.16e-1,.18e-1,.17e-1,.15e-1,.15e-1,.16e-1,.\
17e-1,.15e-1,.16e-1,.18e-1,.16e-1,.19e-1,.18e-1,.17e-1,.18e-1,.26e-1,.21e-1,.22\
e-1,.16e-1,.20e-1,.29e-1,.19e-1,.20e-1,.17e-1,.17e-1,.18e-1,.17e-1,.18e-1,.19e-\
1,.17e-1,.17e-1,.19e-1,.17e-1,.17e-1,.18e-1,.18e-1,.18e-1,.19e-1,.18e-1,.18e-1,
.19e-1,.18e-1,.18e-1,.20e-1,.18e-1,.20e-1,.20e-1,.18e-1,.18e-1,.19e-1,.19e-1,.\
20e-1,.19e-1,.147,.45e-1,.20e-1,.19e-1,.18e-1,.18e-1,.17e-1,.18e-1,.19e-1,.19e-\
1,.27e-1,.20e-1,.18e-1,.19e-1,.18e-1,.18e-1,.19e-1,.20e-1,.19e-1,.19e-1,.18e-1,
.18e-1,.18e-1,.20e-1,.18e-1,.20e-1,.18e-1,.19e-1,.19e-1,.19e-1,.22e-1,.20e-1,.\
18e-1,.19e-1,.20e-1,.19e-1,.22e-1,.20e-1,.21e-1,.19e-1,.20e-1,.21e-1,.20e-1,.22\
e-1,.28e-1,.24e-1,.25e-1,.20e-1,.22e-1,.20e-1,.21e-1,.159,.47e-1,.19e-1,.19e-1,
.21e-1,.20e-1,.21e-1,.20e-1,.22e-1,.21e-1,.21e-1,.22e-1,.19e-1,.19e-1,.21e-1,.\
20e-1,.22e-1,.22e-1,.21e-1,.22e-1,.20e-1,.21e-1,.20e-1,.20e-1,.21e-1,.24e-1,.22\
e-1,.22e-1,.21e-1,.22e-1,.21e-1,.23e-1,.21e-1,.24e-1,.21e-1,.23e-1,.21e-1,.22e-\
1,.21e-1,.23e-1,.23e-1,.24e-1,.22e-1,.24e-1,.22e-1,.22e-1,.24e-1,.174,.42e-1,.\
23e-1,.20e-1,.20e-1,.22e-1,.21e-1,.23e-1,.21e-1,.23e-1,.22e-1,.21e-1,.25e-1,.22\
e-1,.22e-1,.22e-1,.22e-1,.24e-1,.22e-1,.23e-1,.24e-1,.25e-1,.23e-1,.24e-1,.22e-\
1,.22e-1,.23e-1,.23e-1,.23e-1,.24e-1,.22e-1,.24e-1,.25e-1,.25e-1,.23e-1,.23e-1,
.25e-1,.23e-1,.26e-1,.23e-1,.27e-1,.25e-1,.26e-1,.132,.90e-1,.23e-1,.24e-1,.25e\
-1,.24e-1,.22e-1,.22e-1,.23e-1,.23e-1,.24e-1,.23e-1,.26e-1,.23e-1,.23e-1,.25e-1
,.22e-1,.23e-1,.25e-1,.24e-1,.25e-1,.25e-1,.23e-1,.23e-1,.25e-1,.24e-1,.25e-1,.\
23e-1,.23e-1,.26e-1,.36e-1,.28e-1,.27e-1,.25e-1,.25e-1,.25e-1,.29e-1,.26e-1,.26\
e-1,.25e-1,.24e-1,.165,.106,.24e-1,.25e-1,.24e-1,.27e-1,.28e-1,.27e-1,.26e-1,.\
28e-1,.24e-1,.25e-1,.24e-1,.26e-1,.24e-1,.26e-1,.24e-1,.25e-1,.27e-1,.26e-1,.31\
e-1,.25e-1,.27e-1,.32e-1,.26e-1,.25e-1,.26e-1,.25e-1,.26e-1,.25e-1,.27e-1,.26e-\
1,.29e-1,.25e-1,.27e-1,.26e-1,.27e-1,.27e-1,.29e-1,.190,.54e-1,.25e-1,.25e-1,.\
25e-1,.26e-1,.27e-1,.28e-1,.26e-1,.28e-1,.25e-1,.26e-1,.27e-1,.26e-1,.28e-1,.27\
e-1,.26e-1,.34e-1,.33e-1,.28e-1,.26e-1,.27e-1,.27e-1,.28e-1,.28e-1,.27e-1,.28e-\
1,.27e-1,.26e-1,.29e-1,.27e-1,.28e-1,.27e-1,.28e-1,.30e-1,.27e-1,.141,.98e-1,.\
28e-1,.28e-1,.26e-1,.26e-1,.28e-1,.29e-1,.26e-1,.28e-1,.26e-1,.28e-1,.27e-1,.27\
e-1,.28e-1,.27e-1,.27e-1,.28e-1,.27e-1,.28e-1,.30e-1,.27e-1,.27e-1,.30e-1,.28e-\
1,.29e-1,.29e-1,.28e-1,.29e-1,.28e-1,.29e-1,.27e-1,.29e-1,.28e-1,.30e-1,.152,.1\
03,.28e-1,.27e-1,.28e-1,.27e-1,.29e-1,.30e-1,.35e-1,.35e-1,.34e-1,.33e-1,.28e-1
,.29e-1,.33e-1,.29e-1,.28e-1,.30e-1,.30e-1,.29e-1,.29e-1,.30e-1,.31e-1,.32e-1,.\
32e-1,.29e-1,.32e-1,.29e-1,.31e-1,.30e-1,.32e-1,.32e-1,.31e-1,.32e-1,.201,.55e-\
1,.28e-1,.30e-1,.31e-1,.29e-1,.31e-1,.29e-1,.30e-1,.30e-1,.31e-1,.29e-1,.30e-1,
.30e-1,.29e-1,.31e-1,.30e-1,.32e-1,.30e-1,.32e-1,.31e-1,.30e-1,.31e-1,.31e-1,.\
32e-1,.32e-1,.32e-1,.31e-1,.31e-1,.33e-1,.31e-1,.33e-1,.236,.69e-1,.30e-1,.35e-\
1,.30e-1,.32e-1,.30e-1,.31e-1,.32e-1,.32e-1,.31e-1,.32e-1,.30e-1,.30e-1,.31e-1,
.32e-1,.31e-1,.32e-1,.35e-1,.32e-1,.37e-1,.37e-1,.36e-1,.34e-1,.32e-1,.33e-1,.\
31e-1,.33e-1,.32e-1,.33e-1,.34e-1,.219,.56e-1,.32e-1,.31e-1,.32e-1,.33e-1,.30e-\
1,.33e-1,.33e-1,.31e-1,.31e-1,.31e-1,.35e-1,.35e-1,.32e-1,.39e-1,.33e-1,.33e-1,
.33e-1,.33e-1,.35e-1,.32e-1,.34e-1,.33e-1,.35e-1,.35e-1,.34e-1,.33e-1,.36e-1,.\
36e-1,.130,.33e-1,.31e-1,.33e-1,.34e-1,.36e-1,.34e-1,.35e-1,.32e-1,.34e-1,.32e-\
1,.35e-1,.32e-1,.34e-1,.35e-1,.34e-1,.33e-1,.35e-1,.33e-1,.35e-1,.35e-1,.36e-1,
.35e-1,.33e-1,.35e-1,.34e-1,.35e-1,.36e-1,.159,.125,.36e-1,.33e-1,.35e-1,.34e-1
,.32e-1,.32e-1,.33e-1,.35e-1,.34e-1,.32e-1,.34e-1,.37e-1,.36e-1,.37e-1,.34e-1,.\
35e-1,.35e-1,.34e-1,.35e-1,.35e-1,.37e-1,.34e-1,.36e-1,.36e-1,.35e-1,.36e-1,.17\
1,.130,.33e-1,.34e-1,.36e-1,.35e-1,.34e-1,.35e-1,.34e-1,.35e-1,.38e-1,.37e-1,.\
34e-1,.36e-1,.34e-1,.36e-1,.35e-1,.36e-1,.36e-1,.36e-1,.35e-1,.37e-1,.35e-1,.39\
e-1,.38e-1,.42e-1,.41e-1,.37e-1,.251,.38e-1,.36e-1,.35e-1,.39e-1,.35e-1,.35e-1,
.36e-1,.37e-1,.35e-1,.36e-1,.35e-1,.37e-1,.37e-1,.37e-1,.36e-1,.36e-1,.40e-1,.\
38e-1,.38e-1,.38e-1,.37e-1,.37e-1,.36e-1,.39e-1,.39e-1,.211,.88e-1,.36e-1,.35e-\
1,.38e-1,.38e-1,.35e-1,.36e-1,.38e-1,.35e-1,.37e-1,.38e-1,.36e-1,.41e-1,.39e-1,
.36e-1,.39e-1,.39e-1,.37e-1,.39e-1,.40e-1,.38e-1,.39e-1,.40e-1,.41e-1,.41e-1,.2\
55,.46e-1,.36e-1,.38e-1,.39e-1,.36e-1,.38e-1,.40e-1,.38e-1,.39e-1,.39e-1,.37e-1
,.38e-1,.39e-1,.39e-1,.37e-1,.39e-1,.39e-1,.38e-1,.40e-1,.43e-1,.41e-1,.38e-1,.\
40e-1,.39e-1,.286,.47e-1,.39e-1,.39e-1,.38e-1,.37e-1,.38e-1,.39e-1,.39e-1,.37e-\
1,.39e-1,.39e-1,.38e-1,.40e-1,.40e-1,.41e-1,.39e-1,.41e-1,.40e-1,.40e-1,.39e-1,
.41e-1,.39e-1,.41e-1,.207,.114,.40e-1,.38e-1,.41e-1,.40e-1,.37e-1,.40e-1,.40e-1
,.37e-1,.40e-1,.42e-1,.39e-1,.52e-1,.44e-1,.42e-1,.42e-1,.41e-1,.40e-1,.43e-1,.\
44e-1,.44e-1,.45e-1,.44e-1,.243,.103,.41e-1,.40e-1,.40e-1,.43e-1,.41e-1,.39e-1,
.39e-1,.45e-1,.41e-1,.41e-1,.42e-1,.43e-1,.43e-1,.41e-1,.44e-1,.47e-1,.47e-1,.\
42e-1,.43e-1,.43e-1,.44e-1,.172,.145,.42e-1,.41e-1,.42e-1,.41e-1,.40e-1,.40e-1,
.42e-1,.42e-1,.42e-1,.41e-1,.45e-1,.44e-1,.40e-1,.43e-1,.44e-1,.47e-1,.43e-1,.\
42e-1,.43e-1,.46e-1,.46e-1,.235,.97e-1,.42e-1,.43e-1,.43e-1,.40e-1,.42e-1,.43e-\
1,.44e-1,.42e-1,.41e-1,.43e-1,.45e-1,.43e-1,.43e-1,.43e-1,.42e-1,.42e-1,.45e-1,
.43e-1,.45e-1,.45e-1,.210,.126,.41e-1,.45e-1,.44e-1,.41e-1,.43e-1,.44e-1,.42e-1
,.41e-1,.43e-1,.44e-1,.44e-1,.46e-1,.43e-1,.44e-1,.45e-1,.46e-1,.45e-1,.43e-1,.\
45e-1,.45e-1,.246,.91e-1,.43e-1,.45e-1,.42e-1,.43e-1,.44e-1,.43e-1,.42e-1,.43e-\
1,.44e-1,.43e-1,.47e-1,.45e-1,.44e-1,.45e-1,.44e-1,.46e-1,.45e-1,.46e-1,.45e-1,
.221,.127,.43e-1,.44e-1,.44e-1,.44e-1,.44e-1,.45e-1,.43e-1,.45e-1,.45e-1,.44e-1
,.47e-1,.45e-1,.46e-1,.46e-1,.50e-1,.53e-1,.50e-1,.46e-1,.47e-1,.230,.121,.46e-\
1,.46e-1,.46e-1,.46e-1,.46e-1,.45e-1,.47e-1,.50e-1,.47e-1,.48e-1,.48e-1,.48e-1,
.45e-1,.47e-1,.47e-1,.47e-1,.47e-1,.45e-1,.47e-1,.302,.53e-1,.48e-1,.46e-1,.45e\
-1,.44e-1,.46e-1,.46e-1,.48e-1,.47e-1,.46e-1,.47e-1,.46e-1,.47e-1,.45e-1,.47e-1
,.48e-1,.48e-1,.50e-1,.48e-1,.271,.75e-1,.46e-1,.48e-1,.46e-1,.47e-1,.46e-1,.47\
e-1,.45e-1,.46e-1,.47e-1,.47e-1,.48e-1,.46e-1,.48e-1,.51e-1,.47e-1,.49e-1,.48e-\
1,.49e-1,.298,.60e-1,.48e-1,.47e-1,.48e-1,.47e-1,.47e-1,.47e-1,.47e-1,.46e-1,.\
47e-1,.49e-1,.47e-1,.50e-1,.49e-1,.48e-1,.49e-1,.48e-1,.48e-1,.270,.132,.49e-1,
.47e-1,.46e-1,.48e-1,.51e-1,.50e-1,.48e-1,.48e-1,.48e-1,.49e-1,.49e-1,.49e-1,.\
47e-1,.50e-1,.50e-1,.68e-1,.48e-1,.247,.163,.49e-1,.51e-1,.48e-1,.46e-1,.48e-1,
.48e-1,.48e-1,.48e-1,.49e-1,.47e-1,.49e-1,.54e-1,.53e-1,.49e-1,.50e-1,.50e-1,.\
51e-1,.278,.146,.50e-1,.47e-1,.48e-1,.47e-1,.49e-1,.49e-1,.50e-1,.52e-1,.50e-1,
.50e-1,.48e-1,.50e-1,.51e-1,.52e-1,.52e-1,.52e-1,.56e-1,.319,.81e-1,.54e-1,.49e\
-1,.55e-1,.61e-1,.65e-1,.74e-1,.74e-1,.58e-1,.54e-1,.52e-1,.54e-1,.51e-1,.54e-1
,.86e-1,.90e-1,.78e-1,.292,.147,.59e-1,.56e-1,.56e-1,.58e-1,.56e-1,.53e-1,.51e-\
1,.52e-1,.52e-1,.52e-1,.52e-1,.53e-1,.52e-1,.54e-1,.52e-1,.52e-1,.245,.154,.60e\
-1,.61e-1,.60e-1,.60e-1,.59e-1,.60e-1,.57e-1,.56e-1,.55e-1,.52e-1,.55e-1,.54e-1
,.54e-1,.54e-1,.61e-1,.101,.365,.114,.61e-1,.69e-1,.76e-1,.65e-1,.63e-1,.61e-1,
.61e-1,.61e-1,.60e-1,.59e-1,.77e-1,.63e-1,.60e-1,.61e-1,.63e-1,.234,.200,.54e-1
,.53e-1,.53e-1,.54e-1,.53e-1,.54e-1,.54e-1,.55e-1,.54e-1,.54e-1,.57e-1,.57e-1,.\
60e-1,.58e-1,.57e-1,.57e-1,.334,.65e-1,.52e-1,.52e-1,.52e-1,.51e-1,.55e-1,.53e-\
1,.53e-1,.55e-1,.56e-1,.55e-1,.56e-1,.56e-1,.57e-1,.57e-1,.55e-1,.312,.82e-1,.\
55e-1,.54e-1,.54e-1,.53e-1,.55e-1,.56e-1,.55e-1,.55e-1,.55e-1,.56e-1,.55e-1,.54\
e-1,.56e-1,.65e-1,.57e-1,.359,.81e-1,.73e-1,.66e-1,.58e-1,.61e-1,.62e-1,.68e-1,
.57e-1,.59e-1,.59e-1,.58e-1,.57e-1,.59e-1,.57e-1,.58e-1,.219,.187,.62e-1,.64e-1
,.61e-1,.74e-1,.71e-1,.54e-1,.66e-1,.62e-1,.64e-1,.56e-1,.63e-1,.59e-1,.56e-1,.\
57e-1,.56e-1,.365,.74e-1,.53e-1,.64e-1,.69e-1,.54e-1,.57e-1,.69e-1,.55e-1,.57e-\
1,.55e-1,.57e-1,.64e-1,.57e-1,.59e-1,.57e-1,.303,.122,.57e-1,.56e-1,.56e-1,.55e\
-1,.57e-1,.59e-1,.69e-1,.60e-1,.58e-1,.68e-1,.59e-1,.58e-1,.58e-1,.57e-1,.281,.\
126,.57e-1,.58e-1,.64e-1,.63e-1,.106,.67e-1,.84e-1,.65e-1,.63e-1,.63e-1,.60e-1,
.59e-1,.65e-1,.69e-1,.336,.102,.56e-1,.57e-1,.56e-1,.57e-1,.57e-1,.57e-1,.59e-1
,.57e-1,.58e-1,.58e-1,.60e-1,.59e-1,.58e-1,.188,.224,.71e-1,.103,.70e-1,.66e-1,
.65e-1,.65e-1,.64e-1,.67e-1,.66e-1,.66e-1,.66e-1,.68e-1,.68e-1,.69e-1,.346,.154
,.64e-1,.58e-1,.73e-1,.64e-1,.65e-1,.66e-1,.66e-1,.67e-1,.66e-1,.69e-1,.66e-1,.\
68e-1,.68e-1,.245,.265,.64e-1,.66e-1,.65e-1,.64e-1,.61e-1,.61e-1,.63e-1,.60e-1,
.63e-1,.60e-1,.61e-1,.64e-1,.75e-1,.191,.230,.60e-1,.59e-1,.60e-1,.59e-1,.60e-1
,.60e-1,.59e-1,.59e-1,.75e-1,.85e-1,.69e-1,.70e-1,.70e-1,.73e-1,.263,.68e-1,.63\
e-1,.60e-1,.61e-1,.62e-1,.68e-1,.65e-1,.61e-1,.62e-1,.64e-1,.90e-1,.77e-1,.62e-\
1,.199,.223,.61e-1,.59e-1,.58e-1,.63e-1,.60e-1,.61e-1,.62e-1,.66e-1,.61e-1,.63e\
-1,.63e-1,.61e-1,.62e-1,.271,.169,.60e-1,.58e-1,.59e-1,.61e-1,.68e-1,.60e-1,.61\
e-1,.61e-1,.62e-1,.61e-1,.62e-1,.62e-1,.62e-1,.359,.74e-1,.59e-1,.59e-1,.63e-1,
.63e-1,.64e-1,.62e-1,.62e-1,.61e-1,.63e-1,.63e-1,.66e-1,.64e-1,.296,.158,.66e-1
,.63e-1,.66e-1,.60e-1,.62e-1,.64e-1,.64e-1,.64e-1,.63e-1,.87e-1,.70e-1,.70e-1,.\
259,.235,.66e-1,.67e-1,.67e-1,.67e-1,.66e-1,.69e-1,.69e-1,.68e-1,.69e-1,.70e-1,
.69e-1,.70e-1,.229,.243,.63e-1,.63e-1,.65e-1,.71e-1,.70e-1,.70e-1,.73e-1,.71e-1
,.73e-1,.72e-1,.73e-1,.72e-1,.252,.250,.86e-1,.104,.69e-1,.68e-1,.71e-1,.68e-1,
.66e-1,.68e-1,.79e-1,.67e-1,.68e-1,.80e-1,.303,.219,.69e-1,.66e-1,.64e-1,.70e-1
,.74e-1,.67e-1,.67e-1,.65e-1,.65e-1,.67e-1,.76e-1,.70e-1,.307,.161,.69e-1,.69e-\
1,.68e-1,.70e-1,.73e-1,.86e-1,.76e-1,.80e-1,.86e-1,.67e-1,.68e-1,.70e-1,.385,.\
67e-1,.66e-1,.66e-1,.65e-1,.64e-1,.65e-1,.65e-1,.65e-1,.66e-1,.66e-1,.70e-1,.70\
e-1,.277,.185,.67e-1,.64e-1,.68e-1,.66e-1,.67e-1,.67e-1,.68e-1,.68e-1,.67e-1,.\
68e-1,.70e-1,.188,.267,.67e-1,.65e-1,.66e-1,.67e-1,.67e-1,.69e-1,.68e-1,.86e-1,
.75e-1,.70e-1,.67e-1,.76e-1,.384,.102,.69e-1,.67e-1,.66e-1,.67e-1,.67e-1,.68e-1
,.68e-1,.68e-1,.68e-1,.66e-1,.70e-1,.348,.127,.66e-1,.65e-1,.66e-1,.65e-1,.67e-\
1,.67e-1,.67e-1,.67e-1,.67e-1,.68e-1,.68e-1,.350,.129,.71e-1,.67e-1,.72e-1,.69e\
-1,.71e-1,.70e-1,.84e-1,.69e-1,.70e-1,.147,.106,.410,.112,.75e-1,.75e-1,.74e-1,
.76e-1,.75e-1,.75e-1,.77e-1,.78e-1,.77e-1,.78e-1,.218,.274,.67e-1,.65e-1,.68e-1
,.70e-1,.77e-1,.94e-1,.83e-1,.69e-1,.69e-1,.70e-1,.71e-1,.262,.215,.69e-1,.72e-\
1,.71e-1,.69e-1,.72e-1,.107,.83e-1,.90e-1,.71e-1,.72e-1,.72e-1,.362,.128,.68e-1
,.68e-1,.68e-1,.68e-1,.87e-1,.77e-1,.87e-1,.74e-1,.72e-1,.75e-1,.315,.321,.85e-\
1,.85e-1,.92e-1,.84e-1,.84e-1,.77e-1,.71e-1,.71e-1,.87e-1,.76e-1,.73e-1,.384,.\
96e-1,.69e-1,.68e-1,.69e-1,.67e-1,.69e-1,.70e-1,.71e-1,.72e-1,.71e-1,.76e-1,.32\
5,.171,.68e-1,.69e-1,.70e-1,.69e-1,.80e-1,.70e-1,.72e-1,.70e-1,.71e-1,.74e-1,.2\
88,.193,.70e-1,.68e-1,.73e-1,.69e-1,.69e-1,.73e-1,.73e-1,.76e-1,.77e-1,.72e-1,.\
279,.221,.70e-1,.69e-1,.72e-1,.70e-1,.70e-1,.71e-1,.73e-1,.71e-1,.72e-1,.72e-1,
.276,.218,.69e-1,.71e-1,.70e-1,.74e-1,.72e-1,.72e-1,.73e-1,.76e-1,.78e-1,.73e-1
,.358,.247,.88e-1,.89e-1,.71e-1,.76e-1,.71e-1,.73e-1,.76e-1,.74e-1,.73e-1,.75e-\
1,.352,.160,.70e-1,.73e-1,.76e-1,.71e-1,.80e-1,.73e-1,.73e-1,.72e-1,.75e-1,.75e\
-1,.395,.100,.71e-1,.71e-1,.72e-1,.76e-1,.77e-1,.74e-1,.74e-1,.75e-1,.73e-1,.23\
9,.260,.71e-1,.89e-1,.72e-1,.71e-1,.73e-1,.74e-1,.74e-1,.75e-1,.82e-1,.76e-1,.3\
43,.165,.72e-1,.72e-1,.77e-1,.72e-1,.72e-1,.75e-1,.74e-1,.74e-1,.75e-1,.232,.28\
0,.74e-1,.73e-1,.72e-1,.72e-1,.73e-1,.73e-1,.75e-1,.82e-1,.77e-1,.76e-1,.391,.1\
26,.77e-1,.75e-1,.73e-1,.76e-1,.81e-1,.75e-1,.79e-1,.76e-1,.78e-1,.313,.202,.77\
e-1,.73e-1,.76e-1,.78e-1,.74e-1,.76e-1,.80e-1,.76e-1,.81e-1,.251,.263,.73e-1,.\
76e-1,.74e-1,.76e-1,.76e-1,.76e-1,.82e-1,.79e-1,.78e-1,.206,.302,.78e-1,.72e-1,
.75e-1,.75e-1,.74e-1,.76e-1,.76e-1,.76e-1,.78e-1,.78e-1,.445,.77e-1,.80e-1,.81e\
-1,.78e-1,.79e-1,.77e-1,.78e-1,.79e-1,.84e-1,.197],[.5e-2,.6e-2,.6e-2,.7e-2,.7e\
-2,.7e-2,.9e-2,.9e-2,.11e-1,.10e-1,.8e-2,.9e-2,.6e-2,.7e-2,.6e-2,.7e-2,.6e-2,.6\
e-2,.6e-2,.7e-2,.6e-2,.7e-2,.6e-2,.7e-2,.7e-2,.6e-2,.7e-2,.7e-2,.7e-2,.7e-2,.9e\
-2,.9e-2,.9e-2,.8e-2,.8e-2,.10e-1,.9e-2,.10e-1,.10e-1,.10e-1,.10e-1,.9e-2,.8e-2
,.8e-2,.9e-2,.9e-2,.9e-2,.10e-1,.10e-1,.9e-2,.9e-2,.9e-2,.12e-1,.9e-2,.9e-2,.9e\
-2,.11e-1,.10e-1,.9e-2,.10e-1,.10e-1,.12e-1,.10e-1,.10e-1,.9e-2,.9e-2,.9e-2,.10\
e-1,.12e-1,.10e-1,.10e-1,.10e-1,.12e-1,.11e-1,.10e-1,.10e-1,.11e-1,.12e-1,.14e-\
1,.14e-1,.12e-1,.11e-1,.11e-1,.12e-1,.12e-1,.11e-1,.10e-1,.10e-1,.10e-1,.12e-1,
.12e-1,.13e-1,.13e-1,.14e-1,.13e-1,.13e-1,.14e-1,.12e-1,.11e-1,.12e-1,.13e-1,.\
14e-1,.13e-1,.13e-1,.13e-1,.13e-1,.12e-1,.11e-1,.11e-1,.14e-1,.13e-1,.11e-1,.12\
e-1,.13e-1,.125,.28e-1,.10e-1,.10e-1,.10e-1,.10e-1,.10e-1,.9e-2,.9e-2,.11e-1,.\
10e-1,.9e-2,.10e-1,.10e-1,.10e-1,.10e-1,.10e-1,.10e-1,.10e-1,.10e-1,.10e-1,.11e\
-1,.10e-1,.11e-1,.10e-1,.11e-1,.10e-1,.11e-1,.10e-1,.11e-1,.11e-1,.11e-1,.11e-1
,.11e-1,.11e-1,.12e-1,.11e-1,.11e-1,.12e-1,.11e-1,.11e-1,.11e-1,.11e-1,.14e-1,.\
14e-1,.19e-1,.13e-1,.11e-1,.12e-1,.12e-1,.14e-1,.14e-1,.14e-1,.14e-1,.20e-1,.19\
e-1,.13e-1,.14e-1,.12e-1,.12e-1,.14e-1,.12e-1,.13e-1,.12e-1,.12e-1,.12e-1,.13e-\
1,.12e-1,.12e-1,.14e-1,.14e-1,.13e-1,.13e-1,.15e-1,.12e-1,.13e-1,.12e-1,.13e-1,
.12e-1,.18e-1,.15e-1,.16e-1,.17e-1,.14e-1,.150,.19e-1,.12e-1,.12e-1,.13e-1,.13e\
-1,.12e-1,.13e-1,.15e-1,.13e-1,.13e-1,.13e-1,.13e-1,.12e-1,.13e-1,.15e-1,.15e-1
,.14e-1,.15e-1,.13e-1,.13e-1,.14e-1,.15e-1,.15e-1,.14e-1,.14e-1,.14e-1,.15e-1,.\
14e-1,.14e-1,.16e-1,.14e-1,.14e-1,.14e-1,.17e-1,.15e-1,.14e-1,.17e-1,.14e-1,.14\
e-1,.15e-1,.16e-1,.14e-1,.15e-1,.16e-1,.15e-1,.14e-1,.15e-1,.17e-1,.17e-1,.15e-\
1,.17e-1,.15e-1,.15e-1,.14e-1,.17e-1,.15e-1,.15e-1,.15e-1,.16e-1,.16e-1,.15e-1,
.18e-1,.18e-1,.15e-1,.17e-1,.15e-1,.15e-1,.15e-1,.54e-1,.16e-1,.18e-1,.19e-1,.\
23e-1,.19e-1,.19e-1,.18e-1,.17e-1,.18e-1,.18e-1,.37e-1,.42e-1,.21e-1,.20e-1,.19\
e-1,.18e-1,.17e-1,.18e-1,.18e-1,.17e-1,.18e-1,.18e-1,.21e-1,.18e-1,.19e-1,.19e-\
1,.17e-1,.18e-1,.19e-1,.18e-1,.18e-1,.18e-1,.19e-1,.18e-1,.19e-1,.19e-1,.18e-1,
.19e-1,.19e-1,.19e-1,.18e-1,.19e-1,.19e-1,.19e-1,.19e-1,.19e-1,.20e-1,.19e-1,.\
19e-1,.20e-1,.19e-1,.20e-1,.19e-1,.20e-1,.21e-1,.19e-1,.20e-1,.20e-1,.174,.40e-\
1,.18e-1,.17e-1,.18e-1,.17e-1,.18e-1,.19e-1,.18e-1,.19e-1,.19e-1,.19e-1,.18e-1,
.17e-1,.18e-1,.17e-1,.17e-1,.19e-1,.18e-1,.17e-1,.18e-1,.19e-1,.19e-1,.20e-1,.\
19e-1,.19e-1,.21e-1,.20e-1,.22e-1,.21e-1,.23e-1,.22e-1,.21e-1,.25e-1,.24e-1,.26\
e-1,.25e-1,.26e-1,.25e-1,.24e-1,.26e-1,.24e-1,.26e-1,.21e-1,.24e-1,.21e-1,.20e-\
1,.21e-1,.20e-1,.21e-1,.19e-1,.19e-1,.20e-1,.19e-1,.64e-1,.19e-1,.20e-1,.18e-1,
.19e-1,.19e-1,.19e-1,.19e-1,.21e-1,.21e-1,.21e-1,.19e-1,.19e-1,.19e-1,.19e-1,.\
20e-1,.19e-1,.18e-1,.20e-1,.20e-1,.19e-1,.20e-1,.20e-1,.20e-1,.20e-1,.19e-1,.20\
e-1,.19e-1,.19e-1,.20e-1,.21e-1,.20e-1,.21e-1,.20e-1,.20e-1,.20e-1,.21e-1,.22e-\
1,.21e-1,.22e-1,.20e-1,.20e-1,.22e-1,.22e-1,.21e-1,.22e-1,.21e-1,.22e-1,.145,.\
67e-1,.22e-1,.20e-1,.20e-1,.21e-1,.20e-1,.20e-1,.20e-1,.20e-1,.22e-1,.22e-1,.21\
e-1,.21e-1,.21e-1,.21e-1,.22e-1,.21e-1,.21e-1,.21e-1,.21e-1,.22e-1,.22e-1,.21e-\
1,.21e-1,.21e-1,.22e-1,.21e-1,.21e-1,.21e-1,.21e-1,.22e-1,.22e-1,.22e-1,.22e-1,
.22e-1,.22e-1,.22e-1,.24e-1,.22e-1,.23e-1,.23e-1,.22e-1,.23e-1,.23e-1,.141,.75e\
-1,.22e-1,.22e-1,.21e-1,.23e-1,.21e-1,.21e-1,.22e-1,.22e-1,.22e-1,.23e-1,.22e-1
,.22e-1,.22e-1,.22e-1,.23e-1,.22e-1,.24e-1,.22e-1,.23e-1,.22e-1,.23e-1,.24e-1,.\
24e-1,.26e-1,.24e-1,.25e-1,.23e-1,.25e-1,.23e-1,.24e-1,.25e-1,.23e-1,.25e-1,.23\
e-1,.25e-1,.23e-1,.24e-1,.24e-1,.24e-1,.25e-1,.149,.83e-1,.23e-1,.23e-1,.24e-1,
.25e-1,.23e-1,.23e-1,.25e-1,.23e-1,.25e-1,.23e-1,.23e-1,.26e-1,.24e-1,.24e-1,.\
23e-1,.24e-1,.25e-1,.24e-1,.25e-1,.25e-1,.26e-1,.25e-1,.26e-1,.25e-1,.24e-1,.24\
e-1,.25e-1,.26e-1,.25e-1,.25e-1,.26e-1,.25e-1,.30e-1,.25e-1,.27e-1,.26e-1,.26e-\
1,.25e-1,.187,.46e-1,.24e-1,.25e-1,.24e-1,.25e-1,.24e-1,.24e-1,.26e-1,.27e-1,.\
26e-1,.27e-1,.27e-1,.26e-1,.26e-1,.26e-1,.27e-1,.26e-1,.27e-1,.26e-1,.28e-1,.26\
e-1,.27e-1,.26e-1,.28e-1,.26e-1,.27e-1,.27e-1,.28e-1,.27e-1,.28e-1,.27e-1,.28e-\
1,.28e-1,.27e-1,.27e-1,.27e-1,.152,.103,.27e-1,.27e-1,.27e-1,.26e-1,.27e-1,.26e\
-1,.27e-1,.26e-1,.27e-1,.27e-1,.32e-1,.34e-1,.27e-1,.27e-1,.28e-1,.27e-1,.39e-1
,.77e-1,.74e-1,.38e-1,.32e-1,.32e-1,.32e-1,.31e-1,.28e-1,.30e-1,.28e-1,.30e-1,.\
29e-1,.32e-1,.31e-1,.28e-1,.29e-1,.34e-1,.198,.66e-1,.26e-1,.26e-1,.27e-1,.28e-\
1,.27e-1,.28e-1,.30e-1,.29e-1,.27e-1,.30e-1,.29e-1,.29e-1,.28e-1,.29e-1,.29e-1,
.27e-1,.28e-1,.29e-1,.28e-1,.29e-1,.29e-1,.28e-1,.30e-1,.30e-1,.31e-1,.28e-1,.\
30e-1,.29e-1,.30e-1,.29e-1,.30e-1,.31e-1,.190,.71e-1,.28e-1,.29e-1,.46e-1,.39e-\
1,.30e-1,.30e-1,.31e-1,.31e-1,.30e-1,.29e-1,.32e-1,.32e-1,.31e-1,.30e-1,.30e-1,
.31e-1,.30e-1,.38e-1,.42e-1,.35e-1,.38e-1,.29e-1,.32e-1,.32e-1,.30e-1,.31e-1,.\
31e-1,.32e-1,.31e-1,.33e-1,.32e-1,.228,.39e-1,.33e-1,.31e-1,.29e-1,.32e-1,.31e-\
1,.39e-1,.53e-1,.52e-1,.35e-1,.74e-1,.45e-1,.41e-1,.35e-1,.31e-1,.36e-1,.43e-1,
.35e-1,.35e-1,.48e-1,.36e-1,.34e-1,.38e-1,.38e-1,.39e-1,.38e-1,.38e-1,.39e-1,.\
39e-1,.38e-1,.205,.73e-1,.30e-1,.30e-1,.30e-1,.31e-1,.33e-1,.31e-1,.31e-1,.31e-\
1,.32e-1,.31e-1,.31e-1,.32e-1,.32e-1,.33e-1,.31e-1,.31e-1,.32e-1,.32e-1,.33e-1,
.33e-1,.32e-1,.33e-1,.32e-1,.34e-1,.36e-1,.33e-1,.34e-1,.34e-1,.163,.107,.32e-1
,.31e-1,.32e-1,.31e-1,.32e-1,.32e-1,.33e-1,.36e-1,.41e-1,.35e-1,.35e-1,.38e-1,.\
35e-1,.34e-1,.33e-1,.35e-1,.34e-1,.35e-1,.35e-1,.33e-1,.36e-1,.35e-1,.34e-1,.35\
e-1,.36e-1,.33e-1,.35e-1,.161,.135,.33e-1,.34e-1,.36e-1,.39e-1,.34e-1,.36e-1,.\
36e-1,.35e-1,.41e-1,.36e-1,.34e-1,.38e-1,.36e-1,.36e-1,.36e-1,.35e-1,.37e-1,.42\
e-1,.35e-1,.35e-1,.35e-1,.34e-1,.35e-1,.35e-1,.34e-1,.36e-1,.36e-1,.238,.59e-1,
.36e-1,.34e-1,.36e-1,.35e-1,.34e-1,.34e-1,.33e-1,.35e-1,.36e-1,.35e-1,.35e-1,.\
36e-1,.34e-1,.36e-1,.40e-1,.37e-1,.35e-1,.37e-1,.35e-1,.35e-1,.37e-1,.42e-1,.45\
e-1,.37e-1,.37e-1,.172,.118,.36e-1,.37e-1,.40e-1,.40e-1,.35e-1,.36e-1,.37e-1,.\
35e-1,.42e-1,.38e-1,.36e-1,.42e-1,.44e-1,.48e-1,.39e-1,.36e-1,.48e-1,.59e-1,.38\
e-1,.40e-1,.41e-1,.48e-1,.40e-1,.41e-1,.42e-1,.254,.84e-1,.39e-1,.38e-1,.38e-1,
.39e-1,.39e-1,.38e-1,.41e-1,.58e-1,.39e-1,.41e-1,.41e-1,.43e-1,.41e-1,.39e-1,.\
40e-1,.40e-1,.49e-1,.37e-1,.38e-1,.37e-1,.37e-1,.38e-1,.40e-1,.39e-1,.233,.78e-\
1,.39e-1,.44e-1,.43e-1,.42e-1,.42e-1,.41e-1,.41e-1,.42e-1,.42e-1,.41e-1,.42e-1,
.41e-1,.42e-1,.40e-1,.39e-1,.38e-1,.38e-1,.40e-1,.39e-1,.39e-1,.41e-1,.40e-1,.\
39e-1,.214,.99e-1,.36e-1,.38e-1,.38e-1,.37e-1,.42e-1,.39e-1,.39e-1,.37e-1,.38e-\
1,.39e-1,.38e-1,.38e-1,.39e-1,.38e-1,.41e-1,.39e-1,.63e-1,.54e-1,.41e-1,.42e-1,
.42e-1,.40e-1,.41e-1,.254,.57e-1,.38e-1,.37e-1,.39e-1,.39e-1,.41e-1,.39e-1,.39e\
-1,.39e-1,.38e-1,.40e-1,.44e-1,.39e-1,.39e-1,.40e-1,.38e-1,.40e-1,.41e-1,.41e-1
,.43e-1,.42e-1,.44e-1,.42e-1,.268,.78e-1,.39e-1,.39e-1,.39e-1,.52e-1,.44e-1,.41\
e-1,.55e-1,.74e-1,.47e-1,.46e-1,.48e-1,.47e-1,.48e-1,.47e-1,.48e-1,.47e-1,.46e-\
1,.45e-1,.47e-1,.47e-1,.47e-1,.228,.147,.44e-1,.47e-1,.45e-1,.51e-1,.47e-1,.47e\
-1,.45e-1,.46e-1,.46e-1,.46e-1,.45e-1,.49e-1,.47e-1,.41e-1,.43e-1,.42e-1,.43e-1
,.42e-1,.43e-1,.48e-1,.43e-1,.206,.129,.44e-1,.45e-1,.41e-1,.41e-1,.41e-1,.41e-\
1,.41e-1,.41e-1,.41e-1,.40e-1,.41e-1,.42e-1,.42e-1,.42e-1,.41e-1,.44e-1,.43e-1,
.42e-1,.43e-1,.43e-1,.163,.162,.40e-1,.40e-1,.43e-1,.41e-1,.41e-1,.41e-1,.41e-1
,.41e-1,.42e-1,.43e-1,.43e-1,.43e-1,.42e-1,.43e-1,.44e-1,.42e-1,.43e-1,.44e-1,.\
44e-1,.44e-1,.182,.146,.42e-1,.41e-1,.41e-1,.42e-1,.42e-1,.42e-1,.43e-1,.42e-1,
.42e-1,.43e-1,.44e-1,.45e-1,.57e-1,.62e-1,.64e-1,.56e-1,.52e-1,.50e-1,.44e-1,.\
50e-1,.335,.85e-1,.50e-1,.50e-1,.66e-1,.53e-1,.109,.83e-1,.91e-1,.61e-1,.47e-1,
.48e-1,.48e-1,.47e-1,.48e-1,.48e-1,.48e-1,.49e-1,.48e-1,.48e-1,.49e-1,.288,.73e\
-1,.53e-1,.55e-1,.52e-1,.50e-1,.51e-1,.51e-1,.50e-1,.51e-1,.52e-1,.47e-1,.51e-1
,.51e-1,.51e-1,.52e-1,.51e-1,.52e-1,.51e-1,.61e-1,.211,.165,.45e-1,.46e-1,.43e-\
1,.44e-1,.44e-1,.46e-1,.45e-1,.45e-1,.45e-1,.48e-1,.57e-1,.88e-1,.64e-1,.96e-1,
.65e-1,.53e-1,.71e-1,.78e-1,.82e-1,.461,.59e-1,.47e-1,.48e-1,.44e-1,.50e-1,.49e\
-1,.48e-1,.65e-1,.72e-1,.68e-1,.65e-1,.51e-1,.52e-1,.50e-1,.51e-1,.50e-1,.51e-1
,.51e-1,.207,.184,.45e-1,.46e-1,.45e-1,.46e-1,.46e-1,.46e-1,.46e-1,.45e-1,.57e-\
1,.61e-1,.48e-1,.47e-1,.47e-1,.47e-1,.47e-1,.47e-1,.48e-1,.48e-1,.225,.134,.48e\
-1,.46e-1,.53e-1,.47e-1,.46e-1,.45e-1,.47e-1,.47e-1,.47e-1,.46e-1,.48e-1,.48e-1
,.48e-1,.49e-1,.48e-1,.50e-1,.67e-1,.170,.222,.49e-1,.46e-1,.47e-1,.46e-1,.47e-\
1,.47e-1,.46e-1,.48e-1,.48e-1,.48e-1,.49e-1,.50e-1,.49e-1,.49e-1,.49e-1,.48e-1,
.49e-1,.191,.169,.48e-1,.48e-1,.47e-1,.47e-1,.49e-1,.49e-1,.47e-1,.48e-1,.50e-1
,.65e-1,.48e-1,.50e-1,.49e-1,.49e-1,.51e-1,.49e-1,.52e-1,.256,.114,.48e-1,.48e-\
1,.48e-1,.57e-1,.48e-1,.48e-1,.49e-1,.49e-1,.49e-1,.50e-1,.51e-1,.52e-1,.50e-1,
.50e-1,.51e-1,.56e-1,.208,.174,.50e-1,.49e-1,.47e-1,.48e-1,.49e-1,.49e-1,.49e-1
,.48e-1,.49e-1,.51e-1,.51e-1,.51e-1,.51e-1,.49e-1,.51e-1,.51e-1,.184,.214,.61e-\
1,.50e-1,.48e-1,.50e-1,.50e-1,.51e-1,.50e-1,.51e-1,.51e-1,.50e-1,.51e-1,.53e-1,
.52e-1,.53e-1,.51e-1,.53e-1,.204,.180,.50e-1,.50e-1,.51e-1,.57e-1,.51e-1,.49e-1
,.50e-1,.51e-1,.51e-1,.52e-1,.51e-1,.52e-1,.52e-1,.53e-1,.53e-1,.53e-1,.274,.13\
0,.52e-1,.51e-1,.54e-1,.53e-1,.51e-1,.52e-1,.51e-1,.52e-1,.51e-1,.53e-1,.52e-1,
.53e-1,.52e-1,.52e-1,.53e-1,.191,.199,.52e-1,.51e-1,.50e-1,.53e-1,.52e-1,.51e-1
,.50e-1,.53e-1,.53e-1,.52e-1,.53e-1,.52e-1,.53e-1,.54e-1,.54e-1,.180,.217,.53e-\
1,.50e-1,.53e-1,.53e-1,.55e-1,.50e-1,.52e-1,.53e-1,.53e-1,.54e-1,.53e-1,.54e-1,
.54e-1,.54e-1,.55e-1,.186,.197,.51e-1,.54e-1,.51e-1,.52e-1,.52e-1,.53e-1,.52e-1
,.54e-1,.54e-1,.54e-1,.54e-1,.55e-1,.55e-1,.55e-1,.55e-1,.252,.146,.55e-1,.52e-\
1,.55e-1,.54e-1,.52e-1,.54e-1,.54e-1,.54e-1,.55e-1,.55e-1,.55e-1,.55e-1,.56e-1,
.55e-1,.56e-1,.215,.55e-1,.54e-1,.53e-1,.52e-1,.57e-1,.55e-1,.54e-1,.54e-1,.60e\
-1,.55e-1,.56e-1,.55e-1,.57e-1,.57e-1,.57e-1,.289,.104,.54e-1,.54e-1,.54e-1,.54\
e-1,.55e-1,.55e-1,.56e-1,.57e-1,.56e-1,.56e-1,.58e-1,.56e-1,.57e-1,.57e-1,.272,
.124,.54e-1,.54e-1,.55e-1,.55e-1,.56e-1,.56e-1,.56e-1,.58e-1,.60e-1,.59e-1,.66e\
-1,.58e-1,.60e-1,.61e-1,.303,.107,.56e-1,.56e-1,.55e-1,.56e-1,.57e-1,.57e-1,.55\
e-1,.58e-1,.57e-1,.58e-1,.58e-1,.58e-1,.58e-1,.58e-1,.345,.58e-1,.57e-1,.57e-1,
.57e-1,.56e-1,.57e-1,.56e-1,.58e-1,.58e-1,.57e-1,.57e-1,.58e-1,.59e-1,.75e-1,.2\
49,.163,.58e-1,.58e-1,.57e-1,.57e-1,.58e-1,.58e-1,.58e-1,.59e-1,.59e-1,.59e-1,.\
60e-1,.58e-1,.60e-1,.189,.229,.56e-1,.58e-1,.57e-1,.58e-1,.58e-1,.57e-1,.58e-1,
.58e-1,.58e-1,.58e-1,.59e-1,.59e-1,.59e-1,.61e-1,.318,.89e-1,.56e-1,.57e-1,.57e\
-1,.57e-1,.58e-1,.57e-1,.58e-1,.59e-1,.61e-1,.61e-1,.59e-1,.59e-1,.61e-1,.315,.\
99e-1,.58e-1,.57e-1,.58e-1,.58e-1,.58e-1,.58e-1,.59e-1,.60e-1,.61e-1,.60e-1,.60\
e-1,.61e-1,.61e-1,.337,.78e-1,.59e-1,.57e-1,.58e-1,.59e-1,.59e-1,.60e-1,.59e-1,
.61e-1,.60e-1,.60e-1,.62e-1,.61e-1,.216,.220,.78e-1,.78e-1,.80e-1,.63e-1,.63e-1
,.62e-1,.62e-1,.62e-1,.83e-1,.92e-1,.82e-1,.69e-1,.68e-1,.317,.136,.63e-1,.62e-\
1,.60e-1,.69e-1,.76e-1,.64e-1,.61e-1,.61e-1,.61e-1,.63e-1,.60e-1,.62e-1,.274,.2\
17,.59e-1,.59e-1,.61e-1,.60e-1,.60e-1,.60e-1,.61e-1,.62e-1,.61e-1,.62e-1,.67e-1
,.64e-1,.62e-1,.400,.72e-1,.61e-1,.60e-1,.61e-1,.61e-1,.61e-1,.62e-1,.64e-1,.63\
e-1,.63e-1,.63e-1,.62e-1,.63e-1,.328,.102,.60e-1,.61e-1,.63e-1,.62e-1,.63e-1,.\
62e-1,.62e-1,.62e-1,.64e-1,.63e-1,.63e-1,.63e-1,.333,.111,.61e-1,.62e-1,.64e-1,
.63e-1,.62e-1,.61e-1,.64e-1,.63e-1,.64e-1,.65e-1,.64e-1,.67e-1,.361,.94e-1,.64e\
-1,.63e-1,.65e-1,.64e-1,.65e-1,.65e-1,.68e-1,.66e-1,.68e-1,.66e-1,.67e-1,.202,.\
249,.63e-1,.62e-1,.62e-1,.62e-1,.63e-1,.65e-1,.63e-1,.69e-1,.75e-1,.64e-1,.66e-\
1,.66e-1,.279,.173,.63e-1,.66e-1,.69e-1,.70e-1,.65e-1,.65e-1,.64e-1,.85e-1,.92e\
-1,.94e-1,.73e-1,.69e-1,.292,.63e-1,.64e-1,.63e-1,.62e-1,.63e-1,.66e-1,.65e-1,.\
64e-1,.66e-1,.66e-1,.66e-1,.65e-1,.320,.135,.64e-1,.64e-1,.64e-1,.64e-1,.65e-1,
.64e-1,.66e-1,.66e-1,.66e-1,.66e-1,.67e-1,.256,.192,.65e-1,.64e-1,.64e-1,.64e-1
,.65e-1,.64e-1,.66e-1,.67e-1,.66e-1,.68e-1,.66e-1,.248,.226,.64e-1,.63e-1,.65e-\
1,.65e-1,.64e-1,.66e-1,.66e-1,.67e-1,.66e-1,.67e-1,.69e-1,.231,.229,.65e-1,.64e\
-1,.65e-1,.64e-1,.66e-1,.66e-1,.65e-1,.68e-1,.67e-1,.67e-1,.68e-1,.261,.209,.65\
e-1,.66e-1,.66e-1,.66e-1,.66e-1,.66e-1,.68e-1,.69e-1,.69e-1,.68e-1,.68e-1,.312,
.173,.65e-1,.65e-1,.65e-1,.66e-1,.67e-1,.67e-1,.69e-1,.69e-1,.68e-1,.71e-1,.70e\
-1,.380,.100,.66e-1,.66e-1,.69e-1,.69e-1,.68e-1,.67e-1,.71e-1,.68e-1,.68e-1,.69\
e-1,.234,.238,.66e-1,.68e-1,.66e-1,.67e-1,.67e-1,.68e-1,.69e-1,.69e-1,.70e-1,.\
69e-1,.69e-1,.343,.128,.68e-1,.67e-1,.68e-1,.67e-1,.68e-1,.70e-1,.72e-1,.71e-1,
.69e-1,.72e-1,.246,.223,.68e-1,.67e-1,.67e-1,.69e-1,.69e-1,.69e-1,.69e-1,.70e-1
,.74e-1,.71e-1,.73e-1,.420,.79e-1,.78e-1,.77e-1,.74e-1,.82e-1,.72e-1,.70e-1,.72\
e-1,.73e-1,.72e-1,.72e-1,.353,.130,.69e-1,.69e-1,.70e-1,.69e-1,.69e-1,.72e-1,.\
72e-1,.71e-1,.71e-1,.74e-1,.325,.166,.72e-1,.70e-1,.68e-1,.78e-1,.75e-1,.69e-1,
.72e-1,.71e-1,.72e-1,.73e-1,.313,.176,.88e-1,.81e-1,.69e-1,.77e-1,.72e-1,.70e-1
,.71e-1,.72e-1,.72e-1,.73e-1,.333,.176,.69e-1,.69e-1,.71e-1,.71e-1,.70e-1,.71e-\
1,.73e-1,.73e-1,.73e-1,.72e-1,.346,.141,.72e-1,.70e-1,.71e-1,.70e-1,.70e-1,.73e\
-1,.74e-1,.73e-1,.73e-1,.82e-1,.409,.89e-1,.75e-1,.75e-1,.72e-1,.73e-1,.75e-1,.\
75e-1,.74e-1,.76e-1,.79e-1,.240,.259,.71e-1,.72e-1,.73e-1,.73e-1,.73e-1,.75e-1,
.75e-1,.74e-1,.74e-1,.74e-1,.332,.170,.73e-1,.74e-1,.74e-1,.74e-1,.73e-1,.75e-1
,.77e-1,.76e-1,.74e-1,.207,.291,.73e-1,.73e-1,.75e-1,.72e-1,.72e-1,.74e-1,.75e-\
1,.75e-1,.73e-1,.74e-1,.333,.180,.73e-1,.73e-1,.73e-1,.72e-1,.74e-1,.74e-1,.77e\
-1,.81e-1,.75e-1,.244,.271,.72e-1,.73e-1,.71e-1,.74e-1,.75e-1,.73e-1,.76e-1,.76\
e-1,.82e-1,.83e-1,.427,.89e-1,.73e-1,.74e-1,.76e-1,.74e-1,.77e-1,.77e-1,.75e-1,
.77e-1,.77e-1,.370,.137,.74e-1,.74e-1,.74e-1,.76e-1,.77e-1,.76e-1,.77e-1,.76e-1
,.77e-1,.350,.164,.75e-1,.73e-1,.75e-1,.76e-1,.77e-1,.75e-1,.77e-1,.77e-1,.78e-\
1,.327,.181,.77e-1,.76e-1,.76e-1,.77e-1,.86e-1,.78e-1,.78e-1,.77e-1],[.5e-2,.7e\
-2,.6e-2,.6e-2,.6e-2,.7e-2,.6e-2,.7e-2,.7e-2,.7e-2,.6e-2,.7e-2,.6e-2,.6e-2,.123
,.12e-1,.7e-2,.7e-2,.6e-2,.6e-2,.7e-2,.6e-2,.7e-2,.8e-2,.8e-2,.9e-2,.8e-2,.9e-2
,.7e-2,.7e-2,.6e-2,.7e-2,.7e-2,.7e-2,.7e-2,.7e-2,.7e-2,.9e-2,.7e-2,.7e-2,.7e-2,
.7e-2,.8e-2,.7e-2,.7e-2,.8e-2,.7e-2,.7e-2,.8e-2,.7e-2,.7e-2,.7e-2,.7e-2,.8e-2,.\
8e-2,.8e-2,.8e-2,.8e-2,.8e-2,.8e-2,.8e-2,.8e-2,.8e-2,.9e-2,.8e-2,.8e-2,.8e-2,.8\
e-2,.11e-1,.11e-1,.9e-2,.9e-2,.12e-1,.12e-1,.10e-1,.8e-2,.8e-2,.9e-2,.8e-2,.9e-\
2,.9e-2,.9e-2,.11e-1,.10e-1,.9e-2,.9e-2,.11e-1,.9e-2,.9e-2,.11e-1,.10e-1,.9e-2,
.9e-2,.10e-1,.10e-1,.9e-2,.9e-2,.9e-2,.10e-1,.9e-2,.10e-1,.9e-2,.10e-1,.9e-2,.9\
e-2,.9e-2,.10e-1,.9e-2,.9e-2,.9e-2,.9e-2,.10e-1,.10e-1,.11e-1,.11e-1,.12e-1,.10\
e-1,.10e-1,.11e-1,.11e-1,.10e-1,.10e-1,.10e-1,.10e-1,.11e-1,.124,.24e-1,.10e-1,
.11e-1,.11e-1,.10e-1,.10e-1,.10e-1,.10e-1,.11e-1,.10e-1,.10e-1,.11e-1,.10e-1,.\
10e-1,.11e-1,.11e-1,.10e-1,.10e-1,.11e-1,.11e-1,.11e-1,.11e-1,.11e-1,.11e-1,.11\
e-1,.11e-1,.11e-1,.11e-1,.12e-1,.11e-1,.11e-1,.11e-1,.11e-1,.11e-1,.11e-1,.12e-\
1,.11e-1,.12e-1,.12e-1,.11e-1,.11e-1,.12e-1,.13e-1,.11e-1,.11e-1,.11e-1,.12e-1,
.12e-1,.12e-1,.12e-1,.13e-1,.13e-1,.12e-1,.13e-1,.13e-1,.12e-1,.12e-1,.13e-1,.\
12e-1,.12e-1,.13e-1,.12e-1,.12e-1,.13e-1,.13e-1,.13e-1,.13e-1,.14e-1,.13e-1,.12\
e-1,.12e-1,.14e-1,.13e-1,.13e-1,.14e-1,.14e-1,.14e-1,.13e-1,.14e-1,.13e-1,.13e-\
1,.150,.16e-1,.13e-1,.12e-1,.12e-1,.13e-1,.13e-1,.16e-1,.14e-1,.15e-1,.14e-1,.\
14e-1,.14e-1,.14e-1,.14e-1,.15e-1,.15e-1,.14e-1,.14e-1,.14e-1,.14e-1,.14e-1,.14\
e-1,.16e-1,.14e-1,.14e-1,.15e-1,.15e-1,.15e-1,.16e-1,.14e-1,.15e-1,.14e-1,.14e-\
1,.14e-1,.15e-1,.14e-1,.14e-1,.15e-1,.14e-1,.14e-1,.15e-1,.14e-1,.15e-1,.16e-1,
.15e-1,.14e-1,.14e-1,.15e-1,.15e-1,.14e-1,.14e-1,.15e-1,.15e-1,.15e-1,.17e-1,.\
15e-1,.17e-1,.18e-1,.15e-1,.15e-1,.15e-1,.17e-1,.18e-1,.16e-1,.15e-1,.17e-1,.12\
9,.50e-1,.16e-1,.14e-1,.14e-1,.14e-1,.15e-1,.16e-1,.15e-1,.15e-1,.15e-1,.17e-1,
.16e-1,.18e-1,.18e-1,.16e-1,.16e-1,.17e-1,.17e-1,.16e-1,.17e-1,.16e-1,.16e-1,.\
16e-1,.16e-1,.16e-1,.16e-1,.17e-1,.16e-1,.16e-1,.18e-1,.17e-1,.16e-1,.19e-1,.19\
e-1,.17e-1,.17e-1,.18e-1,.17e-1,.17e-1,.19e-1,.18e-1,.18e-1,.16e-1,.19e-1,.22e-\
1,.17e-1,.18e-1,.17e-1,.17e-1,.17e-1,.17e-1,.18e-1,.17e-1,.18e-1,.17e-1,.18e-1,
.19e-1,.18e-1,.143,.46e-1,.18e-1,.20e-1,.19e-1,.17e-1,.16e-1,.17e-1,.20e-1,.19e\
-1,.17e-1,.17e-1,.18e-1,.17e-1,.17e-1,.18e-1,.18e-1,.17e-1,.18e-1,.18e-1,.18e-1
,.19e-1,.18e-1,.19e-1,.18e-1,.19e-1,.22e-1,.23e-1,.23e-1,.19e-1,.19e-1,.21e-1,.\
19e-1,.19e-1,.20e-1,.19e-1,.18e-1,.18e-1,.19e-1,.18e-1,.18e-1,.19e-1,.18e-1,.19\
e-1,.19e-1,.19e-1,.20e-1,.19e-1,.20e-1,.19e-1,.18e-1,.19e-1,.20e-1,.160,.44e-1,
.18e-1,.19e-1,.18e-1,.19e-1,.18e-1,.19e-1,.20e-1,.19e-1,.21e-1,.18e-1,.20e-1,.\
19e-1,.19e-1,.19e-1,.19e-1,.20e-1,.20e-1,.21e-1,.19e-1,.21e-1,.20e-1,.20e-1,.21\
e-1,.20e-1,.20e-1,.21e-1,.20e-1,.20e-1,.21e-1,.21e-1,.22e-1,.21e-1,.20e-1,.21e-\
1,.21e-1,.22e-1,.20e-1,.21e-1,.25e-1,.24e-1,.26e-1,.20e-1,.22e-1,.21e-1,.21e-1,
.22e-1,.160,.50e-1,.21e-1,.20e-1,.20e-1,.21e-1,.21e-1,.22e-1,.22e-1,.20e-1,.22e\
-1,.21e-1,.21e-1,.22e-1,.21e-1,.21e-1,.21e-1,.22e-1,.20e-1,.20e-1,.21e-1,.23e-1
,.22e-1,.22e-1,.21e-1,.22e-1,.21e-1,.23e-1,.22e-1,.22e-1,.23e-1,.22e-1,.23e-1,.\
22e-1,.22e-1,.23e-1,.23e-1,.23e-1,.22e-1,.22e-1,.24e-1,.23e-1,.25e-1,.23e-1,.24\
e-1,.92e-1,.26e-1,.22e-1,.26e-1,.25e-1,.23e-1,.23e-1,.26e-1,.24e-1,.23e-1,.24e-\
1,.23e-1,.23e-1,.25e-1,.23e-1,.23e-1,.25e-1,.24e-1,.26e-1,.24e-1,.25e-1,.23e-1,
.25e-1,.24e-1,.24e-1,.25e-1,.23e-1,.24e-1,.23e-1,.24e-1,.23e-1,.26e-1,.23e-1,.\
23e-1,.24e-1,.24e-1,.25e-1,.24e-1,.26e-1,.26e-1,.25e-1,.171,.79e-1,.23e-1,.23e-\
1,.24e-1,.23e-1,.24e-1,.23e-1,.25e-1,.24e-1,.24e-1,.23e-1,.23e-1,.25e-1,.24e-1,
.25e-1,.23e-1,.25e-1,.24e-1,.25e-1,.24e-1,.25e-1,.26e-1,.25e-1,.26e-1,.24e-1,.\
26e-1,.25e-1,.25e-1,.25e-1,.25e-1,.25e-1,.26e-1,.25e-1,.27e-1,.25e-1,.25e-1,.26\
e-1,.26e-1,.157,.90e-1,.26e-1,.25e-1,.26e-1,.25e-1,.25e-1,.25e-1,.27e-1,.25e-1,
.25e-1,.24e-1,.25e-1,.27e-1,.27e-1,.25e-1,.27e-1,.25e-1,.25e-1,.26e-1,.26e-1,.\
27e-1,.26e-1,.27e-1,.26e-1,.28e-1,.27e-1,.28e-1,.27e-1,.27e-1,.27e-1,.29e-1,.27\
e-1,.28e-1,.28e-1,.28e-1,.31e-1,.30e-1,.226,.29e-1,.27e-1,.27e-1,.28e-1,.27e-1,
.28e-1,.27e-1,.29e-1,.28e-1,.32e-1,.28e-1,.26e-1,.25e-1,.28e-1,.27e-1,.27e-1,.\
28e-1,.29e-1,.28e-1,.27e-1,.26e-1,.28e-1,.28e-1,.28e-1,.27e-1,.27e-1,.28e-1,.27\
e-1,.27e-1,.29e-1,.31e-1,.31e-1,.31e-1,.30e-1,.194,.78e-1,.32e-1,.37e-1,.30e-1,
.28e-1,.29e-1,.27e-1,.27e-1,.27e-1,.30e-1,.28e-1,.29e-1,.29e-1,.31e-1,.29e-1,.\
30e-1,.30e-1,.29e-1,.32e-1,.30e-1,.28e-1,.28e-1,.29e-1,.29e-1,.30e-1,.29e-1,.29\
e-1,.36e-1,.33e-1,.30e-1,.29e-1,.30e-1,.29e-1,.218,.38e-1,.27e-1,.28e-1,.30e-1,
.29e-1,.29e-1,.32e-1,.28e-1,.29e-1,.30e-1,.29e-1,.29e-1,.30e-1,.29e-1,.29e-1,.\
31e-1,.29e-1,.31e-1,.30e-1,.31e-1,.30e-1,.31e-1,.32e-1,.31e-1,.32e-1,.33e-1,.33\
e-1,.33e-1,.34e-1,.33e-1,.34e-1,.186,.84e-1,.32e-1,.30e-1,.30e-1,.30e-1,.33e-1,
.30e-1,.31e-1,.29e-1,.30e-1,.30e-1,.29e-1,.35e-1,.30e-1,.31e-1,.31e-1,.36e-1,.\
33e-1,.31e-1,.36e-1,.50e-1,.71e-1,.38e-1,.32e-1,.35e-1,.34e-1,.34e-1,.35e-1,.34\
e-1,.33e-1,.205,.197,.32e-1,.32e-1,.31e-1,.30e-1,.33e-1,.32e-1,.30e-1,.30e-1,.\
32e-1,.32e-1,.31e-1,.35e-1,.35e-1,.34e-1,.33e-1,.33e-1,.33e-1,.33e-1,.32e-1,.34\
e-1,.33e-1,.33e-1,.34e-1,.32e-1,.32e-1,.34e-1,.38e-1,.43e-1,.180,.122,.31e-1,.\
31e-1,.32e-1,.33e-1,.31e-1,.32e-1,.33e-1,.31e-1,.33e-1,.33e-1,.33e-1,.33e-1,.31\
e-1,.33e-1,.34e-1,.33e-1,.32e-1,.34e-1,.36e-1,.34e-1,.33e-1,.34e-1,.33e-1,.33e-\
1,.35e-1,.33e-1,.35e-1,.157,.123,.31e-1,.32e-1,.32e-1,.35e-1,.34e-1,.34e-1,.33e\
-1,.32e-1,.33e-1,.33e-1,.33e-1,.33e-1,.33e-1,.33e-1,.34e-1,.35e-1,.35e-1,.34e-1
,.34e-1,.34e-1,.35e-1,.35e-1,.35e-1,.35e-1,.36e-1,.36e-1,.34e-1,.247,.46e-1,.35\
e-1,.33e-1,.36e-1,.36e-1,.34e-1,.35e-1,.33e-1,.35e-1,.34e-1,.34e-1,.35e-1,.40e-\
1,.35e-1,.36e-1,.36e-1,.35e-1,.36e-1,.36e-1,.36e-1,.36e-1,.36e-1,.36e-1,.36e-1,
.35e-1,.37e-1,.208,.78e-1,.34e-1,.34e-1,.35e-1,.34e-1,.36e-1,.34e-1,.35e-1,.37e\
-1,.41e-1,.35e-1,.36e-1,.35e-1,.35e-1,.37e-1,.36e-1,.37e-1,.36e-1,.36e-1,.37e-1
,.37e-1,.36e-1,.37e-1,.37e-1,.36e-1,.155,.137,.38e-1,.36e-1,.35e-1,.35e-1,.37e-\
1,.35e-1,.37e-1,.36e-1,.38e-1,.36e-1,.36e-1,.36e-1,.37e-1,.37e-1,.37e-1,.37e-1,
.38e-1,.38e-1,.37e-1,.38e-1,.36e-1,.38e-1,.38e-1,.38e-1,.165,.134,.36e-1,.36e-1
,.37e-1,.37e-1,.37e-1,.36e-1,.37e-1,.38e-1,.36e-1,.36e-1,.38e-1,.37e-1,.39e-1,.\
38e-1,.40e-1,.40e-1,.38e-1,.37e-1,.39e-1,.39e-1,.39e-1,.39e-1,.37e-1,.173,.151,
.37e-1,.39e-1,.37e-1,.36e-1,.38e-1,.39e-1,.37e-1,.38e-1,.40e-1,.38e-1,.38e-1,.\
40e-1,.39e-1,.38e-1,.39e-1,.38e-1,.38e-1,.39e-1,.39e-1,.38e-1,.40e-1,.40e-1,.39\
e-1,.210,.102,.37e-1,.37e-1,.40e-1,.39e-1,.39e-1,.39e-1,.38e-1,.38e-1,.39e-1,.\
39e-1,.38e-1,.39e-1,.40e-1,.40e-1,.38e-1,.40e-1,.40e-1,.39e-1,.41e-1,.40e-1,.42\
e-1,.42e-1,.202,.111,.37e-1,.39e-1,.40e-1,.39e-1,.38e-1,.39e-1,.39e-1,.39e-1,.\
43e-1,.42e-1,.41e-1,.40e-1,.40e-1,.40e-1,.41e-1,.41e-1,.41e-1,.40e-1,.42e-1,.42\
e-1,.41e-1,.42e-1,.278,.40e-1,.40e-1,.41e-1,.39e-1,.40e-1,.40e-1,.39e-1,.41e-1,
.40e-1,.39e-1,.41e-1,.41e-1,.42e-1,.42e-1,.41e-1,.40e-1,.42e-1,.41e-1,.41e-1,.\
42e-1,.42e-1,.177,.164,.41e-1,.41e-1,.43e-1,.40e-1,.40e-1,.41e-1,.42e-1,.41e-1,
.40e-1,.41e-1,.41e-1,.42e-1,.43e-1,.42e-1,.43e-1,.43e-1,.42e-1,.43e-1,.43e-1,.\
42e-1,.43e-1,.263,.68e-1,.42e-1,.42e-1,.41e-1,.42e-1,.44e-1,.41e-1,.43e-1,.44e-\
1,.43e-1,.43e-1,.44e-1,.44e-1,.42e-1,.42e-1,.44e-1,.44e-1,.44e-1,.44e-1,.44e-1,
.169,.165,.42e-1,.41e-1,.45e-1,.42e-1,.41e-1,.41e-1,.43e-1,.43e-1,.42e-1,.42e-1
,.44e-1,.44e-1,.43e-1,.44e-1,.44e-1,.42e-1,.51e-1,.48e-1,.45e-1,.45e-1,.280,.85\
e-1,.41e-1,.44e-1,.44e-1,.43e-1,.43e-1,.42e-1,.43e-1,.43e-1,.43e-1,.43e-1,.44e-\
1,.45e-1,.43e-1,.44e-1,.45e-1,.46e-1,.44e-1,.45e-1,.45e-1,.247,.89e-1,.47e-1,.\
44e-1,.45e-1,.46e-1,.44e-1,.43e-1,.44e-1,.44e-1,.43e-1,.44e-1,.46e-1,.45e-1,.45\
e-1,.44e-1,.46e-1,.46e-1,.47e-1,.47e-1,.165,.174,.43e-1,.45e-1,.44e-1,.45e-1,.\
45e-1,.44e-1,.43e-1,.45e-1,.45e-1,.45e-1,.46e-1,.46e-1,.45e-1,.45e-1,.47e-1,.46\
e-1,.46e-1,.45e-1,.48e-1,.272,.72e-1,.47e-1,.47e-1,.45e-1,.45e-1,.46e-1,.45e-1,
.45e-1,.45e-1,.46e-1,.49e-1,.47e-1,.47e-1,.47e-1,.46e-1,.49e-1,.47e-1,.48e-1,.\
48e-1,.283,.64e-1,.47e-1,.46e-1,.45e-1,.45e-1,.46e-1,.47e-1,.46e-1,.45e-1,.47e-\
1,.47e-1,.47e-1,.48e-1,.47e-1,.48e-1,.47e-1,.48e-1,.47e-1,.197,.154,.46e-1,.48e\
-1,.46e-1,.48e-1,.45e-1,.46e-1,.48e-1,.48e-1,.47e-1,.47e-1,.48e-1,.48e-1,.48e-1
,.49e-1,.48e-1,.48e-1,.48e-1,.178,.184,.47e-1,.47e-1,.47e-1,.47e-1,.47e-1,.48e-\
1,.47e-1,.47e-1,.49e-1,.49e-1,.48e-1,.48e-1,.49e-1,.48e-1,.49e-1,.49e-1,.50e-1,
.174,.186,.47e-1,.48e-1,.48e-1,.49e-1,.47e-1,.47e-1,.48e-1,.48e-1,.48e-1,.49e-1
,.49e-1,.49e-1,.50e-1,.49e-1,.51e-1,.51e-1,.50e-1,.229,.128,.48e-1,.48e-1,.48e-\
1,.48e-1,.48e-1,.48e-1,.49e-1,.50e-1,.49e-1,.50e-1,.51e-1,.50e-1,.50e-1,.50e-1,
.52e-1,.51e-1,.181,.184,.49e-1,.49e-1,.49e-1,.49e-1,.49e-1,.49e-1,.48e-1,.50e-1
,.48e-1,.50e-1,.50e-1,.51e-1,.51e-1,.50e-1,.51e-1,.52e-1,.180,.196,.50e-1,.49e-\
1,.49e-1,.49e-1,.50e-1,.49e-1,.49e-1,.50e-1,.50e-1,.52e-1,.51e-1,.50e-1,.52e-1,
.53e-1,.53e-1,.52e-1,.187,.182,.51e-1,.52e-1,.53e-1,.49e-1,.53e-1,.52e-1,.53e-1
,.51e-1,.52e-1,.52e-1,.55e-1,.52e-1,.53e-1,.53e-1,.52e-1,.53e-1,.268,.111,.51e-\
1,.51e-1,.53e-1,.52e-1,.51e-1,.50e-1,.53e-1,.60e-1,.58e-1,.55e-1,.52e-1,.54e-1,
.54e-1,.53e-1,.52e-1,.205,.196,.55e-1,.53e-1,.52e-1,.51e-1,.53e-1,.52e-1,.52e-1
,.51e-1,.54e-1,.53e-1,.54e-1,.54e-1,.52e-1,.54e-1,.54e-1,.178,.207,.52e-1,.52e-\
1,.51e-1,.53e-1,.52e-1,.51e-1,.52e-1,.52e-1,.54e-1,.53e-1,.53e-1,.54e-1,.54e-1,
.54e-1,.54e-1,.202,.185,.53e-1,.52e-1,.52e-1,.51e-1,.53e-1,.54e-1,.52e-1,.53e-1
,.54e-1,.55e-1,.54e-1,.55e-1,.56e-1,.55e-1,.55e-1,.261,.136,.54e-1,.53e-1,.53e-\
1,.53e-1,.54e-1,.53e-1,.55e-1,.55e-1,.55e-1,.54e-1,.54e-1,.56e-1,.54e-1,.58e-1,
.177,.213,.53e-1,.53e-1,.53e-1,.54e-1,.53e-1,.53e-1,.55e-1,.57e-1,.55e-1,.56e-1
,.55e-1,.56e-1,.55e-1,.57e-1,.57e-1,.307,.88e-1,.54e-1,.54e-1,.52e-1,.54e-1,.54\
e-1,.55e-1,.54e-1,.56e-1,.56e-1,.55e-1,.59e-1,.58e-1,.57e-1,.57e-1,.288,.109,.\
55e-1,.56e-1,.55e-1,.54e-1,.56e-1,.58e-1,.55e-1,.56e-1,.57e-1,.56e-1,.57e-1,.57\
e-1,.57e-1,.58e-1,.314,.87e-1,.54e-1,.55e-1,.57e-1,.57e-1,.55e-1,.56e-1,.56e-1,
.57e-1,.57e-1,.56e-1,.58e-1,.58e-1,.58e-1,.188,.222,.56e-1,.58e-1,.56e-1,.55e-1
,.57e-1,.56e-1,.56e-1,.58e-1,.56e-1,.58e-1,.58e-1,.58e-1,.58e-1,.59e-1,.274,.13\
8,.55e-1,.56e-1,.57e-1,.56e-1,.56e-1,.58e-1,.58e-1,.58e-1,.58e-1,.58e-1,.59e-1,
.61e-1,.59e-1,.210,.203,.57e-1,.57e-1,.58e-1,.57e-1,.56e-1,.57e-1,.58e-1,.58e-1
,.58e-1,.58e-1,.59e-1,.59e-1,.61e-1,.184,.228,.56e-1,.57e-1,.57e-1,.58e-1,.57e-\
1,.58e-1,.59e-1,.58e-1,.60e-1,.59e-1,.61e-1,.60e-1,.61e-1,.60e-1,.240,.58e-1,.\
57e-1,.60e-1,.57e-1,.58e-1,.58e-1,.59e-1,.60e-1,.61e-1,.60e-1,.59e-1,.60e-1,.61\
e-1,.199,.225,.60e-1,.57e-1,.60e-1,.62e-1,.57e-1,.60e-1,.59e-1,.59e-1,.61e-1,.\
60e-1,.61e-1,.68e-1,.61e-1,.254,.180,.60e-1,.59e-1,.60e-1,.58e-1,.67e-1,.77e-1,
.62e-1,.61e-1,.64e-1,.64e-1,.63e-1,.64e-1,.72e-1,.340,.96e-1,.62e-1,.61e-1,.61e\
-1,.62e-1,.62e-1,.63e-1,.64e-1,.63e-1,.64e-1,.64e-1,.66e-1,.64e-1,.270,.178,.62\
e-1,.62e-1,.62e-1,.63e-1,.63e-1,.64e-1,.62e-1,.64e-1,.66e-1,.64e-1,.66e-1,.67e-\
1,.198,.241,.62e-1,.62e-1,.62e-1,.63e-1,.63e-1,.63e-1,.61e-1,.62e-1,.63e-1,.64e\
-1,.64e-1,.63e-1,.63e-1,.368,.62e-1,.60e-1,.61e-1,.61e-1,.63e-1,.60e-1,.64e-1,.\
64e-1,.63e-1,.62e-1,.64e-1,.63e-1,.64e-1,.251,.62e-1,.62e-1,.61e-1,.62e-1,.83e-\
1,.65e-1,.63e-1,.63e-1,.63e-1,.66e-1,.64e-1,.64e-1,.195,.249,.65e-1,.61e-1,.63e\
-1,.64e-1,.65e-1,.64e-1,.64e-1,.65e-1,.65e-1,.63e-1,.64e-1,.66e-1,.242,.197,.62\
e-1,.62e-1,.64e-1,.62e-1,.62e-1,.63e-1,.64e-1,.63e-1,.65e-1,.65e-1,.65e-1,.66e-\
1,.319,.126,.62e-1,.64e-1,.62e-1,.63e-1,.63e-1,.64e-1,.65e-1,.65e-1,.64e-1,.68e\
-1,.66e-1,.218,.233,.62e-1,.63e-1,.63e-1,.64e-1,.63e-1,.66e-1,.65e-1,.67e-1,.67\
e-1,.68e-1,.65e-1,.67e-1,.362,.90e-1,.63e-1,.63e-1,.63e-1,.65e-1,.64e-1,.65e-1,
.67e-1,.66e-1,.65e-1,.67e-1,.67e-1,.313,.141,.64e-1,.65e-1,.66e-1,.65e-1,.67e-1
,.66e-1,.66e-1,.67e-1,.66e-1,.67e-1,.67e-1,.284,.174,.64e-1,.64e-1,.67e-1,.65e-\
1,.65e-1,.65e-1,.67e-1,.68e-1,.67e-1,.66e-1,.68e-1,.280,.181,.66e-1,.65e-1,.65e\
-1,.64e-1,.67e-1,.67e-1,.66e-1,.80e-1,.68e-1,.68e-1,.69e-1,.289,.170,.65e-1,.65\
e-1,.65e-1,.67e-1,.66e-1,.67e-1,.66e-1,.67e-1,.69e-1,.69e-1,.70e-1,.328,.132,.\
65e-1,.66e-1,.65e-1,.67e-1,.93e-1,.74e-1,.67e-1,.68e-1,.68e-1,.70e-1,.69e-1,.39\
0,.72e-1,.66e-1,.67e-1,.67e-1,.68e-1,.67e-1,.69e-1,.68e-1,.70e-1,.68e-1,.69e-1,
.262,.204,.66e-1,.68e-1,.67e-1,.67e-1,.68e-1,.69e-1,.69e-1,.68e-1,.74e-1,.69e-1
,.71e-1,.376,.90e-1,.67e-1,.69e-1,.91e-1,.68e-1,.68e-1,.69e-1,.69e-1,.70e-1,.70\
e-1,.70e-1,.294,.177,.68e-1,.69e-1,.68e-1,.68e-1,.69e-1,.68e-1,.70e-1,.70e-1,.\
70e-1,.71e-1,.236,.244,.68e-1,.68e-1,.68e-1,.70e-1,.67e-1,.70e-1,.70e-1,.72e-1,
.69e-1,.71e-1,.189,.276,.69e-1,.68e-1,.69e-1,.69e-1,.70e-1,.69e-1,.71e-1,.70e-1
,.70e-1,.74e-1,.72e-1,.398,.87e-1,.68e-1,.70e-1,.71e-1,.68e-1,.70e-1,.70e-1,.72\
e-1,.71e-1,.72e-1,.72e-1,.380,.97e-1,.70e-1,.70e-1,.69e-1,.70e-1,.72e-1,.72e-1,
.71e-1,.73e-1,.71e-1,.72e-1,.408,.76e-1,.70e-1,.70e-1,.70e-1,.70e-1,.73e-1,.73e\
-1,.72e-1,.71e-1,.74e-1,.208,.278,.69e-1,.74e-1,.70e-1,.72e-1,.70e-1,.71e-1,.73\
e-1,.72e-1,.73e-1,.75e-1,.272,.218,.71e-1,.70e-1,.72e-1,.71e-1,.74e-1,.71e-1,.\
73e-1,.74e-1,.74e-1,.74e-1,.356,.136,.72e-1,.71e-1,.70e-1,.71e-1,.72e-1,.72e-1,
.74e-1,.73e-1,.76e-1,.218,.273,.70e-1,.72e-1,.72e-1,.71e-1,.72e-1,.74e-1,.73e-1
,.74e-1,.75e-1,.76e-1,.347,.153,.75e-1,.74e-1,.74e-1,.75e-1,.74e-1,.74e-1,.77e-\
1,.76e-1,.76e-1,.241,.255,.72e-1,.71e-1,.72e-1,.72e-1,.73e-1,.74e-1,.77e-1,.74e\
-1,.75e-1,.78e-1,.419,.91e-1,.72e-1,.72e-1,.72e-1,.76e-1,.74e-1,.74e-1,.75e-1,.\
76e-1,.75e-1,.343,.156,.75e-1,.73e-1,.74e-1,.74e-1,.74e-1,.76e-1,.75e-1,.75e-1,
.77e-1,.302,.201,.72e-1,.74e-1,.74e-1,.73e-1,.74e-1,.76e-1,.76e-1,.76e-1,.76e-1
,.287,.223,.73e-1,.73e-1,.75e-1,.74e-1,.75e-1,.75e-1,.76e-1,.76e-1,.76e-1,.284,
.226,.75e-1,.73e-1,.74e-1,.75e-1,.75e-1,.76e-1,.76e-1],[.5e-2,.7e-2,.6e-2,.6e-2
,.7e-2,.6e-2,.6e-2,.6e-2,.7e-2,.7e-2,.6e-2,.7e-2,.6e-2,.6e-2,.7e-2,.6e-2,.6e-2,
.7e-2,.7e-2,.7e-2,.7e-2,.7e-2,.6e-2,.7e-2,.12e-1,.7e-2,.6e-2,.10e-1,.7e-2,.7e-2
,.7e-2,.7e-2,.7e-2,.7e-2,.7e-2,.7e-2,.7e-2,.7e-2,.7e-2,.7e-2,.7e-2,.8e-2,.7e-2,
.7e-2,.7e-2,.7e-2,.8e-2,.8e-2,.8e-2,.8e-2,.7e-2,.8e-2,.7e-2,.8e-2,.7e-2,.7e-2,.\
8e-2,.8e-2,.7e-2,.8e-2,.9e-2,.8e-2,.8e-2,.8e-2,.7e-2,.7e-2,.8e-2,.8e-2,.9e-2,.8\
e-2,.9e-2,.8e-2,.8e-2,.8e-2,.8e-2,.9e-2,.9e-2,.8e-2,.9e-2,.8e-2,.9e-2,.9e-2,.9e\
-2,.9e-2,.9e-2,.9e-2,.9e-2,.10e-1,.9e-2,.8e-2,.9e-2,.9e-2,.9e-2,.10e-1,.9e-2,.9\
e-2,.9e-2,.9e-2,.11e-1,.9e-2,.10e-1,.9e-2,.9e-2,.9e-2,.10e-1,.9e-2,.10e-1,.10e-\
1,.10e-1,.10e-1,.10e-1,.10e-1,.10e-1,.9e-2,.10e-1,.9e-2,.9e-2,.10e-1,.10e-1,.11\
e-1,.10e-1,.11e-1,.10e-1,.10e-1,.11e-1,.10e-1,.10e-1,.10e-1,.11e-1,.10e-1,.11e-\
1,.136,.13e-1,.10e-1,.10e-1,.10e-1,.10e-1,.11e-1,.11e-1,.10e-1,.10e-1,.10e-1,.\
10e-1,.10e-1,.10e-1,.11e-1,.10e-1,.10e-1,.11e-1,.10e-1,.11e-1,.11e-1,.11e-1,.12\
e-1,.11e-1,.12e-1,.11e-1,.13e-1,.11e-1,.11e-1,.12e-1,.14e-1,.11e-1,.11e-1,.12e-\
1,.12e-1,.12e-1,.11e-1,.12e-1,.11e-1,.13e-1,.12e-1,.11e-1,.11e-1,.12e-1,.13e-1,
.11e-1,.11e-1,.12e-1,.13e-1,.12e-1,.12e-1,.13e-1,.12e-1,.12e-1,.13e-1,.13e-1,.\
12e-1,.13e-1,.12e-1,.13e-1,.14e-1,.13e-1,.14e-1,.13e-1,.13e-1,.14e-1,.13e-1,.13\
e-1,.12e-1,.12e-1,.14e-1,.13e-1,.14e-1,.14e-1,.13e-1,.13e-1,.13e-1,.14e-1,.13e-\
1,.120,.38e-1,.12e-1,.13e-1,.12e-1,.13e-1,.12e-1,.12e-1,.14e-1,.14e-1,.13e-1,.\
13e-1,.13e-1,.14e-1,.14e-1,.14e-1,.14e-1,.13e-1,.13e-1,.14e-1,.14e-1,.14e-1,.13\
e-1,.14e-1,.19e-1,.15e-1,.14e-1,.14e-1,.14e-1,.13e-1,.14e-1,.14e-1,.14e-1,.13e-\
1,.14e-1,.15e-1,.14e-1,.14e-1,.16e-1,.15e-1,.14e-1,.14e-1,.15e-1,.15e-1,.14e-1,
.14e-1,.15e-1,.15e-1,.15e-1,.15e-1,.14e-1,.14e-1,.15e-1,.15e-1,.15e-1,.15e-1,.\
15e-1,.15e-1,.15e-1,.15e-1,.15e-1,.15e-1,.16e-1,.16e-1,.15e-1,.15e-1,.16e-1,.13\
5,.46e-1,.15e-1,.14e-1,.15e-1,.16e-1,.15e-1,.16e-1,.15e-1,.16e-1,.16e-1,.15e-1,
.15e-1,.16e-1,.16e-1,.16e-1,.17e-1,.16e-1,.17e-1,.16e-1,.16e-1,.16e-1,.16e-1,.\
17e-1,.16e-1,.16e-1,.16e-1,.17e-1,.16e-1,.16e-1,.17e-1,.17e-1,.17e-1,.18e-1,.18\
e-1,.16e-1,.17e-1,.17e-1,.17e-1,.16e-1,.16e-1,.17e-1,.17e-1,.16e-1,.16e-1,.17e-\
1,.17e-1,.17e-1,.17e-1,.18e-1,.17e-1,.19e-1,.17e-1,.17e-1,.18e-1,.17e-1,.18e-1,
.17e-1,.132,.56e-1,.16e-1,.17e-1,.17e-1,.18e-1,.17e-1,.16e-1,.17e-1,.17e-1,.18e\
-1,.19e-1,.17e-1,.18e-1,.17e-1,.19e-1,.18e-1,.17e-1,.18e-1,.18e-1,.18e-1,.18e-1
,.18e-1,.18e-1,.21e-1,.20e-1,.18e-1,.19e-1,.19e-1,.18e-1,.18e-1,.19e-1,.18e-1,.\
18e-1,.20e-1,.19e-1,.19e-1,.18e-1,.19e-1,.19e-1,.20e-1,.18e-1,.20e-1,.19e-1,.19\
e-1,.19e-1,.19e-1,.21e-1,.19e-1,.19e-1,.20e-1,.21e-1,.20e-1,.164,.35e-1,.18e-1,
.20e-1,.20e-1,.18e-1,.19e-1,.20e-1,.19e-1,.19e-1,.19e-1,.20e-1,.21e-1,.22e-1,.\
20e-1,.23e-1,.20e-1,.19e-1,.21e-1,.19e-1,.21e-1,.19e-1,.19e-1,.20e-1,.22e-1,.20\
e-1,.21e-1,.20e-1,.21e-1,.20e-1,.20e-1,.22e-1,.20e-1,.20e-1,.20e-1,.21e-1,.21e-\
1,.23e-1,.20e-1,.22e-1,.21e-1,.22e-1,.21e-1,.21e-1,.22e-1,.21e-1,.21e-1,.22e-1,
.172,.40e-1,.21e-1,.20e-1,.21e-1,.21e-1,.21e-1,.22e-1,.22e-1,.23e-1,.21e-1,.21e\
-1,.22e-1,.20e-1,.20e-1,.22e-1,.21e-1,.23e-1,.21e-1,.22e-1,.22e-1,.21e-1,.23e-1
,.22e-1,.23e-1,.22e-1,.21e-1,.23e-1,.21e-1,.22e-1,.23e-1,.23e-1,.23e-1,.22e-1,.\
24e-1,.22e-1,.24e-1,.23e-1,.22e-1,.23e-1,.22e-1,.23e-1,.22e-1,.23e-1,.142,.76e-\
1,.22e-1,.21e-1,.21e-1,.22e-1,.22e-1,.24e-1,.22e-1,.24e-1,.24e-1,.23e-1,.24e-1,
.23e-1,.23e-1,.22e-1,.23e-1,.23e-1,.22e-1,.23e-1,.24e-1,.23e-1,.24e-1,.23e-1,.\
24e-1,.23e-1,.23e-1,.23e-1,.24e-1,.23e-1,.23e-1,.24e-1,.24e-1,.25e-1,.23e-1,.23\
e-1,.25e-1,.24e-1,.24e-1,.23e-1,.26e-1,.26e-1,.179,.44e-1,.28e-1,.32e-1,.37e-1,
.24e-1,.24e-1,.24e-1,.25e-1,.24e-1,.25e-1,.24e-1,.25e-1,.24e-1,.23e-1,.25e-1,.\
24e-1,.25e-1,.24e-1,.25e-1,.24e-1,.24e-1,.26e-1,.24e-1,.25e-1,.24e-1,.26e-1,.25\
e-1,.26e-1,.25e-1,.29e-1,.27e-1,.25e-1,.26e-1,.26e-1,.26e-1,.27e-1,.25e-1,.25e-\
1,.175,.53e-1,.26e-1,.24e-1,.26e-1,.25e-1,.26e-1,.25e-1,.26e-1,.24e-1,.25e-1,.\
26e-1,.25e-1,.25e-1,.25e-1,.26e-1,.27e-1,.26e-1,.25e-1,.26e-1,.26e-1,.27e-1,.26\
e-1,.27e-1,.26e-1,.27e-1,.26e-1,.27e-1,.28e-1,.27e-1,.26e-1,.27e-1,.26e-1,.28e-\
1,.27e-1,.27e-1,.28e-1,.170,.68e-1,.26e-1,.27e-1,.26e-1,.27e-1,.26e-1,.28e-1,.\
27e-1,.26e-1,.26e-1,.27e-1,.26e-1,.28e-1,.27e-1,.27e-1,.26e-1,.28e-1,.28e-1,.28\
e-1,.26e-1,.27e-1,.27e-1,.28e-1,.27e-1,.29e-1,.28e-1,.28e-1,.28e-1,.29e-1,.27e-\
1,.29e-1,.28e-1,.29e-1,.29e-1,.152,.100,.27e-1,.28e-1,.27e-1,.28e-1,.28e-1,.28e\
-1,.28e-1,.28e-1,.28e-1,.29e-1,.29e-1,.29e-1,.28e-1,.29e-1,.28e-1,.28e-1,.28e-1
,.29e-1,.29e-1,.28e-1,.29e-1,.28e-1,.29e-1,.29e-1,.30e-1,.29e-1,.30e-1,.29e-1,.\
30e-1,.30e-1,.31e-1,.30e-1,.171,.81e-1,.28e-1,.29e-1,.28e-1,.29e-1,.30e-1,.30e-\
1,.30e-1,.29e-1,.28e-1,.30e-1,.29e-1,.29e-1,.30e-1,.29e-1,.31e-1,.30e-1,.29e-1,
.29e-1,.31e-1,.29e-1,.31e-1,.31e-1,.29e-1,.31e-1,.29e-1,.31e-1,.31e-1,.31e-1,.\
30e-1,.30e-1,.147,.110,.29e-1,.30e-1,.30e-1,.30e-1,.31e-1,.31e-1,.30e-1,.30e-1,
.30e-1,.31e-1,.29e-1,.30e-1,.30e-1,.30e-1,.30e-1,.31e-1,.32e-1,.31e-1,.31e-1,.\
32e-1,.30e-1,.30e-1,.32e-1,.32e-1,.32e-1,.32e-1,.32e-1,.31e-1,.31e-1,.33e-1,.23\
7,.37e-1,.30e-1,.31e-1,.31e-1,.31e-1,.31e-1,.31e-1,.32e-1,.30e-1,.31e-1,.31e-1,
.31e-1,.31e-1,.32e-1,.32e-1,.31e-1,.33e-1,.32e-1,.33e-1,.31e-1,.33e-1,.33e-1,.\
32e-1,.33e-1,.32e-1,.33e-1,.33e-1,.33e-1,.34e-1,.229,.42e-1,.31e-1,.32e-1,.31e-\
1,.33e-1,.31e-1,.33e-1,.32e-1,.32e-1,.32e-1,.32e-1,.32e-1,.31e-1,.33e-1,.33e-1,
.32e-1,.34e-1,.34e-1,.32e-1,.32e-1,.41e-1,.35e-1,.35e-1,.34e-1,.35e-1,.34e-1,.\
33e-1,.35e-1,.229,.55e-1,.34e-1,.33e-1,.35e-1,.34e-1,.34e-1,.32e-1,.34e-1,.32e-\
1,.34e-1,.33e-1,.35e-1,.35e-1,.33e-1,.34e-1,.34e-1,.35e-1,.35e-1,.33e-1,.35e-1,
.36e-1,.34e-1,.35e-1,.35e-1,.35e-1,.36e-1,.36e-1,.203,.83e-1,.33e-1,.34e-1,.33e\
-1,.35e-1,.33e-1,.34e-1,.33e-1,.34e-1,.35e-1,.34e-1,.37e-1,.35e-1,.34e-1,.36e-1
,.36e-1,.34e-1,.35e-1,.35e-1,.36e-1,.36e-1,.36e-1,.35e-1,.37e-1,.36e-1,.36e-1,.\
172,.121,.44e-1,.35e-1,.35e-1,.35e-1,.52e-1,.39e-1,.35e-1,.36e-1,.35e-1,.35e-1,
.35e-1,.34e-1,.37e-1,.36e-1,.36e-1,.36e-1,.36e-1,.40e-1,.62e-1,.43e-1,.37e-1,.\
36e-1,.37e-1,.37e-1,.38e-1,.231,.73e-1,.36e-1,.35e-1,.36e-1,.35e-1,.36e-1,.36e-\
1,.35e-1,.36e-1,.35e-1,.36e-1,.37e-1,.37e-1,.37e-1,.37e-1,.36e-1,.38e-1,.38e-1,
.37e-1,.36e-1,.38e-1,.37e-1,.38e-1,.38e-1,.37e-1,.255,.54e-1,.36e-1,.39e-1,.38e\
-1,.38e-1,.37e-1,.37e-1,.36e-1,.37e-1,.38e-1,.36e-1,.38e-1,.38e-1,.37e-1,.38e-1
,.38e-1,.37e-1,.39e-1,.38e-1,.38e-1,.38e-1,.41e-1,.40e-1,.38e-1,.210,.97e-1,.37\
e-1,.38e-1,.39e-1,.37e-1,.38e-1,.38e-1,.36e-1,.38e-1,.37e-1,.39e-1,.38e-1,.38e-\
1,.38e-1,.39e-1,.38e-1,.39e-1,.41e-1,.40e-1,.39e-1,.40e-1,.41e-1,.41e-1,.45e-1,
.264,.44e-1,.38e-1,.39e-1,.38e-1,.37e-1,.38e-1,.39e-1,.38e-1,.38e-1,.39e-1,.39e\
-1,.39e-1,.41e-1,.41e-1,.40e-1,.39e-1,.40e-1,.41e-1,.40e-1,.40e-1,.40e-1,.39e-1
,.42e-1,.259,.54e-1,.37e-1,.39e-1,.40e-1,.38e-1,.39e-1,.40e-1,.39e-1,.41e-1,.42\
e-1,.41e-1,.41e-1,.41e-1,.39e-1,.41e-1,.41e-1,.41e-1,.41e-1,.42e-1,.41e-1,.41e-\
1,.42e-1,.205,.121,.39e-1,.47e-1,.42e-1,.40e-1,.42e-1,.40e-1,.41e-1,.39e-1,.41e\
-1,.39e-1,.41e-1,.42e-1,.42e-1,.41e-1,.40e-1,.42e-1,.42e-1,.42e-1,.42e-1,.42e-1
,.42e-1,.208,.109,.40e-1,.40e-1,.39e-1,.41e-1,.41e-1,.40e-1,.41e-1,.41e-1,.41e-\
1,.41e-1,.42e-1,.42e-1,.42e-1,.42e-1,.42e-1,.43e-1,.44e-1,.43e-1,.42e-1,.44e-1,
.174,.155,.41e-1,.40e-1,.43e-1,.42e-1,.41e-1,.41e-1,.42e-1,.42e-1,.42e-1,.41e-1
,.42e-1,.43e-1,.43e-1,.42e-1,.43e-1,.44e-1,.44e-1,.43e-1,.44e-1,.45e-1,.196,.13\
1,.41e-1,.42e-1,.42e-1,.43e-1,.41e-1,.41e-1,.43e-1,.43e-1,.42e-1,.43e-1,.44e-1,
.43e-1,.44e-1,.44e-1,.45e-1,.44e-1,.47e-1,.46e-1,.44e-1,.46e-1,.286,.45e-1,.44e\
-1,.43e-1,.43e-1,.44e-1,.43e-1,.43e-1,.44e-1,.43e-1,.42e-1,.44e-1,.45e-1,.45e-1
,.44e-1,.45e-1,.44e-1,.46e-1,.45e-1,.46e-1,.46e-1,.179,.42e-1,.44e-1,.45e-1,.43\
e-1,.43e-1,.43e-1,.44e-1,.45e-1,.44e-1,.45e-1,.46e-1,.46e-1,.45e-1,.44e-1,.45e-\
1,.45e-1,.46e-1,.46e-1,.46e-1,.196,.142,.43e-1,.45e-1,.44e-1,.43e-1,.46e-1,.69e\
-1,.51e-1,.44e-1,.45e-1,.46e-1,.46e-1,.46e-1,.45e-1,.46e-1,.52e-1,.59e-1,.48e-1
,.47e-1,.169,.174,.45e-1,.45e-1,.45e-1,.47e-1,.44e-1,.44e-1,.46e-1,.45e-1,.45e-\
1,.47e-1,.46e-1,.46e-1,.47e-1,.48e-1,.46e-1,.47e-1,.48e-1,.48e-1,.179,.167,.45e\
-1,.44e-1,.46e-1,.46e-1,.45e-1,.45e-1,.47e-1,.46e-1,.46e-1,.47e-1,.48e-1,.48e-1
,.47e-1,.47e-1,.49e-1,.48e-1,.49e-1,.48e-1,.245,.109,.48e-1,.46e-1,.46e-1,.47e-\
1,.47e-1,.46e-1,.46e-1,.46e-1,.48e-1,.48e-1,.48e-1,.48e-1,.47e-1,.48e-1,.49e-1,
.48e-1,.51e-1,.200,.161,.47e-1,.47e-1,.47e-1,.47e-1,.46e-1,.47e-1,.47e-1,.48e-1
,.49e-1,.49e-1,.48e-1,.48e-1,.49e-1,.51e-1,.50e-1,.50e-1,.50e-1,.203,.155,.48e-\
1,.47e-1,.47e-1,.47e-1,.46e-1,.48e-1,.48e-1,.48e-1,.49e-1,.48e-1,.49e-1,.50e-1,
.50e-1,.49e-1,.49e-1,.50e-1,.52e-1,.266,.98e-1,.48e-1,.48e-1,.48e-1,.48e-1,.47e\
-1,.48e-1,.50e-1,.50e-1,.50e-1,.50e-1,.51e-1,.50e-1,.50e-1,.50e-1,.51e-1,.52e-1
,.210,.159,.50e-1,.49e-1,.49e-1,.50e-1,.50e-1,.49e-1,.50e-1,.49e-1,.49e-1,.51e-\
1,.52e-1,.50e-1,.51e-1,.52e-1,.51e-1,.52e-1,.194,.185,.53e-1,.50e-1,.52e-1,.51e\
-1,.50e-1,.50e-1,.48e-1,.51e-1,.52e-1,.52e-1,.52e-1,.50e-1,.51e-1,.52e-1,.52e-1
,.52e-1,.220,.157,.50e-1,.51e-1,.51e-1,.49e-1,.50e-1,.50e-1,.52e-1,.52e-1,.50e-\
1,.52e-1,.51e-1,.53e-1,.53e-1,.51e-1,.53e-1,.52e-1,.301,.87e-1,.49e-1,.50e-1,.\
51e-1,.51e-1,.51e-1,.51e-1,.51e-1,.52e-1,.52e-1,.54e-1,.51e-1,.54e-1,.53e-1,.55\
e-1,.54e-1,.228,.154,.52e-1,.52e-1,.51e-1,.52e-1,.51e-1,.51e-1,.52e-1,.52e-1,.\
53e-1,.53e-1,.53e-1,.56e-1,.56e-1,.54e-1,.54e-1,.207,.175,.54e-1,.50e-1,.53e-1,
.65e-1,.52e-1,.54e-1,.52e-1,.53e-1,.56e-1,.54e-1,.54e-1,.54e-1,.54e-1,.57e-1,.\
56e-1,.230,.165,.55e-1,.52e-1,.53e-1,.51e-1,.53e-1,.55e-1,.55e-1,.54e-1,.53e-1,
.54e-1,.54e-1,.55e-1,.55e-1,.55e-1,.55e-1,.285,.107,.54e-1,.52e-1,.53e-1,.54e-1
,.53e-1,.53e-1,.54e-1,.56e-1,.55e-1,.53e-1,.56e-1,.57e-1,.56e-1,.56e-1,.201,.19\
9,.55e-1,.56e-1,.54e-1,.55e-1,.55e-1,.54e-1,.55e-1,.55e-1,.55e-1,.61e-1,.59e-1,
.55e-1,.56e-1,.57e-1,.56e-1,.330,.68e-1,.64e-1,.54e-1,.54e-1,.55e-1,.71e-1,.65e\
-1,.56e-1,.56e-1,.56e-1,.56e-1,.55e-1,.57e-1,.57e-1,.56e-1,.324,.86e-1,.54e-1,.\
55e-1,.55e-1,.55e-1,.56e-1,.56e-1,.55e-1,.56e-1,.57e-1,.56e-1,.59e-1,.57e-1,.57\
e-1,.69e-1,.356,.74e-1,.56e-1,.55e-1,.57e-1,.54e-1,.55e-1,.56e-1,.58e-1,.60e-1,
.58e-1,.58e-1,.56e-1,.59e-1,.58e-1,.197,.211,.57e-1,.56e-1,.54e-1,.59e-1,.57e-1
,.57e-1,.55e-1,.58e-1,.57e-1,.58e-1,.58e-1,.58e-1,.59e-1,.58e-1,.276,.131,.57e-\
1,.57e-1,.61e-1,.58e-1,.57e-1,.56e-1,.58e-1,.57e-1,.57e-1,.59e-1,.59e-1,.58e-1,
.59e-1,.212,.202,.59e-1,.59e-1,.57e-1,.59e-1,.58e-1,.61e-1,.59e-1,.62e-1,.60e-1
,.62e-1,.75e-1,.85e-1,.86e-1,.65e-1,.264,.93e-1,.80e-1,.64e-1,.62e-1,.64e-1,.65\
e-1,.64e-1,.65e-1,.64e-1,.64e-1,.65e-1,.65e-1,.63e-1,.62e-1,.396,.80e-1,.59e-1,
.59e-1,.60e-1,.60e-1,.57e-1,.60e-1,.61e-1,.63e-1,.59e-1,.62e-1,.60e-1,.61e-1,.1\
79,.236,.59e-1,.71e-1,.86e-1,.63e-1,.59e-1,.60e-1,.59e-1,.60e-1,.70e-1,.72e-1,.\
60e-1,.61e-1,.61e-1,.227,.202,.60e-1,.60e-1,.58e-1,.59e-1,.59e-1,.59e-1,.60e-1,
.61e-1,.60e-1,.61e-1,.62e-1,.63e-1,.62e-1,.306,.119,.59e-1,.58e-1,.60e-1,.60e-1
,.61e-1,.60e-1,.61e-1,.62e-1,.61e-1,.62e-1,.62e-1,.62e-1,.216,.213,.59e-1,.59e-\
1,.61e-1,.60e-1,.59e-1,.61e-1,.61e-1,.61e-1,.61e-1,.63e-1,.66e-1,.63e-1,.64e-1,
.371,.72e-1,.62e-1,.59e-1,.62e-1,.61e-1,.61e-1,.61e-1,.63e-1,.64e-1,.63e-1,.64e\
-1,.65e-1,.64e-1,.329,.105,.60e-1,.61e-1,.61e-1,.61e-1,.62e-1,.66e-1,.63e-1,.62\
e-1,.63e-1,.64e-1,.66e-1,.65e-1,.333,.110,.60e-1,.61e-1,.63e-1,.66e-1,.61e-1,.\
64e-1,.63e-1,.64e-1,.63e-1,.64e-1,.75e-1,.65e-1,.359,.81e-1,.61e-1,.62e-1,.61e-\
1,.62e-1,.63e-1,.63e-1,.63e-1,.65e-1,.64e-1,.64e-1,.65e-1,.203,.241,.63e-1,.63e\
-1,.63e-1,.63e-1,.62e-1,.63e-1,.63e-1,.64e-1,.65e-1,.64e-1,.65e-1,.67e-1,.283,.\
159,.62e-1,.63e-1,.64e-1,.63e-1,.63e-1,.63e-1,.80e-1,.66e-1,.65e-1,.66e-1,.67e-\
1,.194,.256,.65e-1,.63e-1,.64e-1,.63e-1,.63e-1,.64e-1,.65e-1,.66e-1,.66e-1,.67e\
-1,.67e-1,.66e-1,.315,.133,.64e-1,.64e-1,.79e-1,.64e-1,.63e-1,.65e-1,.66e-1,.65\
e-1,.67e-1,.67e-1,.66e-1,.268,.190,.63e-1,.64e-1,.64e-1,.64e-1,.66e-1,.64e-1,.\
66e-1,.67e-1,.68e-1,.65e-1,.68e-1,.236,.218,.64e-1,.66e-1,.65e-1,.65e-1,.66e-1,
.66e-1,.67e-1,.67e-1,.66e-1,.68e-1,.68e-1,.234,.223,.64e-1,.66e-1,.64e-1,.66e-1
,.66e-1,.67e-1,.67e-1,.68e-1,.68e-1,.67e-1,.68e-1,.260,.211,.66e-1,.65e-1,.66e-\
1,.64e-1,.67e-1,.67e-1,.67e-1,.68e-1,.69e-1,.68e-1,.68e-1,.312,.164,.66e-1,.66e\
-1,.71e-1,.68e-1,.68e-1,.67e-1,.68e-1,.70e-1,.69e-1,.69e-1,.70e-1,.365,.98e-1,.\
66e-1,.67e-1,.67e-1,.67e-1,.68e-1,.69e-1,.69e-1,.69e-1,.69e-1,.70e-1,.234,.235,
.67e-1,.67e-1,.66e-1,.67e-1,.69e-1,.68e-1,.70e-1,.68e-1,.72e-1,.69e-1,.71e-1,.3\
59,.110,.66e-1,.67e-1,.70e-1,.66e-1,.70e-1,.68e-1,.69e-1,.70e-1,.71e-1,.71e-1,.\
284,.192,.68e-1,.69e-1,.68e-1,.68e-1,.70e-1,.68e-1,.70e-1,.70e-1,.70e-1,.70e-1,
.229,.244,.67e-1,.69e-1,.68e-1,.68e-1,.69e-1,.70e-1,.71e-1,.70e-1,.71e-1,.72e-1
,.200,.282,.70e-1,.68e-1,.68e-1,.70e-1,.69e-1,.69e-1,.70e-1,.72e-1,.71e-1,.71e-\
1,.73e-1,.290,.70e-1,.69e-1,.69e-1,.68e-1,.70e-1,.71e-1,.71e-1,.72e-1,.70e-1,.\
76e-1,.72e-1,.408,.72e-1,.69e-1,.69e-1,.71e-1,.69e-1,.70e-1,.72e-1,.73e-1,.72e-\
1,.73e-1,.205,.289,.68e-1,.70e-1,.71e-1,.71e-1,.71e-1,.73e-1,.72e-1,.73e-1,.73e\
-1,.74e-1,.244,.238,.70e-1,.70e-1,.71e-1,.72e-1,.71e-1,.71e-1,.73e-1,.72e-1,.72\
e-1,.73e-1,.314,.169,.71e-1,.70e-1,.73e-1,.73e-1,.71e-1,.72e-1,.73e-1,.72e-1,.\
74e-1,.74e-1,.411,.77e-1,.70e-1,.72e-1,.71e-1,.72e-1,.72e-1,.74e-1,.73e-1,.73e-\
1,.75e-1,.274,.222,.73e-1,.84e-1,.71e-1,.72e-1,.72e-1,.73e-1,.74e-1,.73e-1,.75e\
-1,.74e-1,.390,.106,.71e-1,.72e-1,.72e-1,.72e-1,.73e-1,.73e-1,.75e-1,.76e-1,.74\
e-1,.295,.204,.72e-1,.72e-1,.73e-1,.75e-1,.72e-1,.74e-1,.75e-1,.74e-1,.75e-1,.2\
13,.285,.72e-1,.74e-1,.73e-1,.73e-1,.75e-1,.74e-1,.75e-1,.76e-1,.77e-1,.75e-1,.\
401,.97e-1,.73e-1,.74e-1,.74e-1,.74e-1,.74e-1,.75e-1,.76e-1,.75e-1,.78e-1,.362,
.143,.77e-1,.74e-1,.74e-1,.76e-1,.76e-1,.75e-1,.76e-1,.77e-1,.77e-1,.330,.173,.\
73e-1,.74e-1,.74e-1,.75e-1,.74e-1,.77e-1,.76e-1,.76e-1,.76e-1,.329,.185,.75e-1,
.74e-1,.74e-1,.76e-1,.75e-1]]);
