TIMES2 := Matrix(5, 2001, [[.1e-2,.1e-2,.2e-2,.1e-2,.1e-2,.1e-2,.1e-2,.2e-2,.1e\
-2,.1e-2,.2e-2,.3e-2,.1e-2,.3e-2,.3e-2,.2e-2,.4e-2,.3e-2,.4e-2,.2e-2,.2e-2,.1e-\
2,.2e-2,.1e-2,.1e-2,.1e-2,.1e-2,.1e-2,.1e-2,.1e-2,.1e-2,.1e-2,.1e-2,.2e-2,.1e-2
,.2e-2,.1e-2,.1e-2,.1e-2,.1e-2,.2e-2,.1e-2,.1e-2,.1e-2,.1e-2,.1e-2,.1e-2,.1e-2,
.1e-2,.1e-2,.1e-2,.1e-2,.1e-2,.1e-2,.1e-2,.1e-2,.1e-2,.1e-2,.1e-2,.1e-2,.1e-2,.\
2e-2,.1e-2,.2e-2,.1e-2,.2e-2,.1e-2,.2e-2,.1e-2,.1e-2,.1e-2,.1e-2,.1e-2,.1e-2,.1\
e-2,.2e-2,.1e-2,.2e-2,.2e-2,.1e-2,.1e-2,.1e-2,.1e-2,.1e-2,.1e-2,.1e-2,.2e-2,.1e\
-2,.1e-2,.1e-2,.1e-2,.1e-2,.2e-2,.1e-2,.2e-2,.1e-2,.2e-2,.1e-2,.1e-2,.3e-2,.2e-\
2,.1e-2,.2e-2,.1e-2,.2e-2,.1e-2,.1e-2,.2e-2,.3e-2,.2e-2,.1e-2,.1e-2,.1e-2,.2e-2
,.1e-2,.2e-2,.2e-2,.1e-2,.2e-2,.1e-2,.2e-2,.1e-2,.2e-2,.2e-2,.1e-2,.2e-2,.1e-2,
.1e-2,.1e-2,.1e-2,.2e-2,.2e-2,.2e-2,.1e-2,.2e-2,.2e-2,.1e-2,.1e-2,.1e-2,.1e-2,.\
2e-2,.1e-2,.1e-2,.1e-2,.1e-2,.1e-2,.2e-2,.1e-2,.1e-2,.1e-2,.2e-2,.2e-2,.1e-2,.1\
e-2,.2e-2,.1e-2,.1e-2,.1e-2,.2e-2,.2e-2,.1e-2,.2e-2,.2e-2,.1e-2,.1e-2,.1e-2,.2e\
-2,.2e-2,.1e-2,.1e-2,.1e-2,.1e-2,.2e-2,.3e-2,.2e-2,.4e-2,.2e-2,.2e-2,.2e-2,.2e-\
2,.2e-2,.1e-2,.2e-2,.2e-2,.1e-2,.2e-2,.2e-2,.1e-2,.2e-2,.1e-2,.1e-2,.1e-2,.1e-2
,.1e-2,.2e-2,.1e-2,.2e-2,.2e-2,.2e-2,.2e-2,.1e-2,.1e-2,.1e-2,.2e-2,.2e-2,.1e-2,
.1e-2,.1e-2,.1e-2,.1e-2,.1e-2,.1e-2,.1e-2,.2e-2,.1e-2,.1e-2,.5e-2,.2e-2,.2e-2,.\
2e-2,.3e-2,.1e-2,.1e-2,.1e-2,.1e-2,.1e-2,.1e-2,.1e-2,.2e-2,.1e-2,.1e-2,.2e-2,.2\
e-2,.1e-2,.1e-2,.1e-2,.1e-2,.2e-2,.1e-2,.2e-2,.1e-2,.2e-2,.1e-2,.1e-2,.1e-2,.1e\
-2,.2e-2,.2e-2,.1e-2,.1e-2,.2e-2,.1e-2,.1e-2,.2e-2,.1e-2,.2e-2,.1e-2,.1e-2,.1e-\
2,.1e-2,.1e-2,.1e-2,.1e-2,.1e-2,.1e-2,.2e-2,.2e-2,.2e-2,.2e-2,.2e-2,.1e-2,.2e-2
,.1e-2,.1e-2,.1e-2,.1e-2,.2e-2,.2e-2,.101,.1e-2,.2e-2,.1e-2,.2e-2,.1e-2,.1e-2,.\
1e-2,.2e-2,.1e-2,.1e-2,.2e-2,.2e-2,.2e-2,.1e-2,.1e-2,.1e-2,.1e-2,.2e-2,.1e-2,.1\
e-2,.1e-2,.1e-2,.1e-2,.1e-2,.1e-2,.1e-2,.1e-2,.2e-2,.1e-2,.1e-2,.1e-2,.2e-2,.2e\
-2,.2e-2,.1e-2,.1e-2,.1e-2,.1e-2,.1e-2,.2e-2,.1e-2,.1e-2,.1e-2,.1e-2,.1e-2,.2e-\
2,.2e-2,.1e-2,.2e-2,.2e-2,.1e-2,.1e-2,.1e-2,.1e-2,.2e-2,.1e-2,.1e-2,.1e-2,.1e-2
,.1e-2,.1e-2,.2e-2,.1e-2,.1e-2,.1e-2,.1e-2,.1e-2,.2e-2,.1e-2,.2e-2,.1e-2,.2e-2,
.1e-2,.2e-2,.1e-2,.1e-2,.1e-2,.2e-2,.2e-2,.2e-2,.1e-2,.1e-2,.1e-2,.2e-2,.2e-2,.\
2e-2,.1e-2,.2e-2,.2e-2,.2e-2,.1e-2,.1e-2,.2e-2,.1e-2,.2e-2,.1e-2,.1e-2,.2e-2,.1\
e-2,.1e-2,.1e-2,.1e-2,.1e-2,.1e-2,.2e-2,.1e-2,.2e-2,.2e-2,.2e-2,.1e-2,.2e-2,.1e\
-2,.1e-2,.1e-2,.1e-2,.1e-2,.1e-2,.1e-2,.1e-2,.2e-2,.2e-2,.1e-2,.1e-2,.1e-2,.2e-\
2,.2e-2,.2e-2,.2e-2,.1e-2,.2e-2,.2e-2,.1e-2,.1e-2,.2e-2,.2e-2,.1e-2,.2e-2,.2e-2
,.1e-2,.1e-2,.2e-2,.1e-2,.1e-2,.2e-2,.2e-2,.2e-2,.1e-2,.1e-2,.1e-2,.1e-2,.1e-2,
.2e-2,.1e-2,.1e-2,.1e-2,.1e-2,.2e-2,.1e-2,.1e-2,.1e-2,.2e-2,.1e-2,.1e-2,.1e-2,.\
1e-2,.2e-2,.2e-2,.1e-2,.1e-2,.2e-2,.1e-2,.1e-2,.1e-2,.1e-2,.2e-2,.2e-2,.2e-2,.1\
e-2,.2e-2,.1e-2,.1e-2,.2e-2,.2e-2,.2e-2,.1e-2,.1e-2,.1e-2,.1e-2,.1e-2,.2e-2,.1e\
-2,.2e-2,.1e-2,.1e-2,.1e-2,.2e-2,.2e-2,.2e-2,.2e-2,.2e-2,.1e-2,.1e-2,.2e-2,.3e-\
2,.1e-2,.1e-2,.1e-2,.1e-2,.1e-2,.1e-2,.2e-2,.1e-2,.2e-2,.2e-2,.2e-2,.1e-2,.1e-2
,.1e-2,.1e-2,.1e-2,.1e-2,.1e-2,.1e-2,.1e-2,.1e-2,.1e-2,.2e-2,.1e-2,.2e-2,.1e-2,
.1e-2,.1e-2,.1e-2,.2e-2,.2e-2,.2e-2,.1e-2,.2e-2,.1e-2,.1e-2,.2e-2,.2e-2,.1e-2,.\
1e-2,.1e-2,.1e-2,.1e-2,.1e-2,.1e-2,.1e-2,.2e-2,.1e-2,.1e-2,.1e-2,.2e-2,.1e-2,.1\
e-2,.1e-2,.2e-2,.2e-2,.2e-2,.1e-2,.1e-2,.1e-2,.1e-2,.1e-2,.2e-2,.2e-2,.2e-2,.2e\
-2,.1e-2,.1e-2,.1e-2,.2e-2,.2e-2,.2e-2,.1e-2,.1e-2,.2e-2,.2e-2,.2e-2,.2e-2,.2e-\
2,.1e-2,.2e-2,.1e-2,.2e-2,.1e-2,.1e-2,.1e-2,.2e-2,.2e-2,.1e-2,.1e-2,.1e-2,.1e-2
,.1e-2,.2e-2,.1e-2,.2e-2,.1e-2,.2e-2,.1e-2,.2e-2,.2e-2,.3e-2,.3e-2,.3e-2,.3e-2,
.1e-2,.2e-2,.2e-2,.1e-2,.2e-2,.3e-2,.2e-2,.1e-2,.1e-2,.2e-2,.2e-2,.2e-2,.1e-2,.\
1e-2,.1e-2,.2e-2,.1e-2,.2e-2,.1e-2,.1e-2,.1e-2,.1e-2,.2e-2,.1e-2,.1e-2,.1e-2,.1\
e-2,.2e-2,.1e-2,.2e-2,.2e-2,.1e-2,.2e-2,.2e-2,.2e-2,.2e-2,.1e-2,.1e-2,.1e-2,.1e\
-2,.1e-2,.2e-2,.1e-2,.1e-2,.1e-2,.1e-2,.2e-2,.2e-2,.1e-2,.2e-2,.2e-2,.1e-2,.2e-\
2,.2e-2,.2e-2,.2e-2,.1e-2,.1e-2,.1e-2,.1e-2,.2e-2,.1e-2,.1e-2,.2e-2,.1e-2,.2e-2
,.2e-2,.1e-2,.2e-2,.1e-2,.1e-2,.1e-2,.1e-2,.1e-2,.1e-2,.1e-2,.1e-2,.1e-2,.1e-2,
.2e-2,.1e-2,.1e-2,.2e-2,.1e-2,.1e-2,.1e-2,.1e-2,.1e-2,.2e-2,.1e-2,.2e-2,.1e-2,.\
1e-2,.2e-2,.1e-2,.1e-2,.2e-2,.1e-2,.1e-2,.1e-2,.2e-2,.2e-2,.1e-2,.2e-2,.2e-2,.1\
e-2,.1e-2,.2e-2,.2e-2,.2e-2,.1e-2,.2e-2,.2e-2,.1e-2,.2e-2,.1e-2,.2e-2,.1e-2,.1e\
-2,.1e-2,.1e-2,.1e-2,.1e-2,.1e-2,.1e-2,.1e-2,.2e-2,.1e-2,.1e-2,.1e-2,.1e-2,.2e-\
2,.1e-2,.1e-2,.1e-2,.1e-2,.1e-2,.2e-2,.1e-2,.2e-2,.2e-2,.1e-2,.1e-2,.1e-2,.2e-2
,.1e-2,.1e-2,.1e-2,.2e-2,.2e-2,.1e-2,.1e-2,.1e-2,.1e-2,.1e-2,.1e-2,.2e-2,.2e-2,
.1e-2,.2e-2,.2e-2,.1e-2,.2e-2,.1e-2,.1e-2,.2e-2,.2e-2,.1e-2,.2e-2,.1e-2,.1e-2,.\
1e-2,.1e-2,.1e-2,.1e-2,.1e-2,.2e-2,.1e-2,.2e-2,.1e-2,.2e-2,.1e-2,.1e-2,.2e-2,.1\
e-2,.1e-2,.2e-2,.1e-2,.1e-2,.1e-2,.2e-2,.2e-2,.1e-2,.1e-2,.1e-2,.1e-2,.2e-2,.2e\
-2,.2e-2,.1e-2,.2e-2,.1e-2,.1e-2,.2e-2,.1e-2,.1e-2,.1e-2,.1e-2,.1e-2,.1e-2,.2e-\
2,.2e-2,.2e-2,.2e-2,.2e-2,.2e-2,.2e-2,.1e-2,.1e-2,.1e-2,.2e-2,.1e-2,.1e-2,.1e-2
,.1e-2,.1e-2,.2e-2,.1e-2,.1e-2,.1e-2,.2e-2,.2e-2,.1e-2,.2e-2,.1e-2,.2e-2,.1e-2,
.1e-2,.1e-2,.1e-2,.1e-2,.1e-2,.1e-2,.1e-2,.1e-2,.1e-2,.1e-2,.1e-2,.2e-2,.2e-2,.\
2e-2,.1e-2,.1e-2,.2e-2,.2e-2,.1e-2,.1e-2,.2e-2,.1e-2,.1e-2,.2e-2,.1e-2,.2e-2,.2\
e-2,.1e-2,.2e-2,.1e-2,.2e-2,.1e-2,.1e-2,.1e-2,.2e-2,.2e-2,.1e-2,.2e-2,.1e-2,.2e\
-2,.2e-2,.1e-2,.1e-2,.1e-2,.1e-2,.1e-2,.2e-2,.2e-2,.1e-2,.1e-2,.1e-2,.1e-2,.1e-\
2,.2e-2,.1e-2,.1e-2,.1e-2,.1e-2,.1e-2,.2e-2,.1e-2,.2e-2,.1e-2,.2e-2,.1e-2,.1e-2
,.1e-2,.2e-2,.1e-2,.1e-2,.1e-2,.1e-2,.2e-2,.2e-2,.1e-2,.1e-2,.1e-2,.1e-2,.1e-2,
.2e-2,.1e-2,.1e-2,.2e-2,.2e-2,.2e-2,.1e-2,.2e-2,.1e-2,.1e-2,.2e-2,.1e-2,.1e-2,.\
1e-2,.1e-2,.1e-2,.1e-2,.1e-2,.1e-2,.1e-2,.1e-2,.1e-2,.6e-2,.1e-2,.1e-2,.1e-2,.1\
e-2,.2e-2,.1e-2,.1e-2,.1e-2,.1e-2,.1e-2,.2e-2,.2e-2,.1e-2,.1e-2,.2e-2,.1e-2,.2e\
-2,.2e-2,.2e-2,.1e-2,.1e-2,.2e-2,.1e-2,.1e-2,.2e-2,.1e-2,.2e-2,.2e-2,.1e-2,.2e-\
2,.2e-2,.1e-2,.1e-2,.1e-2,.1e-2,.1e-2,.2e-2,.2e-2,.1e-2,.1e-2,.1e-2,.2e-2,.2e-2
,.1e-2,.2e-2,.1e-2,.1e-2,.1e-2,.1e-2,.1e-2,.1e-2,.2e-2,.2e-2,.1e-2,.1e-2,.1e-2,
.1e-2,.1e-2,.1e-2,.1e-2,.2e-2,.1e-2,.1e-2,.2e-2,.1e-2,.1e-2,.1e-2,.1e-2,.1e-2,.\
1e-2,.1e-2,.1e-2,.1e-2,.1e-2,.1e-2,.1e-2,.1e-2,.1e-2,.1e-2,.1e-2,.1e-2,.1e-2,.2\
e-2,.1e-2,.1e-2,.1e-2,.2e-2,.1e-2,.1e-2,.2e-2,.2e-2,.2e-2,.2e-2,.1e-2,.2e-2,.2e\
-2,.1e-2,.2e-2,.1e-2,.2e-2,.1e-2,.1e-2,.1e-2,.1e-2,.2e-2,.1e-2,.1e-2,.1e-2,.2e-\
2,.2e-2,.2e-2,.2e-2,.1e-2,.1e-2,.1e-2,.1e-2,.2e-2,.1e-2,.2e-2,.2e-2,.1e-2,.2e-2
,.1e-2,.1e-2,.1e-2,.1e-2,.2e-2,.1e-2,.2e-2,.1e-2,.2e-2,.2e-2,.1e-2,.1e-2,.1e-2,
.1e-2,.1e-2,.2e-2,.2e-2,.2e-2,.1e-2,.1e-2,.1e-2,.1e-2,.1e-2,.2e-2,.2e-2,.2e-2,.\
2e-2,.2e-2,.2e-2,.1e-2,.1e-2,.2e-2,.1e-2,.2e-2,.1e-2,.2e-2,.1e-2,.1e-2,.110,.1e\
-2,.1e-2,.1e-2,.1e-2,.1e-2,.1e-2,.1e-2,.1e-2,.1e-2,.1e-2,.1e-2,.1e-2,.1e-2,.2e-\
2,.1e-2,.1e-2,.1e-2,.1e-2,.1e-2,.1e-2,.1e-2,.1e-2,.1e-2,.1e-2,.1e-2,.1e-2,.2e-2
,.2e-2,.2e-2,.2e-2,.2e-2,.1e-2,.1e-2,.1e-2,.1e-2,.1e-2,.2e-2,.1e-2,.1e-2,.1e-2,
.1e-2,.1e-2,.1e-2,.1e-2,.2e-2,.1e-2,.1e-2,.2e-2,.1e-2,.1e-2,.2e-2,.1e-2,.1e-2,.\
1e-2,.1e-2,.1e-2,.1e-2,.1e-2,.1e-2,.2e-2,.1e-2,.2e-2,.1e-2,.1e-2,.2e-2,.1e-2,.1\
e-2,.2e-2,.1e-2,.2e-2,.2e-2,.1e-2,.1e-2,.2e-2,.1e-2,.2e-2,.1e-2,.1e-2,.2e-2,.2e\
-2,.2e-2,.1e-2,.2e-2,.1e-2,.1e-2,.1e-2,.1e-2,.1e-2,.1e-2,.1e-2,.2e-2,.1e-2,.2e-\
2,.1e-2,.2e-2,.1e-2,.1e-2,.1e-2,.1e-2,.1e-2,.2e-2,.2e-2,.1e-2,.1e-2,.2e-2,.1e-2
,.2e-2,.2e-2,.1e-2,.2e-2,.1e-2,.1e-2,.2e-2,.2e-2,.1e-2,.2e-2,.1e-2,.2e-2,.2e-2,
.1e-2,.2e-2,.2e-2,.1e-2,.2e-2,.2e-2,.1e-2,.1e-2,.1e-2,.2e-2,.2e-2,.1e-2,.1e-2,.\
1e-2,.1e-2,.2e-2,.1e-2,.2e-2,.1e-2,.1e-2,.2e-2,.2e-2,.2e-2,.1e-2,.2e-2,.2e-2,.1\
e-2,.1e-2,.1e-2,.2e-2,.1e-2,.1e-2,.1e-2,.2e-2,.2e-2,.1e-2,.2e-2,.1e-2,.2e-2,.1e\
-2,.1e-2,.1e-2,.2e-2,.1e-2,.1e-2,.1e-2,.2e-2,.1e-2,.2e-2,.1e-2,.1e-2,.1e-2,.2e-\
2,.1e-2,.2e-2,.2e-2,.1e-2,.2e-2,.1e-2,.1e-2,.1e-2,.1e-2,.2e-2,.1e-2,.1e-2,.1e-2
,.2e-2,.1e-2,.1e-2,.2e-2,.1e-2,.1e-2,.2e-2,.1e-2,.2e-2,.2e-2,.1e-2,.1e-2,.2e-2,
.1e-2,.1e-2,.1e-2,.1e-2,.1e-2,.1e-2,.2e-2,.1e-2,.1e-2,.2e-2,.1e-2,.2e-2,.1e-2,.\
2e-2,.1e-2,.2e-2,.2e-2,.1e-2,.1e-2,.1e-2,.1e-2,.1e-2,.1e-2,.1e-2,.1e-2,.1e-2,.2\
e-2,.2e-2,.1e-2,.1e-2,.1e-2,.1e-2,.2e-2,.1e-2,.2e-2,.1e-2,.1e-2,.1e-2,.2e-2,.1e\
-2,.1e-2,.1e-2,.2e-2,.1e-2,.1e-2,.1e-2,.1e-2,.1e-2,.1e-2,.1e-2,.1e-2,.2e-2,.1e-\
2,.1e-2,.2e-2,.2e-2,.2e-2,.2e-2,.2e-2,.2e-2,.2e-2,.2e-2,.1e-2,.2e-2,.3e-2,.1e-2
,.1e-2,.2e-2,.1e-2,.1e-2,.1e-2,.2e-2,.1e-2,.1e-2,.1e-2,.1e-2,.2e-2,.1e-2,.2e-2,
.1e-2,.1e-2,.1e-2,.1e-2,.13e-1,.1e-2,.1e-2,.1e-2,.1e-2,.1e-2,.1e-2,.2e-2,.1e-2,
.1e-2,.1e-2,.2e-2,.1e-2,.2e-2,.1e-2,.1e-2,.1e-2,.1e-2,.1e-2,.2e-2,.1e-2,.1e-2,.\
1e-2,.1e-2,.2e-2,.1e-2,.1e-2,.1e-2,.1e-2,.1e-2,.1e-2,.1e-2,.2e-2,.1e-2,.1e-2,.2\
e-2,.1e-2,.2e-2,.2e-2,.1e-2,.1e-2,.2e-2,.1e-2,.2e-2,.2e-2,.2e-2,.1e-2,.1e-2,.1e\
-2,.1e-2,.2e-2,.1e-2,.1e-2,.1e-2,.2e-2,.2e-2,.2e-2,.1e-2,.1e-2,.1e-2,.1e-2,.1e-\
2,.1e-2,.2e-2,.1e-2,.1e-2,.1e-2,.1e-2,.2e-2,.1e-2,.1e-2,.1e-2,.1e-2,.2e-2,.2e-2
,.1e-2,.1e-2,.1e-2,.1e-2,.2e-2,.2e-2,.2e-2,.2e-2,.2e-2,.1e-2,.1e-2,.2e-2,.2e-2,
.2e-2,.2e-2,.1e-2,.1e-2,.2e-2,.1e-2,.2e-2,.2e-2,.1e-2,.2e-2,.1e-2,.1e-2,.2e-2,.\
2e-2,.2e-2,.1e-2,.2e-2,.2e-2,.1e-2,.1e-2,.1e-2,.2e-2,.1e-2,.2e-2,.2e-2,.1e-2,.2\
e-2,.1e-2,.1e-2,.1e-2,.1e-2,.1e-2,.1e-2,.2e-2,.1e-2,.1e-2,.2e-2,.1e-2,.1e-2,.2e\
-2,.2e-2,.1e-2,.2e-2,.1e-2,.1e-2,.2e-2,.2e-2,.2e-2,.2e-2,.2e-2,.1e-2,.1e-2,.2e-\
2,.2e-2,.1e-2,.2e-2,.1e-2,.1e-2,.1e-2,.2e-2,.1e-2,.3e-2,.1e-2,.2e-2,.2e-2,.2e-2
,.1e-2,.2e-2,.2e-2,.1e-2,.1e-2,.1e-2,.1e-2,.2e-2,.1e-2,.2e-2,.1e-2,.1e-2,.1e-2,
.2e-2,.1e-2,.1e-2,.1e-2,.1e-2,.2e-2,.2e-2,.1e-2,.1e-2,.2e-2,.1e-2,.1e-2,.2e-2,.\
2e-2,.2e-2,.1e-2,.1e-2,.1e-2,.1e-2,.2e-2,.2e-2,.3e-2,.2e-2,.2e-2,.1e-2,.1e-2,.1\
e-2,.2e-2,.2e-2,.1e-2,.2e-2,.2e-2,.1e-2,.1e-2,.1e-2,.1e-2,.1e-2,.1e-2,.2e-2,.1e\
-2,.1e-2,.1e-2,.1e-2,.1e-2,.1e-2,.1e-2,.1e-2,.1e-2,.1e-2,.1e-2,.1e-2,.2e-2,.2e-\
2,.2e-2,.1e-2,.2e-2,.2e-2,.1e-2,.1e-2,.1e-2,.1e-2,.1e-2,.1e-2,.2e-2,.1e-2,.2e-2
,.2e-2,.1e-2,.1e-2,.1e-2,.1e-2,.1e-2,.1e-2,.1e-2,.2e-2,.1e-2,.2e-2,.2e-2,.1e-2,
.1e-2,.1e-2,.1e-2,.1e-2,.1e-2,.1e-2,.2e-2,.1e-2,.2e-2,.2e-2,.2e-2,.1e-2,.2e-2,.\
1e-2,.1e-2,.2e-2,.2e-2,.2e-2,.1e-2,.1e-2,.2e-2,.2e-2,.2e-2,.2e-2,.1e-2,.2e-2,.2\
e-2,.1e-2,.2e-2,.2e-2,.2e-2,.2e-2,.1e-2,.1e-2,.1e-2,.2e-2,.2e-2,.1e-2,.1e-2,.1e\
-2,.1e-2,.2e-2,.2e-2,.1e-2,.2e-2,.2e-2,.2e-2,.1e-2,.2e-2,.1e-2,.1e-2,.1e-2,.2e-\
2,.1e-2,.1e-2,.1e-2,.1e-2,.2e-2,.1e-2,.2e-2,.2e-2,.2e-2,.2e-2,.2e-2,.2e-2,.2e-2
,.2e-2,.2e-2,.2e-2,.1e-2,.1e-2,.2e-2,.2e-2,.1e-2,.1e-2,.2e-2,.1e-2,.1e-2,.1e-2,
.1e-2,.2e-2,.2e-2,.1e-2,.2e-2,.2e-2,.2e-2,.1e-2,.2e-2,.2e-2,.2e-2,.2e-2,.1e-2,.\
2e-2,.1e-2,.2e-2,.1e-2,.1e-2,.1e-2,.2e-2,.1e-2,.2e-2,.1e-2,.1e-2,.2e-2,.2e-2,.2\
e-2,.2e-2,.1e-2,.2e-2,.1e-2,.2e-2,.1e-2,.1e-2,.1e-2,.2e-2,.2e-2,.2e-2,.2e-2,.1e\
-2,.1e-2,.1e-2,.2e-2,.1e-2,.1e-2,.1e-2,.1e-2,.1e-2,.2e-2,.1e-2,.1e-2,.2e-2,.1e-\
2,.2e-2,.2e-2,.2e-2,.1e-2,.2e-2,.1e-2,.2e-2,.1e-2,.1e-2,.1e-2,.1e-2,.1e-2,.1e-2
,.1e-2,.2e-2,.2e-2,.1e-2,.2e-2,.1e-2,.1e-2,.1e-2,.1e-2,.1e-2,.1e-2,.2e-2,.1e-2,
.2e-2,.2e-2,.2e-2,.1e-2,.2e-2,.1e-2,.1e-2,.2e-2,.1e-2,.2e-2,.1e-2,.1e-2,.1e-2,.\
1e-2,.1e-2,.1e-2,.1e-2,.2e-2,.2e-2,.1e-2,.1e-2,.2e-2,.2e-2,.1e-2,.1e-2,.2e-2,.2\
e-2,.1e-2,.1e-2,.1e-2,.2e-2,.1e-2,.1e-2,.2e-2,.2e-2,.2e-2,.2e-2,.2e-2,.2e-2,.2e\
-2,.1e-2,.2e-2,.2e-2,.2e-2,.1e-2,.1e-2,.1e-2,.2e-2,.1e-2,.2e-2,.2e-2,.1e-2,.1e-\
2,.1e-2,.2e-2,.1e-2,.2e-2,.1e-2,.1e-2,.1e-2,.2e-2,.2e-2,.1e-2,.1e-2,.1e-2,.1e-2
,.2e-2,.1e-2,.2e-2,.2e-2,.2e-2,.1e-2,.2e-2,.1e-2,.1e-2,.2e-2,.1e-2,.1e-2,.1e-2,
.1e-2,.1e-2,.1e-2,.2e-2,.2e-2,.2e-2,.1e-2,.2e-2,.2e-2,.1e-2,.2e-2,.2e-2,.1e-2,.\
2e-2,.1e-2,.2e-2,.1e-2,.2e-2,.1e-2,.2e-2,.2e-2,.2e-2,.2e-2,.1e-2,.2e-2,.2e-2,.1\
e-2,.1e-2,.1e-2,.1e-2,.1e-2,.2e-2,.1e-2,.1e-2,.2e-2,.1e-2,.1e-2,.1e-2,.1e-2,.2e\
-2,.2e-2,.1e-2,.2e-2,.2e-2,.1e-2,.1e-2,.1e-2,.2e-2,.1e-2,.1e-2,.1e-2,.2e-2,.2e-\
2,.1e-2,.6e-2,.1e-2,.2e-2,.2e-2,.1e-2,.1e-2,.2e-2,.1e-2,.1e-2,.1e-2,.2e-2,.1e-2
,.1e-2,.1e-2,.2e-2,.1e-2,.1e-2,.1e-2,.2e-2,.2e-2,.1e-2,.1e-2,.1e-2,.12e-1,.1e-2
,.3e-2,.3e-2,.1e-2,.2e-2,.1e-2,.2e-2,.1e-2,.2e-2,.2e-2,.1e-2,.1e-2,.2e-2,.1e-2,
.1e-2,.1e-2,.1e-2,.1e-2,.2e-2,.2e-2,.1e-2,.2e-2,.1e-2,.1e-2,.2e-2,.2e-2,.4e-2,.\
1e-2,.1e-2,.2e-2,.1e-2,.1e-2,.1e-2,.2e-2,.1e-2,.1e-2,.2e-2,.1e-2,.2e-2,.1e-2,.1\
e-2,.2e-2,.2e-2,.2e-2,.1e-2,.2e-2,.2e-2,.2e-2,.1e-2,.2e-2,.2e-2,.3e-2,.2e-2,.1e\
-2,.1e-2,.2e-2,.1e-2,.1e-2,.1e-2,.1e-2,.1e-2,.1e-2,.1e-2,.1e-2,.1e-2,.2e-2,.1e-\
2,.4e-2,.2e-2,.2e-2,.2e-2],[.1e-2,.2e-2,.1e-2,.1e-2,.1e-2,.1e-2,.1e-2,.1e-2,.2e\
-2,.1e-2,.1e-2,.1e-2,.2e-2,.2e-2,.2e-2,.2e-2,.2e-2,.1e-2,.2e-2,.2e-2,.1e-2,.1e-\
2,.2e-2,.1e-2,.1e-2,.1e-2,.1e-2,.1e-2,.2e-2,.2e-2,.1e-2,.2e-2,.1e-2,.2e-2,.1e-2
,.1e-2,.1e-2,.1e-2,.1e-2,.1e-2,.2e-2,.1e-2,.1e-2,.2e-2,.1e-2,.2e-2,.1e-2,.2e-2,
.2e-2,.2e-2,.2e-2,.1e-2,.1e-2,.1e-2,.1e-2,.1e-2,.2e-2,.1e-2,.2e-2,.2e-2,.2e-2,.\
2e-2,.1e-2,.1e-2,.1e-2,.2e-2,.1e-2,.2e-2,.2e-2,.1e-2,.2e-2,.1e-2,.1e-2,.2e-2,.1\
e-2,.1e-2,.2e-2,.1e-2,.2e-2,.1e-2,.1e-2,.3e-2,.2e-2,.2e-2,.1e-2,.1e-2,.1e-2,.1e\
-2,.1e-2,.3e-2,.1e-2,.1e-2,.1e-2,.3e-2,.1e-2,.1e-2,.1e-2,.1e-2,.1e-2,.1e-2,.1e-\
2,.2e-2,.1e-2,.1e-2,.2e-2,.2e-2,.1e-2,.2e-2,.1e-2,.1e-2,.1e-2,.1e-2,.1e-2,.1e-2
,.1e-2,.1e-2,.1e-2,.1e-2,.1e-2,.1e-2,.1e-2,.1e-2,.2e-2,.1e-2,.1e-2,.2e-2,.1e-2,
.1e-2,.2e-2,.1e-2,.1e-2,.2e-2,.1e-2,.1e-2,.2e-2,.1e-2,.1e-2,.2e-2,.1e-2,.1e-2,.\
1e-2,.1e-2,.1e-2,.1e-2,.2e-2,.1e-2,.2e-2,.1e-2,.1e-2,.1e-2,.1e-2,.2e-2,.1e-2,.2\
e-2,.1e-2,.2e-2,.2e-2,.8e-2,.2e-2,.1e-2,.1e-2,.2e-2,.2e-2,.1e-2,.1e-2,.1e-2,.1e\
-2,.2e-2,.1e-2,.2e-2,.1e-2,.1e-2,.1e-2,.1e-2,.1e-2,.1e-2,.2e-2,.1e-2,.2e-2,.2e-\
2,.2e-2,.2e-2,.1e-2,.1e-2,.2e-2,.2e-2,.2e-2,.2e-2,.2e-2,.1e-2,.2e-2,.1e-2,.2e-2
,.1e-2,.2e-2,.2e-2,.2e-2,.1e-2,.2e-2,.1e-2,.1e-2,.2e-2,.2e-2,.1e-2,.2e-2,.2e-2,
.2e-2,.2e-2,.2e-2,.1e-2,.1e-2,.1e-2,.1e-2,.1e-2,.1e-2,.1e-2,.2e-2,.2e-2,.1e-2,.\
1e-2,.1e-2,.2e-2,.2e-2,.1e-2,.2e-2,.1e-2,.2e-2,.2e-2,.2e-2,.2e-2,.2e-2,.1e-2,.1\
e-2,.2e-2,.1e-2,.2e-2,.2e-2,.1e-2,.2e-2,.2e-2,.1e-2,.1e-2,.1e-2,.1e-2,.1e-2,.2e\
-2,.2e-2,.1e-2,.1e-2,.1e-2,.1e-2,.1e-2,.2e-2,.2e-2,.2e-2,.2e-2,.2e-2,.2e-2,.1e-\
2,.1e-2,.1e-2,.1e-2,.2e-2,.2e-2,.1e-2,.1e-2,.1e-2,.2e-2,.1e-2,.2e-2,.1e-2,.1e-2
,.2e-2,.1e-2,.1e-2,.2e-2,.2e-2,.2e-2,.2e-2,.1e-2,.1e-2,.1e-2,.1e-2,.1e-2,.1e-2,
.2e-2,.1e-2,.1e-2,.1e-2,.1e-2,.2e-2,.2e-2,.1e-2,.2e-2,.1e-2,.2e-2,.2e-2,.2e-2,.\
4e-2,.1e-2,.1e-2,.2e-2,.2e-2,.2e-2,.1e-2,.1e-2,.1e-2,.2e-2,.1e-2,.2e-2,.2e-2,.1\
e-2,.2e-2,.1e-2,.3e-2,.2e-2,.1e-2,.1e-2,.2e-2,.3e-2,.1e-2,.2e-2,.2e-2,.1e-2,.1e\
-2,.2e-2,.1e-2,.1e-2,.1e-2,.2e-2,.1e-2,.1e-2,.2e-2,.1e-2,.1e-2,.1e-2,.1e-2,.2e-\
2,.1e-2,.2e-2,.1e-2,.1e-2,.1e-2,.1e-2,.2e-2,.1e-2,.1e-2,.2e-2,.1e-2,.1e-2,.1e-2
,.1e-2,.1e-2,.1e-2,.1e-2,.1e-2,.1e-2,.1e-2,.1e-2,.2e-2,.1e-2,.1e-2,.2e-2,.1e-2,
.1e-2,.1e-2,.2e-2,.1e-2,.1e-2,.2e-2,.1e-2,.2e-2,.1e-2,.1e-2,.2e-2,.1e-2,.2e-2,.\
2e-2,.1e-2,.2e-2,.1e-2,.1e-2,.1e-2,.2e-2,.2e-2,.2e-2,.2e-2,.1e-2,.1e-2,.1e-2,.1\
e-2,.1e-2,.1e-2,.1e-2,.1e-2,.1e-2,.1e-2,.2e-2,.2e-2,.1e-2,.1e-2,.1e-2,.1e-2,.2e\
-2,.1e-2,.2e-2,.2e-2,.1e-2,.1e-2,.1e-2,.1e-2,.1e-2,.2e-2,.1e-2,.1e-2,.1e-2,.2e-\
2,.1e-2,.2e-2,.1e-2,.1e-2,.1e-2,.1e-2,.1e-2,.2e-2,.1e-2,.1e-2,.1e-2,.1e-2,.1e-2
,.2e-2,.1e-2,.1e-2,.1e-2,.1e-2,.1e-2,.1e-2,.1e-2,.2e-2,.1e-2,.2e-2,.1e-2,.1e-2,
.1e-2,.1e-2,.1e-2,.1e-2,.1e-2,.1e-2,.1e-2,.1e-2,.1e-2,.2e-2,.1e-2,.2e-2,.1e-2,.\
1e-2,.1e-2,.1e-2,.3e-2,.2e-2,.1e-2,.2e-2,.1e-2,.1e-2,.2e-2,.1e-2,.1e-2,.1e-2,.1\
e-2,.1e-2,.2e-2,.1e-2,.1e-2,.1e-2,.2e-2,.1e-2,.1e-2,.2e-2,.1e-2,.2e-2,.1e-2,.1e\
-2,.1e-2,.1e-2,.1e-2,.1e-2,.2e-2,.2e-2,.2e-2,.1e-2,.1e-2,.1e-2,.2e-2,.8e-2,.1e-\
2,.1e-2,.1e-2,.1e-2,.2e-2,.1e-2,.1e-2,.1e-2,.1e-2,.2e-2,.1e-2,.2e-2,.2e-2,.1e-2
,.1e-2,.1e-2,.1e-2,.1e-2,.1e-2,.1e-2,.2e-2,.2e-2,.1e-2,.1e-2,.1e-2,.2e-2,.1e-2,
.2e-2,.2e-2,.2e-2,.1e-2,.1e-2,.1e-2,.1e-2,.1e-2,.2e-2,.1e-2,.2e-2,.1e-2,.2e-2,.\
4e-2,.2e-2,.1e-2,.1e-2,.1e-2,.2e-2,.2e-2,.1e-2,.2e-2,.1e-2,.1e-2,.1e-2,.1e-2,.1\
e-2,.1e-2,.1e-2,.1e-2,.1e-2,.1e-2,.2e-2,.1e-2,.2e-2,.2e-2,.1e-2,.1e-2,.2e-2,.1e\
-2,.1e-2,.2e-2,.2e-2,.1e-2,.1e-2,.1e-2,.2e-2,.1e-2,.1e-2,.2e-2,.2e-2,.3e-2,.1e-\
2,.1e-2,.1e-2,.1e-2,.1e-2,.1e-2,.1e-2,.1e-2,.1e-2,.1e-2,.1e-2,.1e-2,.1e-2,.1e-2
,.1e-2,.2e-2,.2e-2,.2e-2,.1e-2,.1e-2,.2e-2,.1e-2,.1e-2,.1e-2,.1e-2,.1e-2,.1e-2,
.2e-2,.2e-2,.1e-2,.2e-2,.2e-2,.1e-2,.2e-2,.1e-2,.2e-2,.3e-2,.1e-2,.2e-2,.1e-2,.\
2e-2,.1e-2,.2e-2,.1e-2,.2e-2,.2e-2,.2e-2,.1e-2,.2e-2,.1e-2,.2e-2,.1e-2,.1e-2,.1\
e-2,.1e-2,.1e-2,.1e-2,.1e-2,.1e-2,.1e-2,.2e-2,.1e-2,.2e-2,.1e-2,.2e-2,.1e-2,.1e\
-2,.2e-2,.1e-2,.2e-2,.1e-2,.2e-2,.1e-2,.1e-2,.1e-2,.2e-2,.2e-2,.2e-2,.1e-2,.1e-\
2,.1e-2,.1e-2,.1e-2,.1e-2,.2e-2,.1e-2,.1e-2,.2e-2,.1e-2,.1e-2,.1e-2,.2e-2,.1e-2
,.1e-2,.1e-2,.1e-2,.1e-2,.2e-2,.2e-2,.1e-2,.2e-2,.1e-2,.1e-2,.1e-2,.1e-2,.1e-2,
.2e-2,.1e-2,.1e-2,.1e-2,.1e-2,.1e-2,.2e-2,.2e-2,.2e-2,.1e-2,.2e-2,.2e-2,.2e-2,.\
2e-2,.1e-2,.1e-2,.1e-2,.1e-2,.2e-2,.2e-2,.2e-2,.1e-2,.1e-2,.1e-2,.2e-2,.2e-2,.1\
e-2,.1e-2,.1e-2,.1e-2,.2e-2,.2e-2,.1e-2,.1e-2,.1e-2,.2e-2,.2e-2,.1e-2,.2e-2,.2e\
-2,.2e-2,.1e-2,.1e-2,.2e-2,.1e-2,.2e-2,.1e-2,.2e-2,.2e-2,.1e-2,.1e-2,.2e-2,.1e-\
2,.1e-2,.1e-2,.1e-2,.2e-2,.2e-2,.2e-2,.1e-2,.1e-2,.1e-2,.1e-2,.2e-2,.1e-2,.1e-2
,.2e-2,.1e-2,.2e-2,.1e-2,.1e-2,.1e-2,.1e-2,.2e-2,.1e-2,.1e-2,.1e-2,.1e-2,.2e-2,
.1e-2,.2e-2,.1e-2,.1e-2,.1e-2,.1e-2,.1e-2,.1e-2,.2e-2,.2e-2,.1e-2,.1e-2,.1e-2,.\
1e-2,.1e-2,.2e-2,.1e-2,.1e-2,.2e-2,.1e-2,.1e-2,.1e-2,.1e-2,.2e-2,.1e-2,.2e-2,.1\
e-2,.2e-2,.2e-2,.1e-2,.1e-2,.1e-2,.1e-2,.2e-2,.1e-2,.2e-2,.2e-2,.2e-2,.2e-2,.1e\
-2,.1e-2,.2e-2,.2e-2,.2e-2,.1e-2,.1e-2,.2e-2,.1e-2,.1e-2,.2e-2,.1e-2,.1e-2,.2e-\
2,.2e-2,.2e-2,.1e-2,.2e-2,.1e-2,.2e-2,.1e-2,.1e-2,.2e-2,.1e-2,.1e-2,.1e-2,.1e-2
,.2e-2,.1e-2,.2e-2,.2e-2,.1e-2,.2e-2,.1e-2,.1e-2,.1e-2,.1e-2,.1e-2,.1e-2,.1e-2,
.1e-2,.1e-2,.2e-2,.1e-2,.2e-2,.1e-2,.3e-2,.1e-2,.2e-2,.1e-2,.1e-2,.1e-2,.2e-2,.\
2e-2,.1e-2,.2e-2,.2e-2,.1e-2,.1e-2,.2e-2,.1e-2,.2e-2,.2e-2,.2e-2,.1e-2,.1e-2,.1\
e-2,.1e-2,.2e-2,.1e-2,.1e-2,.1e-2,.1e-2,.1e-2,.2e-2,.2e-2,.1e-2,.2e-2,.1e-2,.2e\
-2,.1e-2,.2e-2,.1e-2,.1e-2,.1e-2,.1e-2,.1e-2,.1e-2,.1e-2,.2e-2,.1e-2,.2e-2,.1e-\
2,.2e-2,.1e-2,.1e-2,.1e-2,.2e-2,.1e-2,.2e-2,.1e-2,.1e-2,.1e-2,.2e-2,.1e-2,.1e-2
,.1e-2,.1e-2,.1e-2,.1e-2,.1e-2,.1e-2,.1e-2,.1e-2,.2e-2,.2e-2,.1e-2,.2e-2,.2e-2,
.1e-2,.2e-2,.1e-2,.1e-2,.1e-2,.1e-2,.2e-2,.1e-2,.1e-2,.1e-2,.2e-2,.2e-2,.1e-2,.\
1e-2,.1e-2,.3e-2,.1e-2,.1e-2,.1e-2,.2e-2,.2e-2,.2e-2,.2e-2,.1e-2,.1e-2,.2e-2,.1\
e-2,.1e-2,.2e-2,.1e-2,.2e-2,.1e-2,.1e-2,.2e-2,.2e-2,.2e-2,.2e-2,.1e-2,.2e-2,.1e\
-2,.2e-2,.1e-2,.1e-2,.1e-2,.1e-2,.2e-2,.2e-2,.1e-2,.1e-2,.2e-2,.2e-2,.1e-2,.2e-\
2,.1e-2,.1e-2,.1e-2,.1e-2,.2e-2,.1e-2,.1e-2,.1e-2,.1e-2,.2e-2,.2e-2,.1e-2,.1e-2
,.1e-2,.3e-2,.1e-2,.1e-2,.1e-2,.2e-2,.2e-2,.2e-2,.2e-2,.1e-2,.2e-2,.2e-2,.1e-2,
.1e-2,.2e-2,.2e-2,.1e-2,.1e-2,.2e-2,.2e-2,.1e-2,.2e-2,.1e-2,.1e-2,.1e-2,.1e-2,.\
2e-2,.2e-2,.2e-2,.1e-2,.2e-2,.1e-2,.1e-2,.2e-2,.1e-2,.2e-2,.1e-2,.1e-2,.1e-2,.1\
e-2,.2e-2,.1e-2,.1e-2,.1e-2,.1e-2,.1e-2,.1e-2,.1e-2,.1e-2,.2e-2,.1e-2,.2e-2,.1e\
-2,.2e-2,.1e-2,.1e-2,.1e-2,.1e-2,.1e-2,.1e-2,.2e-2,.2e-2,.2e-2,.2e-2,.1e-2,.1e-\
2,.1e-2,.2e-2,.1e-2,.1e-2,.1e-2,.2e-2,.2e-2,.1e-2,.2e-2,.2e-2,.1e-2,.2e-2,.2e-2
,.1e-2,.2e-2,.1e-2,.1e-2,.1e-2,.1e-2,.2e-2,.1e-2,.1e-2,.1e-2,.1e-2,.1e-2,.1e-2,
.2e-2,.1e-2,.1e-2,.1e-2,.1e-2,.2e-2,.1e-2,.1e-2,.2e-2,.1e-2,.1e-2,.1e-2,.1e-2,.\
1e-2,.2e-2,.1e-2,.2e-2,.2e-2,.2e-2,.2e-2,.1e-2,.1e-2,.1e-2,.1e-2,.2e-2,.2e-2,.2\
e-2,.1e-2,.1e-2,.1e-2,.2e-2,.2e-2,.1e-2,.2e-2,.2e-2,.2e-2,.2e-2,.2e-2,.1e-2,.1e\
-2,.1e-2,.2e-2,.1e-2,.1e-2,.1e-2,.1e-2,.1e-2,.2e-2,.1e-2,.1e-2,.1e-2,.2e-2,.1e-\
2,.1e-2,.1e-2,.1e-2,.1e-2,.2e-2,.2e-2,.1e-2,.1e-2,.1e-2,.1e-2,.1e-2,.2e-2,.1e-2
,.2e-2,.2e-2,.2e-2,.2e-2,.1e-2,.1e-2,.1e-2,.1e-2,.2e-2,.1e-2,.1e-2,.1e-2,.1e-2,
.2e-2,.2e-2,.2e-2,.1e-2,.2e-2,.2e-2,.2e-2,.1e-2,.1e-2,.1e-2,.1e-2,.2e-2,.1e-2,.\
1e-2,.1e-2,.1e-2,.2e-2,.1e-2,.2e-2,.1e-2,.2e-2,.2e-2,.1e-2,.1e-2,.1e-2,.2e-2,.1\
e-2,.1e-2,.1e-2,.2e-2,.2e-2,.1e-2,.1e-2,.1e-2,.1e-2,.1e-2,.1e-2,.2e-2,.1e-2,.1e\
-2,.2e-2,.1e-2,.2e-2,.1e-2,.1e-2,.2e-2,.3e-2,.1e-2,.1e-2,.1e-2,.1e-2,.2e-2,.1e-\
2,.1e-2,.1e-2,.1e-2,.1e-2,.2e-2,.1e-2,.2e-2,.2e-2,.1e-2,.1e-2,.1e-2,.1e-2,.1e-2
,.1e-2,.1e-2,.1e-2,.2e-2,.1e-2,.2e-2,.1e-2,.1e-2,.1e-2,.1e-2,.1e-2,.1e-2,.1e-2,
.1e-2,.3e-2,.2e-2,.2e-2,.1e-2,.1e-2,.1e-2,.2e-2,.1e-2,.1e-2,.2e-2,.1e-2,.1e-2,.\
1e-2,.2e-2,.1e-2,.2e-2,.1e-2,.2e-2,.1e-2,.2e-2,.2e-2,.2e-2,.2e-2,.2e-2,.3e-2,.1\
e-2,.2e-2,.2e-2,.2e-2,.1e-2,.2e-2,.3e-2,.2e-2,.2e-2,.1e-2,.1e-2,.1e-2,.3e-2,.2e\
-2,.2e-2,.2e-2,.1e-2,.2e-2,.1e-2,.2e-2,.2e-2,.1e-2,.1e-2,.2e-2,.1e-2,.1e-2,.1e-\
2,.1e-2,.2e-2,.1e-2,.2e-2,.1e-2,.1e-2,.2e-2,.1e-2,.1e-2,.1e-2,.1e-2,.1e-2,.1e-2
,.1e-2,.1e-2,.1e-2,.3e-2,.3e-2,.1e-2,.3e-2,.1e-2,.2e-2,.3e-2,.2e-2,.2e-2,.2e-2,
.1e-2,.1e-2,.1e-2,.2e-2,.1e-2,.2e-2,.2e-2,.2e-2,.1e-2,.2e-2,.2e-2,.2e-2,.1e-2,.\
1e-2,.1e-2,.2e-2,.1e-2,.1e-2,.1e-2,.2e-2,.1e-2,.1e-2,.1e-2,.1e-2,.1e-2,.1e-2,.1\
e-2,.2e-2,.1e-2,.1e-2,.1e-2,.1e-2,.2e-2,.1e-2,.1e-2,.1e-2,.2e-2,.2e-2,.1e-2,.1e\
-2,.1e-2,.1e-2,.1e-2,.1e-2,.2e-2,.2e-2,.2e-2,.1e-2,.1e-2,.2e-2,.1e-2,.1e-2,.1e-\
2,.1e-2,.1e-2,.1e-2,.1e-2,.1e-2,.2e-2,.2e-2,.1e-2,.2e-2,.2e-2,.2e-2,.2e-2,.2e-2
,.2e-2,.2e-2,.1e-2,.1e-2,.2e-2,.2e-2,.2e-2,.1e-2,.1e-2,.1e-2,.1e-2,.2e-2,.1e-2,
.2e-2,.2e-2,.2e-2,.1e-2,.1e-2,.2e-2,.1e-2,.2e-2,.1e-2,.2e-2,.1e-2,.1e-2,.2e-2,.\
1e-2,.1e-2,.1e-2,.1e-2,.1e-2,.2e-2,.1e-2,.2e-2,.2e-2,.1e-2,.2e-2,.1e-2,.2e-2,.2\
e-2,.2e-2,.2e-2,.1e-2,.2e-2,.1e-2,.2e-2,.1e-2,.1e-2,.1e-2,.1e-2,.1e-2,.1e-2,.3e\
-2,.1e-2,.1e-2,.2e-2,.1e-2,.1e-2,.1e-2,.1e-2,.1e-2,.1e-2,.1e-2,.1e-2,.2e-2,.1e-\
2,.2e-2,.1e-2,.1e-2,.1e-2,.2e-2,.1e-2,.1e-2,.1e-2,.2e-2,.1e-2,.1e-2,.2e-2,.1e-2
,.1e-2,.2e-2,.1e-2,.2e-2,.2e-2,.1e-2,.1e-2,.1e-2,.2e-2,.1e-2,.1e-2,.1e-2,.2e-2,
.1e-2,.3e-2,.1e-2,.1e-2,.1e-2,.2e-2,.2e-2,.2e-2,.2e-2,.1e-2,.1e-2,.2e-2,.2e-2,.\
1e-2,.2e-2,.1e-2,.1e-2,.1e-2,.2e-2,.2e-2,.1e-2,.2e-2,.1e-2,.1e-2,.2e-2,.2e-2,.1\
e-2,.2e-2,.2e-2,.1e-2,.3e-2,.1e-2,.2e-2,.1e-2,.1e-2,.1e-2,.2e-2,.2e-2,.1e-2,.2e\
-2,.2e-2,.2e-2,.1e-2,.2e-2,.2e-2,.1e-2,.1e-2,.1e-2,.2e-2,.1e-2,.2e-2,.2e-2,.1e-\
2,.1e-2,.1e-2,.1e-2,.2e-2,.2e-2,.1e-2,.2e-2,.150,.1e-2,.1e-2,.2e-2,.1e-2,.2e-2,
.1e-2,.2e-2,.2e-2,.2e-2,.1e-2,.1e-2,.4e-2,.1e-2,.1e-2,.2e-2,.1e-2,.1e-2,.1e-2,.\
2e-2,.1e-2,.2e-2,.1e-2,.1e-2,.2e-2,.1e-2,.1e-2,.1e-2,.2e-2,.1e-2,.1e-2,.2e-2,.2\
e-2,.1e-2,.1e-2,.2e-2,.1e-2,.1e-2,.1e-2,.1e-2,.1e-2,.1e-2,.1e-2,.2e-2,.1e-2,.1e\
-2,.1e-2,.1e-2,.2e-2,.2e-2,.2e-2,.1e-2,.1e-2,.1e-2,.2e-2,.1e-2,.2e-2,.1e-2,.1e-\
2,.2e-2,.1e-2,.1e-2,.1e-2,.1e-2,.1e-2,.3e-2,.1e-2,.2e-2,.1e-2,.3e-2,.1e-2,.2e-2
,.2e-2,.3e-2,.1e-2,.2e-2,.1e-2,.1e-2,.1e-2,.2e-2,.2e-2,.2e-2,.2e-2,.2e-2,.2e-2,
.1e-2,.2e-2,.1e-2,.1e-2,.1e-2,.1e-2,.2e-2,.1e-2,.1e-2,.2e-2,.2e-2,.1e-2,.1e-2,.\
1e-2,.1e-2,.2e-2,.1e-2,.2e-2,.1e-2,.1e-2,.1e-2,.2e-2,.1e-2,.2e-2,.1e-2,.1e-2,.1\
e-2,.1e-2,.2e-2,.1e-2,.1e-2,.2e-2,.1e-2,.2e-2,.2e-2,.2e-2,.2e-2,.1e-2,.1e-2,.1e\
-2,.2e-2,.1e-2,.1e-2,.1e-2,.1e-2,.1e-2,.1e-2,.1e-2,.1e-2,.1e-2,.2e-2,.2e-2,.1e-\
2,.1e-2,.2e-2,.2e-2,.2e-2,.1e-2,.2e-2,.1e-2,.1e-2,.1e-2,.1e-2,.2e-2,.2e-2,.1e-2
,.2e-2,.2e-2,.2e-2,.2e-2,.2e-2,.1e-2,.2e-2,.1e-2,.2e-2,.1e-2,.1e-2,.2e-2,.2e-2,
.1e-2,.1e-2,.2e-2,.1e-2,.1e-2,.1e-2,.1e-2,.1e-2,.2e-2,.1e-2,.1e-2,.2e-2,.1e-2,.\
2e-2,.2e-2,.1e-2,.1e-2,.1e-2,.2e-2,.1e-2,.1e-2,.1e-2,.1e-2,.1e-2,.2e-2,.2e-2,.2\
e-2,.1e-2,.2e-2,.2e-2,.2e-2,.1e-2,.1e-2,.2e-2,.1e-2,.1e-2,.1e-2,.1e-2,.1e-2,.1e\
-2,.1e-2,.1e-2,.2e-2,.1e-2,.2e-2,.1e-2,.2e-2,.2e-2,.2e-2,.1e-2,.2e-2,.2e-2,.1e-\
2,.1e-2,.1e-2,.1e-2,.3e-2,.2e-2,.1e-2,.2e-2,.1e-2,.1e-2,.2e-2,.2e-2,.2e-2,.2e-2
,.1e-2,.2e-2,.1e-2,.2e-2,.2e-2,.1e-2,.1e-2,.2e-2,.2e-2,.1e-2,.2e-2,.1e-2,.1e-2,
.2e-2,.2e-2,.1e-2,.1e-2,.1e-2,.2e-2,.1e-2,.2e-2,.1e-2,.2e-2,.1e-2,.2e-2,.3e-2,.\
1e-2,.2e-2,.1e-2,.1e-2,.1e-2,.1e-2,.1e-2,.2e-2,.1e-2,.2e-2,.1e-2,.3e-2,.1e-2,.2\
e-2,.2e-2,.1e-2,.3e-2,.2e-2,.2e-2,.1e-2,.1e-2,.2e-2,.3e-2,.1e-2,.1e-2,.1e-2,.1e\
-2,.1e-2,.2e-2,.2e-2,.1e-2,.2e-2,.1e-2,.1e-2,.2e-2,.1e-2,.1e-2,.1e-2,.1e-2,.1e-\
2,.1e-2,.2e-2,.1e-2,.2e-2,.1e-2,.2e-2,.1e-2,.1e-2,.2e-2,.1e-2,.2e-2,.1e-2,.1e-2
,.1e-2,.1e-2,.1e-2,.1e-2,.1e-2,.2e-2,.1e-2,.2e-2,.2e-2,.1e-2,.1e-2,.2e-2,.1e-2,
.1e-2,.1e-2,.1e-2,.1e-2,.1e-2,.1e-2,.2e-2,.1e-2,.1e-2,.1e-2,.2e-2,.1e-2,.1e-2,.\
1e-2,.1e-2,.1e-2,.2e-2,.1e-2,.2e-2,.1e-2,.1e-2,.2e-2,.2e-2,.2e-2,.3e-2,.2e-2,.2\
e-2,.2e-2,.1e-2,.2e-2,.1e-2,.2e-2,.1e-2,.1e-2,.1e-2,.1e-2,.1e-2,.1e-2,.2e-2,.1e\
-2,.1e-2,.2e-2,.1e-2,.1e-2,.2e-2,.1e-2,.2e-2,.2e-2,.2e-2,.2e-2,.1e-2,.1e-2,.1e-\
2,.1e-2,.1e-2,.2e-2,.1e-2,.2e-2,.1e-2,.1e-2,.1e-2,.2e-2,.1e-2,.2e-2,.2e-2,.1e-2
,.1e-2,.2e-2,.2e-2,.1e-2,.2e-2,.1e-2,.1e-2,.2e-2,.2e-2,.1e-2,.2e-2,.1e-2,.1e-2,
.1e-2,.1e-2,.1e-2,.1e-2,.1e-2,.1e-2,.1e-2,.1e-2,.1e-2,.1e-2,.2e-2,.1e-2,.1e-2,.\
1e-2,.1e-2,.1e-2,.2e-2,.1e-2,.1e-2,.2e-2,.1e-2,.2e-2,.1e-2,.2e-2,.2e-2,.1e-2,.2\
e-2,.1e-2,.2e-2,.2e-2,.1e-2,.1e-2,.1e-2,.2e-2,.1e-2,.1e-2,.2e-2,.1e-2,.2e-2,.1e\
-2,.1e-2,.2e-2,.1e-2,.1e-2,.2e-2,.1e-2,.2e-2,.2e-2,.1e-2,.1e-2,.2e-2,.1e-2,.1e-\
2,.2e-2,.1e-2,.2e-2,.1e-2,.2e-2,.1e-2,.1e-2,.2e-2,.1e-2,.1e-2,.1e-2,.1e-2,.1e-2
,.2e-2,.1e-2,.2e-2,.13e-1],[.2e-2,.1e-2,.1e-2,.1e-2,.1e-2,.5e-2,.2e-2,.2e-2,.2e\
-2,.2e-2,.2e-2,.1e-2,.2e-2,.1e-2,.2e-2,.1e-2,.1e-2,.1e-2,.1e-2,.1e-2,.2e-2,.1e-\
2,.1e-2,.1e-2,.2e-2,.1e-2,.1e-2,.1e-2,.1e-2,.1e-2,.1e-2,.1e-2,.1e-2,.2e-2,.1e-2
,.2e-2,.2e-2,.2e-2,.2e-2,.1e-2,.1e-2,.1e-2,.1e-2,.1e-2,.1e-2,.1e-2,.1e-2,.2e-2,
.2e-2,.1e-2,.2e-2,.1e-2,.2e-2,.1e-2,.2e-2,.1e-2,.1e-2,.2e-2,.1e-2,.1e-2,.1e-2,.\
1e-2,.2e-2,.1e-2,.2e-2,.2e-2,.2e-2,.1e-2,.1e-2,.2e-2,.2e-2,.1e-2,.2e-2,.1e-2,.2\
e-2,.2e-2,.2e-2,.2e-2,.1e-2,.2e-2,.2e-2,.2e-2,.2e-2,.2e-2,.1e-2,.1e-2,.2e-2,.1e\
-2,.2e-2,.1e-2,.1e-2,.1e-2,.1e-2,.2e-2,.2e-2,.1e-2,.2e-2,.2e-2,.1e-2,.2e-2,.2e-\
2,.2e-2,.1e-2,.1e-2,.2e-2,.2e-2,.1e-2,.2e-2,.2e-2,.2e-2,.1e-2,.2e-2,.2e-2,.2e-2
,.4e-2,.1e-2,.1e-2,.1e-2,.1e-2,.1e-2,.1e-2,.2e-2,.1e-2,.1e-2,.1e-2,.2e-2,.1e-2,
.1e-2,.1e-2,.1e-2,.1e-2,.1e-2,.2e-2,.2e-2,.2e-2,.1e-2,.1e-2,.1e-2,.2e-2,.2e-2,.\
1e-2,.1e-2,.1e-2,.2e-2,.1e-2,.1e-2,.1e-2,.1e-2,.2e-2,.2e-2,.1e-2,.1e-2,.2e-2,.1\
e-2,.1e-2,.1e-2,.1e-2,.1e-2,.3e-2,.1e-2,.2e-2,.1e-2,.1e-2,.2e-2,.2e-2,.2e-2,.2e\
-2,.2e-2,.2e-2,.2e-2,.1e-2,.1e-2,.2e-2,.1e-2,.1e-2,.1e-2,.2e-2,.1e-2,.2e-2,.1e-\
2,.1e-2,.2e-2,.1e-2,.1e-2,.1e-2,.1e-2,.1e-2,.2e-2,.1e-2,.1e-2,.2e-2,.1e-2,.2e-2
,.2e-2,.1e-2,.2e-2,.2e-2,.1e-2,.2e-2,.1e-2,.1e-2,.1e-2,.2e-2,.2e-2,.1e-2,.1e-2,
.1e-2,.1e-2,.1e-2,.2e-2,.1e-2,.1e-2,.1e-2,.1e-2,.2e-2,.1e-2,.1e-2,.1e-2,.1e-2,.\
2e-2,.2e-2,.1e-2,.1e-2,.1e-2,.1e-2,.2e-2,.1e-2,.1e-2,.1e-2,.1e-2,.1e-2,.1e-2,.2\
e-2,.2e-2,.1e-2,.1e-2,.1e-2,.1e-2,.1e-2,.2e-2,.1e-2,.1e-2,.1e-2,.1e-2,.1e-2,.2e\
-2,.2e-2,.1e-2,.1e-2,.1e-2,.1e-2,.1e-2,.2e-2,.1e-2,.1e-2,.1e-2,.1e-2,.1e-2,.2e-\
2,.2e-2,.1e-2,.1e-2,.2e-2,.1e-2,.1e-2,.2e-2,.109,.1e-2,.2e-2,.1e-2,.1e-2,.1e-2,
.2e-2,.2e-2,.1e-2,.1e-2,.1e-2,.1e-2,.3e-2,.2e-2,.1e-2,.2e-2,.2e-2,.1e-2,.2e-2,.\
1e-2,.1e-2,.2e-2,.2e-2,.1e-2,.1e-2,.2e-2,.1e-2,.2e-2,.2e-2,.2e-2,.2e-2,.1e-2,.2\
e-2,.1e-2,.2e-2,.2e-2,.2e-2,.2e-2,.1e-2,.2e-2,.1e-2,.1e-2,.2e-2,.2e-2,.1e-2,.1e\
-2,.1e-2,.1e-2,.1e-2,.2e-2,.1e-2,.2e-2,.1e-2,.2e-2,.2e-2,.1e-2,.1e-2,.2e-2,.2e-\
2,.1e-2,.2e-2,.2e-2,.1e-2,.1e-2,.1e-2,.1e-2,.1e-2,.1e-2,.1e-2,.1e-2,.1e-2,.1e-2
,.1e-2,.2e-2,.1e-2,.2e-2,.1e-2,.1e-2,.1e-2,.2e-2,.1e-2,.1e-2,.1e-2,.1e-2,.1e-2,
.1e-2,.1e-2,.1e-2,.2e-2,.2e-2,.1e-2,.1e-2,.2e-2,.2e-2,.2e-2,.1e-2,.1e-2,.1e-2,.\
3e-2,.2e-2,.2e-2,.3e-2,.1e-2,.3e-2,.1e-2,.2e-2,.1e-2,.1e-2,.1e-2,.2e-2,.2e-2,.1\
e-2,.2e-2,.130,.1e-2,.2e-2,.2e-2,.1e-2,.2e-2,.1e-2,.1e-2,.1e-2,.1e-2,.1e-2,.1e-\
2,.2e-2,.1e-2,.2e-2,.1e-2,.1e-2,.1e-2,.1e-2,.1e-2,.1e-2,.2e-2,.1e-2,.1e-2,.1e-2
,.2e-2,.2e-2,.1e-2,.1e-2,.1e-2,.2e-2,.1e-2,.1e-2,.1e-2,.2e-2,.2e-2,.1e-2,.1e-2,
.1e-2,.1e-2,.1e-2,.2e-2,.2e-2,.1e-2,.2e-2,.1e-2,.1e-2,.1e-2,.1e-2,.1e-2,.1e-2,.\
1e-2,.1e-2,.1e-2,.2e-2,.1e-2,.1e-2,.2e-2,.2e-2,.1e-2,.1e-2,.1e-2,.1e-2,.1e-2,.1\
e-2,.1e-2,.1e-2,.1e-2,.1e-2,.1e-2,.1e-2,.1e-2,.3e-2,.2e-2,.2e-2,.2e-2,.1e-2,.2e\
-2,.1e-2,.1e-2,.2e-2,.1e-2,.2e-2,.1e-2,.2e-2,.2e-2,.1e-2,.1e-2,.1e-2,.1e-2,.1e-\
2,.1e-2,.1e-2,.2e-2,.1e-2,.1e-2,.1e-2,.2e-2,.2e-2,.1e-2,.2e-2,.2e-2,.1e-2,.1e-2
,.1e-2,.1e-2,.2e-2,.1e-2,.1e-2,.1e-2,.2e-2,.1e-2,.1e-2,.1e-2,.1e-2,.1e-2,.1e-2,
.2e-2,.1e-2,.2e-2,.1e-2,.1e-2,.2e-2,.2e-2,.1e-2,.2e-2,.2e-2,.2e-2,.2e-2,.1e-2,.\
1e-2,.1e-2,.2e-2,.1e-2,.2e-2,.1e-2,.2e-2,.1e-2,.1e-2,.2e-2,.1e-2,.2e-2,.1e-2,.1\
e-2,.2e-2,.1e-2,.1e-2,.1e-2,.1e-2,.1e-2,.1e-2,.2e-2,.2e-2,.1e-2,.1e-2,.1e-2,.1e\
-2,.1e-2,.1e-2,.1e-2,.1e-2,.2e-2,.1e-2,.1e-2,.1e-2,.1e-2,.1e-2,.1e-2,.2e-2,.2e-\
2,.1e-2,.1e-2,.1e-2,.1e-2,.1e-2,.1e-2,.2e-2,.1e-2,.2e-2,.2e-2,.1e-2,.1e-2,.1e-2
,.2e-2,.1e-2,.1e-2,.2e-2,.1e-2,.1e-2,.1e-2,.2e-2,.1e-2,.2e-2,.1e-2,.2e-2,.1e-2,
.1e-2,.1e-2,.1e-2,.1e-2,.2e-2,.1e-2,.2e-2,.1e-2,.1e-2,.1e-2,.2e-2,.1e-2,.1e-2,.\
1e-2,.2e-2,.2e-2,.2e-2,.2e-2,.1e-2,.1e-2,.2e-2,.1e-2,.1e-2,.1e-2,.1e-2,.1e-2,.1\
e-2,.1e-2,.1e-2,.1e-2,.1e-2,.1e-2,.1e-2,.1e-2,.1e-2,.2e-2,.3e-2,.3e-2,.2e-2,.1e\
-2,.1e-2,.1e-2,.1e-2,.1e-2,.1e-2,.1e-2,.1e-2,.2e-2,.1e-2,.2e-2,.1e-2,.1e-2,.1e-\
2,.1e-2,.2e-2,.1e-2,.2e-2,.1e-2,.2e-2,.2e-2,.1e-2,.2e-2,.1e-2,.1e-2,.1e-2,.1e-2
,.1e-2,.1e-2,.1e-2,.1e-2,.1e-2,.1e-2,.2e-2,.2e-2,.2e-2,.2e-2,.2e-2,.1e-2,.1e-2,
.1e-2,.2e-2,.2e-2,.2e-2,.2e-2,.1e-2,.1e-2,.1e-2,.2e-2,.2e-2,.2e-2,.2e-2,.1e-2,.\
2e-2,.1e-2,.2e-2,.1e-2,.2e-2,.1e-2,.1e-2,.2e-2,.2e-2,.1e-2,.2e-2,.2e-2,.1e-2,.2\
e-2,.3e-2,.1e-2,.2e-2,.1e-2,.2e-2,.1e-2,.1e-2,.1e-2,.1e-2,.2e-2,.1e-2,.2e-2,.2e\
-2,.2e-2,.2e-2,.1e-2,.2e-2,.1e-2,.2e-2,.2e-2,.1e-2,.3e-2,.2e-2,.2e-2,.1e-2,.3e-\
2,.1e-2,.1e-2,.2e-2,.1e-2,.2e-2,.2e-2,.2e-2,.2e-2,.2e-2,.1e-2,.2e-2,.1e-2,.2e-2
,.1e-2,.2e-2,.2e-2,.2e-2,.2e-2,.2e-2,.2e-2,.2e-2,.2e-2,.1e-2,.2e-2,.2e-2,.1e-2,
.2e-2,.1e-2,.2e-2,.1e-2,.1e-2,.1e-2,.1e-2,.2e-2,.1e-2,.2e-2,.2e-2,.2e-2,.1e-2,.\
1e-2,.1e-2,.1e-2,.1e-2,.1e-2,.1e-2,.2e-2,.2e-2,.1e-2,.1e-2,.1e-2,.1e-2,.1e-2,.1\
e-2,.1e-2,.1e-2,.2e-2,.1e-2,.2e-2,.1e-2,.2e-2,.2e-2,.1e-2,.2e-2,.1e-2,.2e-2,.2e\
-2,.1e-2,.1e-2,.1e-2,.1e-2,.2e-2,.1e-2,.2e-2,.2e-2,.1e-2,.1e-2,.2e-2,.1e-2,.2e-\
2,.1e-2,.1e-2,.2e-2,.2e-2,.1e-2,.2e-2,.1e-2,.1e-2,.1e-2,.1e-2,.2e-2,.1e-2,.1e-2
,.1e-2,.2e-2,.2e-2,.1e-2,.2e-2,.2e-2,.1e-2,.1e-2,.1e-2,.1e-2,.1e-2,.2e-2,.2e-2,
.1e-2,.1e-2,.1e-2,.1e-2,.1e-2,.1e-2,.1e-2,.1e-2,.2e-2,.1e-2,.1e-2,.1e-2,.1e-2,.\
1e-2,.1e-2,.1e-2,.2e-2,.1e-2,.2e-2,.1e-2,.1e-2,.1e-2,.2e-2,.2e-2,.2e-2,.1e-2,.2\
e-2,.1e-2,.2e-2,.1e-2,.2e-2,.1e-2,.1e-2,.2e-2,.1e-2,.1e-2,.1e-2,.1e-2,.2e-2,.1e\
-2,.1e-2,.1e-2,.1e-2,.2e-2,.2e-2,.1e-2,.2e-2,.2e-2,.1e-2,.1e-2,.1e-2,.2e-2,.1e-\
2,.2e-2,.2e-2,.2e-2,.1e-2,.2e-2,.1e-2,.2e-2,.1e-2,.1e-2,.1e-2,.1e-2,.1e-2,.3e-2
,.2e-2,.2e-2,.2e-2,.1e-2,.1e-2,.1e-2,.2e-2,.2e-2,.1e-2,.1e-2,.1e-2,.1e-2,.2e-2,
.2e-2,.1e-2,.1e-2,.2e-2,.1e-2,.2e-2,.1e-2,.1e-2,.1e-2,.2e-2,.2e-2,.1e-2,.2e-2,.\
2e-2,.1e-2,.2e-2,.1e-2,.1e-2,.1e-2,.1e-2,.2e-2,.1e-2,.1e-2,.2e-2,.1e-2,.1e-2,.2\
e-2,.2e-2,.1e-2,.2e-2,.1e-2,.1e-2,.2e-2,.2e-2,.2e-2,.1e-2,.1e-2,.1e-2,.1e-2,.1e\
-2,.2e-2,.2e-2,.2e-2,.1e-2,.1e-2,.2e-2,.4e-2,.1e-2,.1e-2,.2e-2,.2e-2,.1e-2,.1e-\
2,.2e-2,.1e-2,.2e-2,.1e-2,.1e-2,.1e-2,.1e-2,.2e-2,.2e-2,.1e-2,.1e-2,.2e-2,.1e-2
,.2e-2,.1e-2,.1e-2,.2e-2,.2e-2,.1e-2,.1e-2,.1e-2,.1e-2,.1e-2,.1e-2,.2e-2,.1e-2,
.2e-2,.1e-2,.2e-2,.2e-2,.2e-2,.1e-2,.4e-2,.1e-2,.1e-2,.2e-2,.2e-2,.2e-2,.1e-2,.\
2e-2,.2e-2,.1e-2,.1e-2,.2e-2,.2e-2,.1e-2,.2e-2,.2e-2,.1e-2,.2e-2,.1e-2,.2e-2,.1\
e-2,.2e-2,.2e-2,.2e-2,.2e-2,.1e-2,.2e-2,.1e-2,.2e-2,.1e-2,.2e-2,.2e-2,.2e-2,.1e\
-2,.2e-2,.2e-2,.1e-2,.1e-2,.1e-2,.1e-2,.2e-2,.1e-2,.1e-2,.1e-2,.1e-2,.1e-2,.2e-\
2,.1e-2,.2e-2,.2e-2,.2e-2,.2e-2,.1e-2,.1e-2,.1e-2,.1e-2,.1e-2,.2e-2,.2e-2,.2e-2
,.2e-2,.1e-2,.1e-2,.2e-2,.1e-2,.2e-2,.2e-2,.1e-2,.1e-2,.2e-2,.1e-2,.1e-2,.1e-2,
.1e-2,.1e-2,.1e-2,.1e-2,.2e-2,.2e-2,.1e-2,.1e-2,.1e-2,.1e-2,.1e-2,.1e-2,.1e-2,.\
1e-2,.1e-2,.2e-2,.2e-2,.2e-2,.1e-2,.1e-2,.2e-2,.2e-2,.2e-2,.3e-2,.3e-2,.3e-2,.1\
e-2,.2e-2,.1e-2,.2e-2,.2e-2,.3e-2,.3e-2,.2e-2,.2e-2,.1e-2,.2e-2,.3e-2,.4e-2,.3e\
-2,.1e-2,.2e-2,.1e-2,.1e-2,.2e-2,.2e-2,.1e-2,.1e-2,.1e-2,.1e-2,.1e-2,.1e-2,.2e-\
2,.1e-2,.1e-2,.1e-2,.2e-2,.2e-2,.1e-2,.2e-2,.2e-2,.1e-2,.1e-2,.2e-2,.1e-2,.1e-2
,.2e-2,.1e-2,.2e-2,.2e-2,.2e-2,.2e-2,.2e-2,.2e-2,.2e-2,.2e-2,.1e-2,.1e-2,.1e-2,
.1e-2,.2e-2,.1e-2,.1e-2,.2e-2,.3e-2,.2e-2,.1e-2,.3e-2,.1e-2,.3e-2,.1e-2,.3e-2,.\
2e-2,.2e-2,.1e-2,.2e-2,.1e-2,.2e-2,.1e-2,.2e-2,.2e-2,.4e-2,.3e-2,.1e-2,.1e-2,.1\
e-2,.1e-2,.2e-2,.2e-2,.2e-2,.1e-2,.1e-2,.10e-1,.2e-2,.2e-2,.2e-2,.1e-2,.1e-2,.1\
e-2,.1e-2,.1e-2,.1e-2,.2e-2,.1e-2,.1e-2,.1e-2,.1e-2,.1e-2,.2e-2,.2e-2,.1e-2,.2e\
-2,.2e-2,.1e-2,.1e-2,.2e-2,.1e-2,.1e-2,.2e-2,.1e-2,.1e-2,.1e-2,.1e-2,.1e-2,.1e-\
2,.1e-2,.2e-2,.1e-2,.2e-2,.1e-2,.2e-2,.2e-2,.1e-2,.1e-2,.1e-2,.1e-2,.2e-2,.2e-2
,.1e-2,.2e-2,.1e-2,.2e-2,.2e-2,.1e-2,.1e-2,.1e-2,.2e-2,.1e-2,.1e-2,.2e-2,.2e-2,
.2e-2,.1e-2,.1e-2,.2e-2,.1e-2,.1e-2,.2e-2,.2e-2,.2e-2,.2e-2,.1e-2,.1e-2,.1e-2,.\
1e-2,.1e-2,.1e-2,.2e-2,.2e-2,.1e-2,.1e-2,.1e-2,.2e-2,.1e-2,.1e-2,.1e-2,.1e-2,.1\
e-2,.2e-2,.2e-2,.1e-2,.2e-2,.2e-2,.2e-2,.1e-2,.2e-2,.2e-2,.1e-2,.2e-2,.1e-2,.1e\
-2,.1e-2,.2e-2,.2e-2,.1e-2,.1e-2,.1e-2,.2e-2,.1e-2,.1e-2,.1e-2,.1e-2,.2e-2,.2e-\
2,.1e-2,.1e-2,.1e-2,.1e-2,.2e-2,.2e-2,.1e-2,.1e-2,.1e-2,.1e-2,.1e-2,.1e-2,.2e-2
,.1e-2,.2e-2,.1e-2,.1e-2,.1e-2,.1e-2,.1e-2,.1e-2,.1e-2,.1e-2,.2e-2,.1e-2,.2e-2,
.2e-2,.2e-2,.1e-2,.2e-2,.1e-2,.2e-2,.1e-2,.1e-2,.1e-2,.1e-2,.2e-2,.2e-2,.2e-2,.\
1e-2,.1e-2,.1e-2,.2e-2,.2e-2,.1e-2,.1e-2,.2e-2,.1e-2,.1e-2,.2e-2,.1e-2,.2e-2,.1\
e-2,.2e-2,.2e-2,.2e-2,.2e-2,.2e-2,.2e-2,.1e-2,.1e-2,.1e-2,.2e-2,.1e-2,.1e-2,.2e\
-2,.2e-2,.2e-2,.1e-2,.1e-2,.1e-2,.2e-2,.1e-2,.1e-2,.2e-2,.1e-2,.2e-2,.1e-2,.2e-\
2,.1e-2,.1e-2,.1e-2,.1e-2,.1e-2,.1e-2,.1e-2,.2e-2,.1e-2,.1e-2,.1e-2,.1e-2,.1e-2
,.2e-2,.2e-2,.1e-2,.1e-2,.2e-2,.1e-2,.1e-2,.2e-2,.2e-2,.1e-2,.1e-2,.1e-2,.1e-2,
.1e-2,.1e-2,.1e-2,.2e-2,.1e-2,.1e-2,.1e-2,.2e-2,.1e-2,.2e-2,.1e-2,.1e-2,.1e-2,.\
1e-2,.1e-2,.1e-2,.126,.2e-2,.1e-2,.1e-2,.1e-2,.1e-2,.1e-2,.1e-2,.2e-2,.1e-2,.1e\
-2,.2e-2,.2e-2,.2e-2,.2e-2,.1e-2,.1e-2,.2e-2,.1e-2,.2e-2,.2e-2,.1e-2,.2e-2,.1e-\
2,.2e-2,.1e-2,.1e-2,.1e-2,.1e-2,.1e-2,.1e-2,.1e-2,.1e-2,.2e-2,.1e-2,.1e-2,.2e-2
,.2e-2,.1e-2,.1e-2,.1e-2,.1e-2,.1e-2,.1e-2,.1e-2,.1e-2,.2e-2,.1e-2,.2e-2,.2e-2,
.2e-2,.1e-2,.2e-2,.1e-2,.2e-2,.2e-2,.2e-2,.2e-2,.1e-2,.2e-2,.2e-2,.2e-2,.1e-2,.\
1e-2,.2e-2,.2e-2,.1e-2,.1e-2,.2e-2,.2e-2,.1e-2,.1e-2,.1e-2,.2e-2,.1e-2,.1e-2,.1\
e-2,.2e-2,.1e-2,.2e-2,.2e-2,.1e-2,.1e-2,.1e-2,.1e-2,.1e-2,.2e-2,.1e-2,.1e-2,.2e\
-2,.2e-2,.1e-2,.2e-2,.2e-2,.1e-2,.3e-2,.1e-2,.2e-2,.2e-2,.2e-2,.1e-2,.1e-2,.1e-\
2,.1e-2,.1e-2,.1e-2,.2e-2,.2e-2,.1e-2,.1e-2,.2e-2,.1e-2,.1e-2,.1e-2,.1e-2,.1e-2
,.1e-2,.1e-2,.2e-2,.2e-2,.2e-2,.1e-2,.1e-2,.2e-2,.2e-2,.1e-2,.1e-2,.1e-2,.1e-2,
.1e-2,.1e-2,.2e-2,.2e-2,.2e-2,.2e-2,.2e-2,.2e-2,.2e-2,.2e-2,.2e-2,.2e-2,.2e-2,.\
1e-2,.1e-2,.2e-2,.1e-2,.1e-2,.1e-2,.2e-2,.2e-2,.1e-2,.1e-2,.2e-2,.1e-2,.1e-2,.2\
e-2,.2e-2,.2e-2,.2e-2,.2e-2,.1e-2,.1e-2,.1e-2,.1e-2,.1e-2,.3e-2,.3e-2,.1e-2,.1e\
-2,.2e-2,.2e-2,.1e-2,.1e-2,.2e-2,.1e-2,.2e-2,.1e-2,.1e-2,.1e-2,.1e-2,.2e-2,.1e-\
2,.2e-2,.2e-2,.1e-2,.1e-2,.1e-2,.2e-2,.1e-2,.1e-2,.1e-2,.2e-2,.2e-2,.1e-2,.1e-2
,.2e-2,.1e-2,.1e-2,.1e-2,.2e-2,.1e-2,.1e-2,.1e-2,.1e-2,.2e-2,.2e-2,.1e-2,.1e-2,
.1e-2,.2e-2,.1e-2,.1e-2,.1e-2,.2e-2,.1e-2,.2e-2,.2e-2,.1e-2,.1e-2,.1e-2,.1e-2,.\
1e-2,.2e-2,.1e-2,.2e-2,.2e-2,.2e-2,.1e-2,.1e-2,.2e-2,.1e-2,.1e-2,.2e-2,.2e-2,.1\
e-2,.2e-2,.2e-2,.1e-2,.2e-2,.2e-2,.1e-2,.1e-2,.2e-2,.2e-2,.2e-2,.1e-2,.2e-2,.2e\
-2,.2e-2,.1e-2,.1e-2,.1e-2,.2e-2,.2e-2,.1e-2,.1e-2,.1e-2,.1e-2,.1e-2,.1e-2,.1e-\
2,.1e-2,.1e-2,.2e-2,.2e-2,.2e-2,.1e-2,.1e-2,.1e-2,.1e-2,.2e-2,.2e-2,.2e-2,.2e-2
,.1e-2,.1e-2,.1e-2,.1e-2,.3e-2,.2e-2,.1e-2,.1e-2,.1e-2,.2e-2,.1e-2,.1e-2,.2e-2,
.2e-2,.2e-2,.1e-2,.1e-2,.2e-2,.1e-2,.1e-2,.1e-2,.1e-2,.1e-2,.1e-2,.1e-2,.2e-2,.\
1e-2,.1e-2,.1e-2,.2e-2,.2e-2,.1e-2,.1e-2,.2e-2,.2e-2,.1e-2,.1e-2,.1e-2,.1e-2,.1\
e-2,.1e-2,.2e-2,.1e-2,.1e-2,.1e-2,.1e-2,.2e-2,.1e-2,.1e-2,.1e-2,.2e-2,.1e-2,.2e\
-2,.1e-2,.1e-2,.1e-2,.1e-2,.2e-2,.2e-2,.1e-2,.2e-2,.1e-2,.1e-2,.2e-2,.1e-2,.2e-\
2,.1e-2,.1e-2,.1e-2,.1e-2,.1e-2,.2e-2,.2e-2,.1e-2,.1e-2,.2e-2,.2e-2,.2e-2,.1e-2
,.1e-2,.1e-2,.1e-2,.1e-2,.1e-2,.2e-2,.2e-2,.1e-2,.1e-2,.1e-2,.1e-2,.1e-2,.2e-2,
.1e-2,.2e-2,.1e-2,.1e-2,.1e-2,.2e-2,.2e-2,.2e-2,.1e-2,.2e-2,.1e-2,.1e-2,.1e-2,.\
1e-2,.2e-2,.1e-2,.1e-2,.2e-2,.2e-2,.1e-2,.1e-2,.1e-2,.1e-2,.1e-2,.1e-2,.2e-2,.1\
e-2,.1e-2,.1e-2,.1e-2,.1e-2,.2e-2,.1e-2,.2e-2,.2e-2,.1e-2,.1e-2,.2e-2,.1e-2,.1e\
-2,.1e-2,.1e-2,.2e-2,.1e-2,.1e-2,.1e-2,.1e-2,.1e-2,.2e-2,.1e-2,.1e-2,.1e-2,.1e-\
2,.2e-2,.1e-2,.2e-2,.1e-2,.2e-2,.1e-2,.1e-2,.1e-2,.1e-2,.2e-2,.1e-2,.1e-2,.2e-2
,.2e-2,.2e-2,.1e-2,.2e-2,.1e-2,.1e-2,.1e-2,.1e-2,.1e-2,.1e-2,.1e-2,.1e-2,.1e-2,
.2e-2,.1e-2,.1e-2,.2e-2,.1e-2,.1e-2,.1e-2,.1e-2,.1e-2,.1e-2,.1e-2,.2e-2,.2e-2,.\
1e-2,.2e-2,.1e-2,.2e-2,.1e-2,.1e-2,.2e-2,.1e-2,.2e-2,.1e-2,.2e-2,.2e-2,.1e-2,.1\
e-2,.1e-2,.1e-2,.1e-2,.1e-2,.1e-2,.1e-2,.1e-2,.2e-2,.1e-2,.1e-2,.1e-2,.1e-2,.2e\
-2,.1e-2,.1e-2,.2e-2,.2e-2,.1e-2,.2e-2,.1e-2,.1e-2,.2e-2,.2e-2,.1e-2,.1e-2,.2e-\
2,.1e-2,.2e-2,.2e-2,.1e-2,.1e-2,.2e-2,.1e-2,.1e-2,.1e-2,.1e-2,.2e-2,.1e-2,.1e-2
,.1e-2,.1e-2,.2e-2,.1e-2,.1e-2,.1e-2,.2e-2,.2e-2,.2e-2,.1e-2,.1e-2,.2e-2,.2e-2,
.1e-2,.1e-2,.1e-2,.2e-2,.1e-2,.2e-2,.2e-2,.1e-2,.1e-2,.1e-2,.2e-2,.1e-2,.2e-2,.\
2e-2,.1e-2,.1e-2,.1e-2,.1e-2,.1e-2,.2e-2,.2e-2,.1e-2,.1e-2,.1e-2,.1e-2,.1e-2,.1\
e-2,.1e-2,.1e-2,.2e-2,.1e-2,.2e-2,.1e-2,.1e-2,.1e-2,.2e-2,.1e-2,.2e-2,.1e-2,.1e\
-2,.2e-2,.1e-2,.1e-2,.1e-2,.1e-2,.1e-2,.1e-2,.1e-2,.2e-2,.2e-2,.1e-2,.2e-2,.2e-\
2,.2e-2,.1e-2,.1e-2,.1e-2,.1e-2,.1e-2,.1e-2,.1e-2,.1e-2,.1e-2,.2e-2,.1e-2,.1e-2
,.2e-2,.1e-2,.1e-2,.1e-2,.1e-2,.1e-2,.1e-2,.2e-2,.1e-2,.1e-2,.1e-2,.2e-2,.2e-2,
.1e-2,.2e-2,.1e-2,.1e-2],[.1e-2,.1e-2,.2e-2,.1e-2,.1e-2,.1e-2,.1e-2,.1e-2,.1e-2
,.1e-2,.1e-2,.1e-2,.2e-2,.2e-2,.2e-2,.1e-2,.1e-2,.1e-2,.1e-2,.1e-2,.1e-2,.1e-2,
.1e-2,.1e-2,.1e-2,.1e-2,.1e-2,.1e-2,.2e-2,.2e-2,.2e-2,.1e-2,.1e-2,.1e-2,.1e-2,.\
1e-2,.1e-2,.1e-2,.2e-2,.1e-2,.2e-2,.1e-2,.1e-2,.2e-2,.1e-2,.1e-2,.1e-2,.1e-2,.1\
e-2,.1e-2,.2e-2,.2e-2,.1e-2,.1e-2,.1e-2,.2e-2,.1e-2,.1e-2,.1e-2,.1e-2,.1e-2,.1e\
-2,.1e-2,.1e-2,.1e-2,.2e-2,.1e-2,.1e-2,.2e-2,.1e-2,.1e-2,.2e-2,.2e-2,.1e-2,.1e-\
2,.2e-2,.1e-2,.1e-2,.1e-2,.1e-2,.2e-2,.2e-2,.2e-2,.1e-2,.2e-2,.2e-2,.1e-2,.1e-2
,.1e-2,.1e-2,.1e-2,.2e-2,.1e-2,.1e-2,.1e-2,.2e-2,.1e-2,.1e-2,.1e-2,.1e-2,.1e-2,
.2e-2,.1e-2,.2e-2,.2e-2,.1e-2,.2e-2,.2e-2,.2e-2,.2e-2,.2e-2,.2e-2,.1e-2,.2e-2,.\
1e-2,.1e-2,.1e-2,.1e-2,.1e-2,.2e-2,.1e-2,.2e-2,.1e-2,.1e-2,.1e-2,.2e-2,.1e-2,.1\
e-2,.1e-2,.2e-2,.1e-2,.1e-2,.2e-2,.1e-2,.1e-2,.1e-2,.1e-2,.2e-2,.1e-2,.1e-2,.1e\
-2,.1e-2,.1e-2,.1e-2,.1e-2,.1e-2,.2e-2,.1e-2,.2e-2,.1e-2,.1e-2,.1e-2,.1e-2,.1e-\
2,.1e-2,.1e-2,.2e-2,.1e-2,.1e-2,.1e-2,.1e-2,.2e-2,.1e-2,.1e-2,.1e-2,.1e-2,.1e-2
,.1e-2,.1e-2,.2e-2,.2e-2,.2e-2,.1e-2,.1e-2,.1e-2,.1e-2,.1e-2,.1e-2,.1e-2,.1e-2,
.1e-2,.1e-2,.2e-2,.1e-2,.2e-2,.2e-2,.1e-2,.2e-2,.1e-2,.1e-2,.1e-2,.1e-2,.2e-2,.\
1e-2,.1e-2,.1e-2,.1e-2,.1e-2,.1e-2,.1e-2,.1e-2,.1e-2,.2e-2,.1e-2,.1e-2,.2e-2,.2\
e-2,.1e-2,.1e-2,.2e-2,.2e-2,.1e-2,.2e-2,.2e-2,.1e-2,.2e-2,.2e-2,.2e-2,.1e-2,.1e\
-2,.1e-2,.1e-2,.1e-2,.1e-2,.1e-2,.1e-2,.1e-2,.1e-2,.2e-2,.1e-2,.2e-2,.2e-2,.2e-\
2,.1e-2,.1e-2,.1e-2,.1e-2,.1e-2,.1e-2,.1e-2,.1e-2,.2e-2,.1e-2,.1e-2,.2e-2,.1e-2
,.1e-2,.1e-2,.2e-2,.2e-2,.1e-2,.1e-2,.1e-2,.1e-2,.1e-2,.2e-2,.1e-2,.2e-2,.2e-2,
.2e-2,.1e-2,.2e-2,.1e-2,.2e-2,.1e-2,.1e-2,.1e-2,.1e-2,.2e-2,.1e-2,.1e-2,.2e-2,.\
2e-2,.2e-2,.8e-2,.2e-2,.1e-2,.1e-2,.1e-2,.2e-2,.1e-2,.2e-2,.1e-2,.1e-2,.2e-2,.1\
e-2,.1e-2,.1e-2,.1e-2,.1e-2,.1e-2,.1e-2,.1e-2,.1e-2,.1e-2,.1e-2,.1e-2,.2e-2,.1e\
-2,.1e-2,.2e-2,.2e-2,.1e-2,.1e-2,.1e-2,.1e-2,.2e-2,.2e-2,.1e-2,.1e-2,.1e-2,.1e-\
2,.1e-2,.1e-2,.1e-2,.1e-2,.1e-2,.2e-2,.1e-2,.2e-2,.2e-2,.1e-2,.2e-2,.1e-2,.1e-2
,.2e-2,.2e-2,.1e-2,.2e-2,.1e-2,.1e-2,.1e-2,.1e-2,.2e-2,.1e-2,.2e-2,.2e-2,.1e-2,
.2e-2,.2e-2,.1e-2,.2e-2,.2e-2,.1e-2,.1e-2,.2e-2,.1e-2,.2e-2,.1e-2,.1e-2,.2e-2,.\
1e-2,.1e-2,.1e-2,.1e-2,.1e-2,.1e-2,.1e-2,.1e-2,.2e-2,.2e-2,.1e-2,.1e-2,.1e-2,.1\
e-2,.2e-2,.1e-2,.1e-2,.1e-2,.2e-2,.1e-2,.2e-2,.1e-2,.2e-2,.1e-2,.2e-2,.1e-2,.1e\
-2,.1e-2,.1e-2,.1e-2,.1e-2,.1e-2,.2e-2,.1e-2,.1e-2,.2e-2,.1e-2,.2e-2,.1e-2,.1e-\
2,.2e-2,.1e-2,.1e-2,.1e-2,.1e-2,.2e-2,.2e-2,.2e-2,.2e-2,.2e-2,.1e-2,.2e-2,.1e-2
,.1e-2,.1e-2,.2e-2,.1e-2,.1e-2,.1e-2,.1e-2,.2e-2,.1e-2,.1e-2,.1e-2,.2e-2,.2e-2,
.1e-2,.1e-2,.1e-2,.2e-2,.1e-2,.1e-2,.1e-2,.1e-2,.1e-2,.1e-2,.2e-2,.1e-2,.2e-2,.\
1e-2,.1e-2,.2e-2,.1e-2,.1e-2,.1e-2,.1e-2,.1e-2,.2e-2,.1e-2,.1e-2,.1e-2,.1e-2,.1\
e-2,.1e-2,.1e-2,.1e-2,.1e-2,.1e-2,.2e-2,.1e-2,.1e-2,.2e-2,.2e-2,.1e-2,.1e-2,.1e\
-2,.2e-2,.2e-2,.2e-2,.2e-2,.1e-2,.1e-2,.1e-2,.1e-2,.1e-2,.1e-2,.1e-2,.2e-2,.1e-\
2,.1e-2,.1e-2,.2e-2,.2e-2,.1e-2,.2e-2,.1e-2,.1e-2,.108,.1e-2,.2e-2,.2e-2,.1e-2,
.1e-2,.1e-2,.1e-2,.1e-2,.2e-2,.2e-2,.1e-2,.1e-2,.1e-2,.2e-2,.1e-2,.1e-2,.1e-2,.\
1e-2,.1e-2,.1e-2,.2e-2,.1e-2,.1e-2,.1e-2,.1e-2,.1e-2,.1e-2,.2e-2,.2e-2,.1e-2,.1\
e-2,.1e-2,.1e-2,.1e-2,.1e-2,.1e-2,.1e-2,.1e-2,.1e-2,.1e-2,.1e-2,.1e-2,.1e-2,.1e\
-2,.2e-2,.1e-2,.2e-2,.1e-2,.2e-2,.1e-2,.1e-2,.2e-2,.1e-2,.1e-2,.2e-2,.1e-2,.2e-\
2,.2e-2,.1e-2,.1e-2,.1e-2,.1e-2,.1e-2,.2e-2,.1e-2,.1e-2,.2e-2,.1e-2,.1e-2,.2e-2
,.2e-2,.1e-2,.1e-2,.2e-2,.2e-2,.1e-2,.2e-2,.1e-2,.1e-2,.1e-2,.1e-2,.1e-2,.1e-2,
.1e-2,.1e-2,.1e-2,.2e-2,.2e-2,.1e-2,.1e-2,.2e-2,.2e-2,.1e-2,.1e-2,.1e-2,.1e-2,.\
1e-2,.1e-2,.1e-2,.1e-2,.1e-2,.2e-2,.1e-2,.1e-2,.1e-2,.1e-2,.1e-2,.1e-2,.1e-2,.2\
e-2,.1e-2,.1e-2,.2e-2,.2e-2,.1e-2,.2e-2,.2e-2,.2e-2,.2e-2,.1e-2,.1e-2,.1e-2,.1e\
-2,.1e-2,.2e-2,.1e-2,.2e-2,.1e-2,.1e-2,.1e-2,.2e-2,.2e-2,.1e-2,.1e-2,.2e-2,.1e-\
2,.1e-2,.1e-2,.1e-2,.2e-2,.1e-2,.1e-2,.2e-2,.2e-2,.2e-2,.2e-2,.2e-2,.2e-2,.1e-2
,.2e-2,.1e-2,.2e-2,.1e-2,.2e-2,.1e-2,.2e-2,.2e-2,.1e-2,.2e-2,.1e-2,.1e-2,.1e-2,
.1e-2,.1e-2,.2e-2,.1e-2,.1e-2,.1e-2,.2e-2,.1e-2,.3e-2,.1e-2,.1e-2,.1e-2,.2e-2,.\
1e-2,.2e-2,.1e-2,.2e-2,.1e-2,.2e-2,.2e-2,.2e-2,.2e-2,.2e-2,.1e-2,.2e-2,.2e-2,.1\
e-2,.1e-2,.1e-2,.1e-2,.2e-2,.2e-2,.2e-2,.2e-2,.1e-2,.1e-2,.1e-2,.1e-2,.2e-2,.1e\
-2,.1e-2,.1e-2,.2e-2,.1e-2,.1e-2,.1e-2,.1e-2,.1e-2,.1e-2,.2e-2,.1e-2,.1e-2,.1e-\
2,.2e-2,.2e-2,.1e-2,.2e-2,.1e-2,.1e-2,.1e-2,.1e-2,.2e-2,.1e-2,.1e-2,.1e-2,.1e-2
,.2e-2,.1e-2,.1e-2,.1e-2,.1e-2,.1e-2,.1e-2,.1e-2,.3e-2,.1e-2,.1e-2,.3e-2,.2e-2,
.2e-2,.1e-2,.2e-2,.1e-2,.2e-2,.1e-2,.1e-2,.2e-2,.1e-2,.3e-2,.1e-2,.1e-2,.1e-2,.\
2e-2,.1e-2,.1e-2,.2e-2,.1e-2,.2e-2,.2e-2,.1e-2,.2e-2,.2e-2,.1e-2,.1e-2,.2e-2,.1\
e-2,.1e-2,.2e-2,.1e-2,.1e-2,.2e-2,.1e-2,.1e-2,.1e-2,.1e-2,.1e-2,.1e-2,.2e-2,.2e\
-2,.1e-2,.1e-2,.2e-2,.1e-2,.1e-2,.2e-2,.1e-2,.1e-2,.1e-2,.1e-2,.1e-2,.1e-2,.1e-\
2,.2e-2,.1e-2,.1e-2,.1e-2,.2e-2,.1e-2,.1e-2,.2e-2,.1e-2,.1e-2,.1e-2,.2e-2,.1e-2
,.1e-2,.1e-2,.2e-2,.1e-2,.1e-2,.1e-2,.2e-2,.1e-2,.1e-2,.1e-2,.2e-2,.2e-2,.2e-2,
.2e-2,.1e-2,.2e-2,.1e-2,.2e-2,.1e-2,.1e-2,.1e-2,.2e-2,.2e-2,.1e-2,.1e-2,.1e-2,.\
1e-2,.2e-2,.1e-2,.1e-2,.1e-2,.2e-2,.2e-2,.1e-2,.1e-2,.2e-2,.1e-2,.1e-2,.1e-2,.1\
e-2,.1e-2,.2e-2,.2e-2,.1e-2,.2e-2,.2e-2,.1e-2,.2e-2,.1e-2,.2e-2,.1e-2,.2e-2,.2e\
-2,.1e-2,.1e-2,.1e-2,.1e-2,.1e-2,.1e-2,.1e-2,.2e-2,.1e-2,.1e-2,.1e-2,.1e-2,.2e-\
2,.1e-2,.1e-2,.2e-2,.2e-2,.1e-2,.1e-2,.2e-2,.1e-2,.1e-2,.1e-2,.1e-2,.1e-2,.1e-2
,.1e-2,.2e-2,.1e-2,.2e-2,.2e-2,.9e-2,.2e-2,.1e-2,.1e-2,.1e-2,.2e-2,.1e-2,.1e-2,
.1e-2,.1e-2,.1e-2,.2e-2,.2e-2,.1e-2,.1e-2,.1e-2,.2e-2,.1e-2,.1e-2,.1e-2,.2e-2,.\
1e-2,.2e-2,.1e-2,.1e-2,.2e-2,.1e-2,.1e-2,.1e-2,.1e-2,.1e-2,.1e-2,.1e-2,.1e-2,.1\
e-2,.1e-2,.1e-2,.1e-2,.2e-2,.1e-2,.1e-2,.2e-2,.1e-2,.1e-2,.1e-2,.2e-2,.1e-2,.1e\
-2,.1e-2,.1e-2,.2e-2,.4e-2,.2e-2,.1e-2,.2e-2,.2e-2,.1e-2,.1e-2,.1e-2,.1e-2,.1e-\
2,.1e-2,.1e-2,.1e-2,.1e-2,.2e-2,.1e-2,.1e-2,.2e-2,.2e-2,.1e-2,.1e-2,.1e-2,.1e-2
,.1e-2,.2e-2,.2e-2,.1e-2,.2e-2,.1e-2,.1e-2,.2e-2,.1e-2,.1e-2,.2e-2,.1e-2,.1e-2,
.2e-2,.2e-2,.2e-2,.1e-2,.2e-2,.2e-2,.1e-2,.2e-2,.2e-2,.1e-2,.2e-2,.1e-2,.2e-2,.\
1e-2,.1e-2,.1e-2,.2e-2,.1e-2,.1e-2,.1e-2,.1e-2,.1e-2,.2e-2,.2e-2,.2e-2,.1e-2,.1\
e-2,.2e-2,.1e-2,.1e-2,.1e-2,.1e-2,.1e-2,.1e-2,.1e-2,.2e-2,.2e-2,.1e-2,.1e-2,.1e\
-2,.1e-2,.1e-2,.1e-2,.1e-2,.2e-2,.1e-2,.1e-2,.2e-2,.2e-2,.2e-2,.2e-2,.1e-2,.1e-\
2,.2e-2,.1e-2,.2e-2,.2e-2,.2e-2,.1e-2,.1e-2,.2e-2,.1e-2,.1e-2,.1e-2,.1e-2,.2e-2
,.1e-2,.1e-2,.1e-2,.1e-2,.1e-2,.1e-2,.1e-2,.1e-2,.2e-2,.1e-2,.1e-2,.2e-2,.2e-2,
.1e-2,.1e-2,.1e-2,.1e-2,.1e-2,.2e-2,.1e-2,.1e-2,.1e-2,.1e-2,.1e-2,.2e-2,.1e-2,.\
2e-2,.2e-2,.1e-2,.1e-2,.2e-2,.2e-2,.1e-2,.1e-2,.1e-2,.2e-2,.1e-2,.2e-2,.1e-2,.2\
e-2,.2e-2,.2e-2,.1e-2,.2e-2,.2e-2,.2e-2,.1e-2,.2e-2,.1e-2,.1e-2,.1e-2,.2e-2,.1e\
-2,.1e-2,.2e-2,.1e-2,.1e-2,.2e-2,.1e-2,.1e-2,.2e-2,.2e-2,.2e-2,.1e-2,.2e-2,.1e-\
2,.1e-2,.1e-2,.2e-2,.1e-2,.2e-2,.2e-2,.1e-2,.1e-2,.2e-2,.1e-2,.1e-2,.2e-2,.2e-2
,.2e-2,.2e-2,.1e-2,.1e-2,.1e-2,.2e-2,.1e-2,.1e-2,.1e-2,.1e-2,.1e-2,.1e-2,.2e-2,
.1e-2,.1e-2,.1e-2,.1e-2,.1e-2,.1e-2,.1e-2,.1e-2,.1e-2,.2e-2,.2e-2,.1e-2,.1e-2,.\
2e-2,.1e-2,.1e-2,.2e-2,.2e-2,.2e-2,.2e-2,.1e-2,.1e-2,.1e-2,.2e-2,.1e-2,.2e-2,.2\
e-2,.2e-2,.1e-2,.2e-2,.2e-2,.1e-2,.1e-2,.1e-2,.1e-2,.2e-2,.2e-2,.2e-2,.1e-2,.1e\
-2,.1e-2,.1e-2,.1e-2,.1e-2,.1e-2,.1e-2,.1e-2,.1e-2,.1e-2,.2e-2,.1e-2,.1e-2,.1e-\
2,.1e-2,.1e-2,.1e-2,.1e-2,.1e-2,.1e-2,.1e-2,.1e-2,.1e-2,.1e-2,.1e-2,.1e-2,.2e-2
,.2e-2,.2e-2,.2e-2,.1e-2,.2e-2,.1e-2,.2e-2,.2e-2,.2e-2,.1e-2,.1e-2,.1e-2,.1e-2,
.2e-2,.2e-2,.2e-2,.1e-2,.1e-2,.1e-2,.2e-2,.1e-2,.2e-2,.1e-2,.1e-2,.1e-2,.1e-2,.\
1e-2,.1e-2,.1e-2,.2e-2,.2e-2,.1e-2,.1e-2,.1e-2,.2e-2,.1e-2,.2e-2,.2e-2,.1e-2,.1\
e-2,.2e-2,.1e-2,.1e-2,.1e-2,.1e-2,.1e-2,.1e-2,.2e-2,.2e-2,.1e-2,.2e-2,.2e-2,.1e\
-2,.2e-2,.1e-2,.2e-2,.1e-2,.1e-2,.2e-2,.1e-2,.2e-2,.2e-2,.1e-2,.2e-2,.2e-2,.2e-\
2,.1e-2,.2e-2,.1e-2,.2e-2,.2e-2,.1e-2,.1e-2,.2e-2,.2e-2,.2e-2,.1e-2,.1e-2,.1e-2
,.1e-2,.1e-2,.1e-2,.1e-2,.1e-2,.1e-2,.2e-2,.1e-2,.2e-2,.2e-2,.2e-2,.1e-2,.1e-2,
.1e-2,.2e-2,.1e-2,.2e-2,.1e-2,.2e-2,.1e-2,.1e-2,.1e-2,.2e-2,.2e-2,.1e-2,.1e-2,.\
2e-2,.1e-2,.2e-2,.1e-2,.2e-2,.1e-2,.1e-2,.2e-2,.3e-2,.2e-2,.1e-2,.1e-2,.2e-2,.2\
e-2,.2e-2,.1e-2,.1e-2,.1e-2,.1e-2,.1e-2,.1e-2,.1e-2,.1e-2,.2e-2,.2e-2,.2e-2,.1e\
-2,.1e-2,.1e-2,.1e-2,.1e-2,.1e-2,.1e-2,.1e-2,.1e-2,.2e-2,.1e-2,.1e-2,.2e-2,.2e-\
2,.2e-2,.1e-2,.2e-2,.1e-2,.1e-2,.2e-2,.1e-2,.1e-2,.1e-2,.2e-2,.2e-2,.1e-2,.2e-2
,.1e-2,.1e-2,.1e-2,.1e-2,.1e-2,.1e-2,.2e-2,.2e-2,.1e-2,.2e-2,.1e-2,.2e-2,.2e-2,
.1e-2,.2e-2,.1e-2,.2e-2,.2e-2,.1e-2,.2e-2,.1e-2,.1e-2,.1e-2,.1e-2,.1e-2,.1e-2,.\
1e-2,.1e-2,.1e-2,.2e-2,.2e-2,.1e-2,.2e-2,.1e-2,.2e-2,.1e-2,.1e-2,.2e-2,.1e-2,.1\
e-2,.2e-2,.1e-2,.2e-2,.1e-2,.1e-2,.1e-2,.1e-2,.1e-2,.1e-2,.1e-2,.2e-2,.1e-2,.1e\
-2,.1e-2,.1e-2,.2e-2,.1e-2,.2e-2,.1e-2,.1e-2,.2e-2,.2e-2,.1e-2,.1e-2,.2e-2,.1e-\
2,.1e-2,.1e-2,.1e-2,.1e-2,.1e-2,.1e-2,.1e-2,.1e-2,.2e-2,.1e-2,.2e-2,.1e-2,.2e-2
,.1e-2,.1e-2,.1e-2,.2e-2,.1e-2,.1e-2,.2e-2,.1e-2,.2e-2,.2e-2,.1e-2,.1e-2,.1e-2,
.2e-2,.1e-2,.1e-2,.1e-2,.1e-2,.1e-2,.1e-2,.1e-2,.1e-2,.1e-2,.1e-2,.2e-2,.1e-2,.\
1e-2,.1e-2,.2e-2,.1e-2,.2e-2,.1e-2,.1e-2,.2e-2,.1e-2,.1e-2,.1e-2,.1e-2,.2e-2,.1\
e-2,.2e-2,.1e-2,.1e-2,.1e-2,.1e-2,.1e-2,.1e-2,.2e-2,.2e-2,.2e-2,.1e-2,.1e-2,.2e\
-2,.1e-2,.1e-2,.1e-2,.2e-2,.1e-2,.1e-2,.1e-2,.2e-2,.2e-2,.1e-2,.1e-2,.2e-2,.1e-\
2,.1e-2,.1e-2,.2e-2,.2e-2,.2e-2,.1e-2,.2e-2,.1e-2,.1e-2,.1e-2,.2e-2,.2e-2,.1e-2
,.2e-2,.2e-2,.1e-2,.1e-2,.1e-2,.1e-2,.1e-2,.1e-2,.1e-2,.2e-2,.1e-2,.2e-2,.1e-2,
.2e-2,.1e-2,.2e-2,.2e-2,.1e-2,.1e-2,.1e-2,.1e-2,.1e-2,.1e-2,.1e-2,.108,.1e-2,.1\
e-2,.1e-2,.1e-2,.2e-2,.2e-2,.2e-2,.1e-2,.1e-2,.1e-2,.1e-2,.2e-2,.2e-2,.1e-2,.2e\
-2,.1e-2,.1e-2,.1e-2,.2e-2,.1e-2,.2e-2,.1e-2,.1e-2,.1e-2,.1e-2,.1e-2,.1e-2,.1e-\
2,.1e-2,.1e-2,.1e-2,.2e-2,.1e-2,.1e-2,.2e-2,.2e-2,.2e-2,.2e-2,.2e-2,.1e-2,.1e-2
,.2e-2,.1e-2,.2e-2,.1e-2,.2e-2,.1e-2,.1e-2,.2e-2,.2e-2,.2e-2,.1e-2,.1e-2,.2e-2,
.1e-2,.1e-2,.1e-2,.1e-2,.2e-2,.2e-2,.2e-2,.1e-2,.1e-2,.2e-2,.2e-2,.2e-2,.1e-2,.\
2e-2,.2e-2,.2e-2,.1e-2,.1e-2,.3e-2,.2e-2,.1e-2,.2e-2,.2e-2,.1e-2,.1e-2,.1e-2,.2\
e-2,.1e-2,.2e-2,.1e-2,.1e-2,.2e-2,.1e-2,.2e-2,.1e-2,.2e-2,.1e-2,.2e-2,.2e-2,.2e\
-2,.1e-2,.1e-2,.1e-2,.2e-2,.1e-2,.2e-2,.124,.1e-2,.2e-2,.2e-2,.2e-2,.1e-2,.2e-2
,.1e-2,.1e-2,.1e-2,.1e-2,.2e-2,.1e-2,.2e-2,.2e-2,.2e-2,.1e-2,.2e-2,.2e-2,.3e-2,
.2e-2,.1e-2,.1e-2,.1e-2,.2e-2,.1e-2,.2e-2,.2e-2,.1e-2,.2e-2,.1e-2,.1e-2,.1e-2,.\
1e-2,.1e-2,.1e-2,.1e-2,.2e-2,.1e-2,.1e-2,.2e-2,.1e-2,.1e-2,.1e-2,.1e-2,.1e-2,.1\
e-2,.2e-2,.2e-2,.1e-2,.1e-2,.1e-2,.1e-2,.2e-2,.1e-2,.2e-2,.1e-2,.2e-2,.1e-2,.2e\
-2,.1e-2,.2e-2,.1e-2,.1e-2,.1e-2,.1e-2,.1e-2,.2e-2,.1e-2,.2e-2,.1e-2,.1e-2,.1e-\
2,.2e-2,.2e-2,.1e-2,.1e-2,.2e-2,.2e-2,.1e-2,.1e-2,.1e-2,.2e-2,.1e-2,.1e-2,.2e-2
,.1e-2,.1e-2,.1e-2,.1e-2,.1e-2,.1e-2,.2e-2,.1e-2,.1e-2,.2e-2,.1e-2,.1e-2,.1e-2,
.2e-2,.2e-2,.1e-2,.2e-2,.1e-2,.1e-2,.1e-2,.2e-2,.1e-2,.2e-2,.1e-2,.1e-2,.1e-2,.\
2e-2,.2e-2,.1e-2,.1e-2,.1e-2,.1e-2,.2e-2,.1e-2,.2e-2,.1e-2,.2e-2,.2e-2,.1e-2,.1\
e-2,.1e-2,.2e-2,.1e-2,.2e-2,.2e-2,.1e-2,.2e-2,.1e-2,.2e-2,.1e-2,.1e-2,.1e-2,.1e\
-2,.1e-2,.1e-2,.1e-2,.2e-2,.2e-2,.2e-2,.1e-2,.2e-2,.1e-2,.1e-2,.1e-2,.2e-2,.2e-\
2,.1e-2,.2e-2,.1e-2,.1e-2,.1e-2,.2e-2,.2e-2,.1e-2,.1e-2,.1e-2,.1e-2,.1e-2,.2e-2
,.1e-2,.1e-2,.1e-2,.1e-2,.1e-2,.2e-2,.1e-2,.1e-2,.2e-2,.1e-2,.1e-2,.1e-2,.1e-2,
.1e-2,.1e-2,.1e-2,.1e-2,.1e-2,.1e-2,.1e-2,.1e-2,.2e-2,.1e-2,.1e-2,.1e-2,.1e-2,.\
1e-2,.2e-2,.1e-2,.1e-2,.1e-2,.2e-2,.1e-2,.1e-2,.1e-2,.1e-2,.1e-2,.2e-2,.1e-2,.2\
e-2,.1e-2,.1e-2,.2e-2,.16e-1,.2e-2,.2e-2,.1e-2,.2e-2,.1e-2,.1e-2,.1e-2,.1e-2,.1\
e-2,.2e-2,.1e-2,.1e-2,.1e-2,.1e-2,.1e-2,.2e-2,.1e-2,.2e-2,.1e-2,.2e-2,.1e-2,.1e\
-2,.1e-2,.1e-2,.1e-2,.1e-2,.1e-2,.1e-2,.1e-2,.1e-2,.2e-2,.1e-2,.1e-2,.1e-2,.1e-\
2,.1e-2,.2e-2,.2e-2,.1e-2,.1e-2,.2e-2,.1e-2,.1e-2,.1e-2,.1e-2,.2e-2,.1e-2,.1e-2
,.2e-2,.2e-2,.1e-2,.1e-2,.1e-2,.1e-2,.2e-2,.1e-2,.2e-2,.2e-2,.1e-2,.2e-2,.1e-2,
.1e-2,.2e-2,.1e-2,.2e-2,.1e-2,.2e-2,.2e-2,.1e-2,.2e-2,.1e-2,.1e-2,.2e-2,.1e-2,.\
2e-2,.2e-2,.2e-2,.2e-2,.1e-2,.1e-2,.2e-2,.1e-2,.2e-2,.1e-2,.2e-2,.2e-2,.1e-2,.2\
e-2,.2e-2,.1e-2,.1e-2,.1e-2,.1e-2,.1e-2,.1e-2,.1e-2,.1e-2,.1e-2,.1e-2,.2e-2,.1e\
-2,.2e-2,.1e-2,.2e-2,.1e-2,.1e-2,.1e-2,.1e-2,.1e-2,.1e-2,.1e-2,.1e-2,.1e-2,.1e-\
2,.2e-2,.2e-2,.1e-2,.2e-2,.2e-2,.1e-2,.1e-2,.2e-2,.2e-2,.1e-2,.2e-2,.2e-2,.1e-2
,.1e-2,.1e-2,.2e-2,.1e-2,.1e-2,.1e-2,.1e-2,.1e-2,.1e-2,.1e-2,.1e-2,.2e-2,.1e-2,
.1e-2,.2e-2,.1e-2,.1e-2,.1e-2,.2e-2,.1e-2,.1e-2,.2e-2,.2e-2,.2e-2,.2e-2,.1e-2,.\
1e-2,.1e-2,.2e-2,.1e-2,.2e-2,.1e-2,.1e-2,.2e-2,.1e-2,.2e-2,.1e-2,.1e-2,.1e-2,.1\
e-2,.1e-2,.1e-2,.1e-2],[.1e-2,.1e-2,.1e-2,.1e-2,.1e-2,.1e-2,.1e-2,.1e-2,.1e-2,.\
1e-2,.1e-2,.1e-2,.2e-2,.1e-2,.2e-2,.2e-2,.2e-2,.1e-2,.1e-2,.1e-2,.2e-2,.2e-2,.2\
e-2,.120,.1e-2,.1e-2,.2e-2,.1e-2,.1e-2,.1e-2,.1e-2,.1e-2,.1e-2,.1e-2,.1e-2,.1e-\
2,.1e-2,.1e-2,.1e-2,.1e-2,.1e-2,.1e-2,.1e-2,.1e-2,.2e-2,.1e-2,.1e-2,.1e-2,.1e-2
,.1e-2,.1e-2,.1e-2,.1e-2,.2e-2,.1e-2,.1e-2,.1e-2,.2e-2,.1e-2,.1e-2,.1e-2,.2e-2,
.1e-2,.2e-2,.2e-2,.2e-2,.1e-2,.1e-2,.1e-2,.1e-2,.1e-2,.1e-2,.1e-2,.2e-2,.1e-2,.\
1e-2,.1e-2,.1e-2,.1e-2,.1e-2,.1e-2,.1e-2,.1e-2,.1e-2,.1e-2,.1e-2,.1e-2,.1e-2,.1\
e-2,.2e-2,.1e-2,.1e-2,.1e-2,.1e-2,.1e-2,.1e-2,.1e-2,.1e-2,.1e-2,.1e-2,.1e-2,.1e\
-2,.2e-2,.1e-2,.2e-2,.1e-2,.1e-2,.1e-2,.1e-2,.1e-2,.1e-2,.1e-2,.1e-2,.2e-2,.1e-\
2,.2e-2,.2e-2,.1e-2,.1e-2,.1e-2,.1e-2,.1e-2,.2e-2,.1e-2,.1e-2,.2e-2,.1e-2,.2e-2
,.2e-2,.1e-2,.1e-2,.1e-2,.1e-2,.2e-2,.1e-2,.1e-2,.1e-2,.1e-2,.1e-2,.2e-2,.1e-2,
.1e-2,.1e-2,.2e-2,.1e-2,.1e-2,.2e-2,.1e-2,.1e-2,.1e-2,.1e-2,.1e-2,.1e-2,.1e-2,.\
1e-2,.2e-2,.1e-2,.2e-2,.1e-2,.1e-2,.1e-2,.1e-2,.1e-2,.1e-2,.1e-2,.2e-2,.1e-2,.1\
e-2,.1e-2,.2e-2,.1e-2,.1e-2,.1e-2,.1e-2,.1e-2,.1e-2,.2e-2,.2e-2,.1e-2,.1e-2,.1e\
-2,.1e-2,.2e-2,.1e-2,.2e-2,.1e-2,.1e-2,.1e-2,.2e-2,.1e-2,.1e-2,.1e-2,.1e-2,.1e-\
2,.1e-2,.1e-2,.1e-2,.1e-2,.1e-2,.2e-2,.2e-2,.1e-2,.1e-2,.1e-2,.1e-2,.2e-2,.1e-2
,.2e-2,.1e-2,.1e-2,.7e-2,.2e-2,.1e-2,.1e-2,.1e-2,.2e-2,.2e-2,.1e-2,.1e-2,.1e-2,
.1e-2,.1e-2,.1e-2,.2e-2,.1e-2,.2e-2,.1e-2,.1e-2,.1e-2,.1e-2,.1e-2,.2e-2,.1e-2,.\
1e-2,.2e-2,.1e-2,.1e-2,.1e-2,.2e-2,.1e-2,.1e-2,.1e-2,.2e-2,.2e-2,.1e-2,.1e-2,.1\
e-2,.1e-2,.1e-2,.1e-2,.1e-2,.1e-2,.1e-2,.1e-2,.2e-2,.2e-2,.2e-2,.1e-2,.1e-2,.1e\
-2,.2e-2,.2e-2,.1e-2,.2e-2,.1e-2,.1e-2,.2e-2,.1e-2,.1e-2,.2e-2,.1e-2,.1e-2,.1e-\
2,.2e-2,.1e-2,.1e-2,.1e-2,.1e-2,.1e-2,.2e-2,.2e-2,.1e-2,.1e-2,.2e-2,.1e-2,.1e-2
,.1e-2,.1e-2,.1e-2,.2e-2,.1e-2,.1e-2,.1e-2,.1e-2,.1e-2,.2e-2,.1e-2,.1e-2,.1e-2,
.1e-2,.1e-2,.1e-2,.1e-2,.1e-2,.1e-2,.1e-2,.2e-2,.1e-2,.1e-2,.1e-2,.1e-2,.2e-2,.\
2e-2,.1e-2,.1e-2,.2e-2,.2e-2,.2e-2,.2e-2,.1e-2,.2e-2,.1e-2,.1e-2,.2e-2,.1e-2,.2\
e-2,.1e-2,.1e-2,.1e-2,.2e-2,.1e-2,.1e-2,.2e-2,.1e-2,.1e-2,.2e-2,.2e-2,.2e-2,.1e\
-2,.1e-2,.1e-2,.1e-2,.2e-2,.1e-2,.2e-2,.1e-2,.1e-2,.2e-2,.1e-2,.1e-2,.1e-2,.1e-\
2,.1e-2,.1e-2,.1e-2,.1e-2,.1e-2,.2e-2,.1e-2,.1e-2,.1e-2,.2e-2,.1e-2,.1e-2,.1e-2
,.1e-2,.2e-2,.1e-2,.1e-2,.1e-2,.1e-2,.1e-2,.1e-2,.1e-2,.1e-2,.1e-2,.2e-2,.1e-2,
.1e-2,.2e-2,.1e-2,.1e-2,.1e-2,.2e-2,.1e-2,.1e-2,.1e-2,.1e-2,.1e-2,.1e-2,.1e-2,.\
1e-2,.1e-2,.1e-2,.1e-2,.1e-2,.1e-2,.1e-2,.2e-2,.2e-2,.1e-2,.1e-2,.2e-2,.1e-2,.1\
e-2,.2e-2,.2e-2,.2e-2,.1e-2,.1e-2,.1e-2,.1e-2,.1e-2,.1e-2,.2e-2,.1e-2,.1e-2,.2e\
-2,.1e-2,.1e-2,.1e-2,.1e-2,.2e-2,.1e-2,.1e-2,.1e-2,.2e-2,.1e-2,.1e-2,.1e-2,.1e-\
2,.2e-2,.2e-2,.1e-2,.1e-2,.2e-2,.1e-2,.1e-2,.1e-2,.1e-2,.2e-2,.1e-2,.1e-2,.1e-2
,.1e-2,.1e-2,.1e-2,.1e-2,.1e-2,.1e-2,.1e-2,.1e-2,.1e-2,.1e-2,.1e-2,.1e-2,.1e-2,
.1e-2,.1e-2,.1e-2,.1e-2,.1e-2,.2e-2,.1e-2,.2e-2,.1e-2,.1e-2,.1e-2,.2e-2,.1e-2,.\
1e-2,.2e-2,.1e-2,.1e-2,.1e-2,.2e-2,.2e-2,.1e-2,.2e-2,.2e-2,.1e-2,.1e-2,.2e-2,.1\
e-2,.2e-2,.1e-2,.1e-2,.1e-2,.1e-2,.1e-2,.1e-2,.1e-2,.1e-2,.1e-2,.2e-2,.1e-2,.1e\
-2,.1e-2,.1e-2,.1e-2,.1e-2,.1e-2,.1e-2,.1e-2,.1e-2,.1e-2,.2e-2,.2e-2,.1e-2,.2e-\
2,.1e-2,.1e-2,.1e-2,.1e-2,.1e-2,.2e-2,.1e-2,.2e-2,.2e-2,.2e-2,.2e-2,.1e-2,.2e-2
,.1e-2,.1e-2,.2e-2,.2e-2,.1e-2,.1e-2,.2e-2,.1e-2,.1e-2,.1e-2,.1e-2,.1e-2,.1e-2,
.2e-2,.1e-2,.2e-2,.1e-2,.1e-2,.2e-2,.1e-2,.1e-2,.1e-2,.2e-2,.1e-2,.1e-2,.1e-2,.\
1e-2,.1e-2,.2e-2,.1e-2,.2e-2,.2e-2,.1e-2,.2e-2,.1e-2,.1e-2,.1e-2,.2e-2,.1e-2,.1\
e-2,.1e-2,.2e-2,.1e-2,.1e-2,.2e-2,.1e-2,.1e-2,.2e-2,.1e-2,.1e-2,.1e-2,.2e-2,.2e\
-2,.1e-2,.1e-2,.1e-2,.2e-2,.1e-2,.1e-2,.1e-2,.1e-2,.1e-2,.1e-2,.1e-2,.1e-2,.1e-\
2,.1e-2,.2e-2,.2e-2,.1e-2,.2e-2,.1e-2,.1e-2,.1e-2,.1e-2,.1e-2,.1e-2,.1e-2,.1e-2
,.2e-2,.1e-2,.1e-2,.1e-2,.1e-2,.1e-2,.2e-2,.1e-2,.1e-2,.1e-2,.1e-2,.1e-2,.2e-2,
.2e-2,.2e-2,.1e-2,.2e-2,.2e-2,.1e-2,.1e-2,.1e-2,.1e-2,.2e-2,.1e-2,.1e-2,.1e-2,.\
2e-2,.1e-2,.2e-2,.1e-2,.2e-2,.1e-2,.1e-2,.1e-2,.1e-2,.2e-2,.1e-2,.1e-2,.1e-2,.1\
e-2,.1e-2,.1e-2,.1e-2,.1e-2,.1e-2,.2e-2,.1e-2,.1e-2,.2e-2,.2e-2,.1e-2,.2e-2,.2e\
-2,.2e-2,.1e-2,.2e-2,.1e-2,.2e-2,.1e-2,.1e-2,.1e-2,.1e-2,.1e-2,.1e-2,.1e-2,.1e-\
2,.1e-2,.1e-2,.1e-2,.1e-2,.2e-2,.2e-2,.2e-2,.1e-2,.1e-2,.2e-2,.1e-2,.1e-2,.1e-2
,.1e-2,.1e-2,.1e-2,.1e-2,.1e-2,.2e-2,.2e-2,.2e-2,.1e-2,.1e-2,.2e-2,.1e-2,.2e-2,
.1e-2,.1e-2,.1e-2,.2e-2,.2e-2,.2e-2,.2e-2,.2e-2,.2e-2,.2e-2,.1e-2,.1e-2,.1e-2,.\
1e-2,.2e-2,.1e-2,.1e-2,.2e-2,.1e-2,.1e-2,.1e-2,.1e-2,.1e-2,.1e-2,.1e-2,.1e-2,.1\
e-2,.1e-2,.1e-2,.1e-2,.1e-2,.1e-2,.2e-2,.2e-2,.1e-2,.1e-2,.1e-2,.1e-2,.2e-2,.1e\
-2,.1e-2,.1e-2,.2e-2,.1e-2,.1e-2,.1e-2,.2e-2,.2e-2,.2e-2,.1e-2,.2e-2,.2e-2,.2e-\
2,.1e-2,.1e-2,.1e-2,.1e-2,.2e-2,.1e-2,.1e-2,.1e-2,.2e-2,.1e-2,.2e-2,.2e-2,.1e-2
,.1e-2,.1e-2,.1e-2,.1e-2,.2e-2,.1e-2,.1e-2,.1e-2,.1e-2,.1e-2,.2e-2,.2e-2,.1e-2,
.1e-2,.2e-2,.2e-2,.2e-2,.2e-2,.1e-2,.2e-2,.2e-2,.2e-2,.1e-2,.1e-2,.1e-2,.1e-2,.\
1e-2,.1e-2,.2e-2,.2e-2,.1e-2,.1e-2,.1e-2,.1e-2,.1e-2,.1e-2,.2e-2,.1e-2,.1e-2,.1\
e-2,.1e-2,.1e-2,.1e-2,.1e-2,.2e-2,.1e-2,.1e-2,.1e-2,.1e-2,.2e-2,.1e-2,.1e-2,.2e\
-2,.1e-2,.2e-2,.2e-2,.1e-2,.1e-2,.1e-2,.2e-2,.2e-2,.1e-2,.2e-2,.1e-2,.1e-2,.1e-\
2,.1e-2,.1e-2,.2e-2,.2e-2,.1e-2,.2e-2,.2e-2,.1e-2,.1e-2,.2e-2,.1e-2,.1e-2,.1e-2
,.2e-2,.2e-2,.2e-2,.1e-2,.2e-2,.1e-2,.1e-2,.2e-2,.1e-2,.1e-2,.1e-2,.2e-2,.1e-2,
.1e-2,.2e-2,.1e-2,.2e-2,.2e-2,.2e-2,.1e-2,.1e-2,.2e-2,.1e-2,.2e-2,.1e-2,.2e-2,.\
2e-2,.1e-2,.2e-2,.2e-2,.1e-2,.2e-2,.1e-2,.2e-2,.1e-2,.1e-2,.1e-2,.2e-2,.2e-2,.1\
e-2,.2e-2,.1e-2,.1e-2,.2e-2,.2e-2,.1e-2,.1e-2,.1e-2,.2e-2,.2e-2,.1e-2,.1e-2,.1e\
-2,.2e-2,.2e-2,.2e-2,.2e-2,.2e-2,.1e-2,.1e-2,.1e-2,.1e-2,.1e-2,.1e-2,.2e-2,.1e-\
2,.1e-2,.1e-2,.2e-2,.1e-2,.2e-2,.1e-2,.1e-2,.2e-2,.2e-2,.1e-2,.1e-2,.1e-2,.2e-2
,.2e-2,.1e-2,.2e-2,.1e-2,.2e-2,.2e-2,.1e-2,.1e-2,.1e-2,.1e-2,.2e-2,.1e-2,.2e-2,
.2e-2,.1e-2,.1e-2,.1e-2,.1e-2,.2e-2,.1e-2,.2e-2,.2e-2,.1e-2,.1e-2,.1e-2,.1e-2,.\
1e-2,.1e-2,.1e-2,.2e-2,.1e-2,.2e-2,.1e-2,.1e-2,.2e-2,.2e-2,.2e-2,.1e-2,.2e-2,.1\
e-2,.1e-2,.1e-2,.2e-2,.2e-2,.1e-2,.1e-2,.1e-2,.1e-2,.2e-2,.2e-2,.1e-2,.1e-2,.2e\
-2,.1e-2,.1e-2,.1e-2,.1e-2,.2e-2,.1e-2,.2e-2,.1e-2,.1e-2,.1e-2,.2e-2,.1e-2,.1e-\
2,.1e-2,.1e-2,.1e-2,.2e-2,.1e-2,.1e-2,.2e-2,.1e-2,.2e-2,.1e-2,.1e-2,.2e-2,.1e-2
,.2e-2,.1e-2,.1e-2,.1e-2,.2e-2,.2e-2,.1e-2,.1e-2,.1e-2,.2e-2,.2e-2,.1e-2,.1e-2,
.2e-2,.2e-2,.2e-2,.2e-2,.1e-2,.2e-2,.1e-2,.1e-2,.2e-2,.1e-2,.2e-2,.1e-2,.2e-2,.\
1e-2,.1e-2,.2e-2,.2e-2,.1e-2,.1e-2,.2e-2,.1e-2,.1e-2,.1e-2,.1e-2,.1e-2,.1e-2,.1\
e-2,.1e-2,.1e-2,.1e-2,.2e-2,.1e-2,.2e-2,.1e-2,.2e-2,.1e-2,.1e-2,.1e-2,.1e-2,.1e\
-2,.2e-2,.1e-2,.2e-2,.2e-2,.2e-2,.1e-2,.2e-2,.1e-2,.2e-2,.1e-2,.2e-2,.2e-2,.1e-\
2,.2e-2,.1e-2,.2e-2,.1e-2,.1e-2,.2e-2,.2e-2,.1e-2,.2e-2,.2e-2,.1e-2,.1e-2,.2e-2
,.1e-2,.1e-2,.1e-2,.2e-2,.1e-2,.1e-2,.1e-2,.1e-2,.2e-2,.1e-2,.1e-2,.1e-2,.1e-2,
.1e-2,.1e-2,.1e-2,.1e-2,.1e-2,.2e-2,.2e-2,.1e-2,.1e-2,.2e-2,.2e-2,.1e-2,.1e-2,.\
1e-2,.1e-2,.1e-2,.1e-2,.1e-2,.1e-2,.1e-2,.1e-2,.1e-2,.1e-2,.1e-2,.1e-2,.2e-2,.1\
e-2,.1e-2,.1e-2,.1e-2,.2e-2,.1e-2,.2e-2,.1e-2,.2e-2,.2e-2,.1e-2,.1e-2,.2e-2,.1e\
-2,.2e-2,.2e-2,.2e-2,.3e-2,.1e-2,.1e-2,.1e-2,.1e-2,.1e-2,.1e-2,.2e-2,.2e-2,.2e-\
2,.2e-2,.1e-2,.1e-2,.2e-2,.1e-2,.1e-2,.1e-2,.1e-2,.1e-2,.2e-2,.2e-2,.1e-2,.1e-2
,.2e-2,.1e-2,.2e-2,.2e-2,.1e-2,.2e-2,.1e-2,.1e-2,.1e-2,.1e-2,.1e-2,.1e-2,.1e-2,
.2e-2,.1e-2,.1e-2,.1e-2,.2e-2,.2e-2,.2e-2,.1e-2,.2e-2,.1e-2,.1e-2,.1e-2,.2e-2,.\
1e-2,.1e-2,.1e-2,.1e-2,.1e-2,.1e-2,.2e-2,.2e-2,.1e-2,.1e-2,.1e-2,.1e-2,.1e-2,.2\
e-2,.1e-2,.1e-2,.1e-2,.1e-2,.2e-2,.1e-2,.2e-2,.2e-2,.1e-2,.1e-2,.1e-2,.1e-2,.1e\
-2,.1e-2,.1e-2,.1e-2,.2e-2,.1e-2,.1e-2,.2e-2,.2e-2,.2e-2,.2e-2,.2e-2,.2e-2,.1e-\
2,.1e-2,.2e-2,.2e-2,.1e-2,.2e-2,.1e-2,.1e-2,.2e-2,.1e-2,.1e-2,.1e-2,.1e-2,.1e-2
,.1e-2,.2e-2,.1e-2,.1e-2,.1e-2,.2e-2,.1e-2,.1e-2,.1e-2,.2e-2,.2e-2,.1e-2,.2e-2,
.2e-2,.1e-2,.2e-2,.1e-2,.1e-2,.2e-2,.2e-2,.1e-2,.1e-2,.1e-2,.1e-2,.2e-2,.2e-2,.\
2e-2,.2e-2,.1e-2,.1e-2,.1e-2,.1e-2,.2e-2,.2e-2,.1e-2,.1e-2,.2e-2,.1e-2,.1e-2,.2\
e-2,.2e-2,.1e-2,.2e-2,.1e-2,.1e-2,.2e-2,.1e-2,.1e-2,.1e-2,.1e-2,.2e-2,.1e-2,.2e\
-2,.2e-2,.1e-2,.1e-2,.2e-2,.1e-2,.2e-2,.2e-2,.2e-2,.1e-2,.1e-2,.1e-2,.1e-2,.1e-\
2,.1e-2,.2e-2,.2e-2,.1e-2,.1e-2,.1e-2,.2e-2,.1e-2,.2e-2,.1e-2,.1e-2,.2e-2,.1e-2
,.1e-2,.1e-2,.1e-2,.2e-2,.2e-2,.1e-2,.1e-2,.1e-2,.1e-2,.1e-2,.2e-2,.1e-2,.1e-2,
.2e-2,.1e-2,.1e-2,.1e-2,.1e-2,.2e-2,.2e-2,.2e-2,.1e-2,.2e-2,.1e-2,.1e-2,.2e-2,.\
1e-2,.2e-2,.2e-2,.2e-2,.2e-2,.1e-2,.1e-2,.1e-2,.1e-2,.1e-2,.1e-2,.2e-2,.1e-2,.1\
e-2,.2e-2,.2e-2,.1e-2,.1e-2,.1e-2,.1e-2,.1e-2,.1e-2,.2e-2,.2e-2,.1e-2,.1e-2,.1e\
-2,.1e-2,.1e-2,.1e-2,.1e-2,.1e-2,.2e-2,.1e-2,.2e-2,.2e-2,.1e-2,.1e-2,.1e-2,.1e-\
2,.2e-2,.1e-2,.2e-2,.1e-2,.2e-2,.2e-2,.2e-2,.2e-2,.1e-2,.2e-2,.1e-2,.1e-2,.1e-2
,.1e-2,.2e-2,.1e-2,.1e-2,.1e-2,.1e-2,.3e-2,.1e-2,.1e-2,.1e-2,.1e-2,.1e-2,.1e-2,
.2e-2,.1e-2,.1e-2,.2e-2,.1e-2,.1e-2,.2e-2,.2e-2,.1e-2,.2e-2,.2e-2,.1e-2,.1e-2,.\
2e-2,.1e-2,.1e-2,.2e-2,.1e-2,.1e-2,.1e-2,.1e-2,.1e-2,.1e-2,.1e-2,.2e-2,.2e-2,.2\
e-2,.1e-2,.2e-2,.2e-2,.2e-2,.1e-2,.2e-2,.1e-2,.2e-2,.2e-2,.1e-2,.2e-2,.1e-2,.1e\
-2,.2e-2,.2e-2,.1e-2,.1e-2,.1e-2,.2e-2,.1e-2,.1e-2,.2e-2,.2e-2,.1e-2,.1e-2,.1e-\
2,.2e-2,.1e-2,.1e-2,.2e-2,.1e-2,.1e-2,.2e-2,.1e-2,.2e-2,.1e-2,.1e-2,.2e-2,.2e-2
,.2e-2,.2e-2,.1e-2,.1e-2,.1e-2,.1e-2,.1e-2,.1e-2,.1e-2,.1e-2,.2e-2,.1e-2,.1e-2,
.1e-2,.2e-2,.1e-2,.2e-2,.2e-2,.1e-2,.1e-2,.2e-2,.2e-2,.1e-2,.2e-2,.1e-2,.1e-2,.\
2e-2,.1e-2,.1e-2,.2e-2,.2e-2,.1e-2,.2e-2,.1e-2,.2e-2,.1e-2,.2e-2,.151,.2e-2,.2e\
-2,.1e-2,.2e-2,.2e-2,.1e-2,.1e-2,.1e-2,.1e-2,.1e-2,.2e-2,.1e-2,.1e-2,.1e-2,.1e-\
2,.2e-2,.1e-2,.1e-2,.1e-2,.2e-2,.1e-2,.2e-2,.1e-2,.1e-2,.2e-2,.1e-2,.1e-2,.1e-2
,.2e-2,.11e-1,.1e-2,.2e-2,.1e-2,.2e-2,.2e-2,.2e-2,.1e-2,.2e-2,.1e-2,.3e-2,.1e-2
,.2e-2,.1e-2,.1e-2,.1e-2,.2e-2,.1e-2,.1e-2,.2e-2,.1e-2,.1e-2,.2e-2,.2e-2,.2e-2,
.1e-2,.2e-2,.1e-2,.1e-2,.1e-2,.2e-2,.1e-2,.1e-2,.1e-2,.2e-2,.2e-2,.1e-2,.1e-2,.\
1e-2,.1e-2,.1e-2,.1e-2,.1e-2,.1e-2,.1e-2,.2e-2,.2e-2,.2e-2,.1e-2,.1e-2,.2e-2,.2\
e-2,.2e-2,.1e-2,.2e-2,.1e-2,.1e-2,.1e-2,.2e-2,.1e-2,.2e-2,.2e-2,.2e-2,.2e-2,.1e\
-2,.1e-2,.2e-2,.1e-2,.1e-2,.2e-2,.2e-2,.1e-2,.1e-2,.2e-2,.1e-2,.2e-2,.1e-2,.2e-\
2,.2e-2,.1e-2,.2e-2,.2e-2,.2e-2,.2e-2,.1e-2,.2e-2,.1e-2,.1e-2,.1e-2,.2e-2,.2e-2
,.2e-2,.1e-2,.2e-2,.1e-2,.1e-2,.2e-2,.1e-2,.2e-2,.2e-2,.2e-2,.1e-2,.1e-2,.2e-2,
.2e-2,.1e-2,.2e-2,.1e-2,.1e-2,.1e-2,.1e-2,.1e-2,.1e-2,.1e-2,.2e-2,.1e-2,.1e-2,.\
1e-2,.1e-2,.1e-2,.1e-2,.1e-2,.1e-2,.1e-2,.1e-2,.2e-2,.2e-2,.1e-2,.1e-2,.1e-2,.1\
e-2,.2e-2,.1e-2,.1e-2,.1e-2,.1e-2,.2e-2,.1e-2,.2e-2,.1e-2,.1e-2,.3e-2,.2e-2,.2e\
-2,.2e-2,.1e-2,.1e-2,.1e-2,.1e-2,.2e-2,.1e-2,.2e-2,.2e-2,.1e-2,.1e-2,.1e-2,.1e-\
2,.1e-2,.1e-2,.1e-2,.1e-2,.2e-2,.2e-2,.1e-2,.1e-2,.2e-2,.1e-2,.1e-2,.1e-2,.1e-2
,.1e-2,.1e-2,.2e-2,.1e-2,.2e-2,.1e-2,.2e-2,.1e-2,.1e-2,.1e-2,.1e-2,.2e-2,.2e-2,
.1e-2,.1e-2,.1e-2,.1e-2,.2e-2,.1e-2,.1e-2,.1e-2,.2e-2,.1e-2,.1e-2,.1e-2,.1e-2,.\
2e-2,.1e-2,.1e-2,.1e-2,.1e-2,.1e-2,.2e-2,.2e-2,.1e-2,.2e-2,.1e-2,.2e-2,.1e-2,.2\
e-2,.1e-2,.1e-2,.1e-2,.2e-2,.1e-2,.2e-2,.2e-2,.2e-2,.2e-2,.2e-2,.2e-2,.1e-2,.1e\
-2,.1e-2,.1e-2,.1e-2,.1e-2,.1e-2,.2e-2,.1e-2,.1e-2,.2e-2,.1e-2,.1e-2,.2e-2,.2e-\
2,.2e-2,.2e-2,.1e-2,.1e-2,.1e-2,.1e-2,.1e-2,.1e-2,.2e-2,.1e-2,.2e-2,.1e-2,.1e-2
,.2e-2,.1e-2,.1e-2,.1e-2,.1e-2,.2e-2,.1e-2,.1e-2,.1e-2,.2e-2,.1e-2,.2e-2,.2e-2,
.1e-2,.2e-2,.1e-2,.2e-2,.2e-2,.1e-2,.1e-2,.1e-2,.2e-2,.2e-2,.1e-2,.1e-2,.1e-2,.\
2e-2,.1e-2,.2e-2,.2e-2,.2e-2,.1e-2,.2e-2,.1e-2,.2e-2,.2e-2,.1e-2,.1e-2,.2e-2,.1\
e-2,.1e-2,.1e-2,.1e-2,.1e-2,.1e-2,.1e-2,.1e-2,.2e-2,.1e-2,.2e-2,.1e-2,.1e-2,.2e\
-2,.2e-2,.2e-2,.1e-2,.2e-2,.2e-2,.1e-2,.1e-2,.2e-2,.2e-2,.1e-2,.1e-2,.2e-2,.1e-\
2,.1e-2,.1e-2,.1e-2,.1e-2,.1e-2,.1e-2,.2e-2,.2e-2,.1e-2,.1e-2,.2e-2,.2e-2,.1e-2
,.1e-2,.1e-2,.1e-2,.1e-2,.1e-2,.1e-2,.2e-2,.1e-2,.1e-2,.1e-2,.2e-2,.2e-2,.2e-2,
.1e-2,.2e-2,.2e-2,.1e-2,.1e-2,.1e-2,.1e-2,.1e-2,.1e-2,.1e-2,.1e-2,.2e-2,.2e-2,.\
1e-2,.1e-2,.2e-2,.2e-2,.2e-2,.2e-2,.2e-2,.2e-2,.2e-2,.1e-2,.1e-2,.2e-2,.1e-2,.1\
e-2,.2e-2,.1e-2,.1e-2,.1e-2,.1e-2,.1e-2,.1e-2,.1e-2,.1e-2,.2e-2,.1e-2,.1e-2,.1e\
-2,.1e-2,.1e-2,.1e-2,.2e-2,.1e-2,.1e-2,.1e-2,.1e-2,.1e-2,.1e-2,.1e-2,.1e-2,.1e-\
2,.1e-2,.2e-2,.2e-2,.1e-2,.1e-2,.2e-2,.1e-2,.1e-2,.2e-2,.2e-2,.2e-2,.1e-2,.2e-2
,.2e-2,.2e-2,.2e-2,.2e-2,.1e-2,.1e-2,.2e-2,.1e-2,.2e-2,.1e-2,.2e-2,.2e-2,.1e-2,
.1e-2,.1e-2,.1e-2,.1e-2,.1e-2,.1e-2,.1e-2,.1e-2,.1e-2,.1e-2,.1e-2,.2e-2,.2e-2,.\
1e-2,.1e-2,.1e-2,.1e-2,.1e-2,.1e-2,.1e-2,.1e-2,.2e-2,.1e-2,.1e-2,.2e-2,.1e-2,.2\
e-2,.1e-2,.1e-2,.2e-2,.1e-2,.1e-2,.1e-2,.1e-2,.2e-2,.2e-2,.1e-2,.1e-2,.1e-2,.1e\
-2,.2e-2,.1e-2,.1e-2]]);
