TIMES1 := Matrix(5, 501, [[.5e-2,.4e-2,.5e-2,.7e-2,.4e-2,.6e-2,.6e-2,.4e-2,.9e-\
2,.6e-2,.5e-2,.4e-2,.7e-2,.7e-2,.4e-2,.6e-2,.6e-2,.6e-2,.4e-2,.59e-1,.11e-1,.6e\
-2,.6e-2,.6e-2,.7e-2,.4e-2,.7e-2,.5e-2,.6e-2,.6e-2,.4e-2,.8e-2,.4e-2,.6e-2,.7e-\
2,.6e-2,.7e-2,.5e-2,.10e-1,.8e-2,.14e-1,.11e-1,.7e-2,.6e-2,.7e-2,.7e-2,.9e-2,.7\
e-2,.8e-2,.5e-2,.8e-2,.6e-2,.9e-2,.9e-2,.6e-2,.4e-2,.5e-2,.5e-2,.5e-2,.4e-2,.5e\
-2,.4e-2,.4e-2,.8e-2,.5e-2,.6e-2,.5e-2,.5e-2,.5e-2,.5e-2,.4e-2,.6e-2,.6e-2,.7e-\
2,.4e-2,.5e-2,.4e-2,.5e-2,.6e-2,.48e-1,.11e-1,.7e-2,.6e-2,.7e-2,.6e-2,.5e-2,.5e\
-2,.6e-2,.9e-2,.7e-2,.9e-2,.7e-2,.5e-2,.6e-2,.4e-2,.8e-2,.6e-2,.6e-2,.6e-2,.5e-\
2,.5e-2,.6e-2,.7e-2,.8e-2,.6e-2,.5e-2,.5e-2,.6e-2,.6e-2,.7e-2,.7e-2,.6e-2,.9e-2
,.7e-2,.8e-2,.6e-2,.7e-2,.6e-2,.9e-2,.5e-2,.6e-2,.8e-2,.6e-2,.7e-2,.7e-2,.9e-2,
.6e-2,.7e-2,.44e-1,.20e-1,.8e-2,.6e-2,.7e-2,.6e-2,.5e-2,.7e-2,.6e-2,.10e-1,.6e-\
2,.6e-2,.6e-2,.6e-2,.7e-2,.5e-2,.6e-2,.6e-2,.11e-1,.6e-2,.6e-2,.6e-2,.6e-2,.7e-\
2,.10e-1,.7e-2,.7e-2,.6e-2,.7e-2,.8e-2,.7e-2,.8e-2,.7e-2,.7e-2,.9e-2,.8e-2,.11e\
-1,.8e-2,.8e-2,.9e-2,.7e-2,.9e-2,.66e-1,.8e-2,.9e-2,.6e-2,.6e-2,.7e-2,.7e-2,.8e\
-2,.8e-2,.9e-2,.6e-2,.6e-2,.6e-2,.6e-2,.6e-2,.8e-2,.7e-2,.11e-1,.7e-2,.7e-2,.7e\
-2,.7e-2,.7e-2,.8e-2,.12e-1,.9e-2,.10e-1,.8e-2,.11e-1,.8e-2,.8e-2,.11e-1,.7e-2,
.7e-2,.8e-2,.8e-2,.7e-2,.51e-1,.18e-1,.6e-2,.7e-2,.7e-2,.12e-1,.8e-2,.8e-2,.8e-\
2,.9e-2,.9e-2,.7e-2,.10e-1,.8e-2,.9e-2,.13e-1,.9e-2,.11e-1,.12e-1,.12e-1,.9e-2,
.8e-2,.8e-2,.9e-2,.13e-1,.12e-1,.12e-1,.11e-1,.14e-1,.14e-1,.8e-2,.12e-1,.10e-1
,.10e-1,.65e-1,.21e-1,.8e-2,.11e-1,.10e-1,.12e-1,.9e-2,.13e-1,.9e-2,.9e-2,.13e-\
1,.9e-2,.10e-1,.8e-2,.7e-2,.8e-2,.9e-2,.11e-1,.13e-1,.9e-2,.9e-2,.13e-1,.11e-1,
.10e-1,.9e-2,.10e-1,.13e-1,.10e-1,.14e-1,.9e-2,.10e-1,.73e-1,.16e-1,.10e-1,.8e-\
2,.8e-2,.9e-2,.8e-2,.10e-1,.14e-1,.9e-2,.9e-2,.10e-1,.9e-2,.12e-1,.10e-1,.9e-2,
.10e-1,.10e-1,.10e-1,.13e-1,.20e-1,.16e-1,.22e-1,.30e-1,.26e-1,.25e-1,.15e-1,.\
17e-1,.81e-1,.55e-1,.15e-1,.16e-1,.15e-1,.18e-1,.14e-1,.15e-1,.15e-1,.15e-1,.16\
e-1,.15e-1,.16e-1,.18e-1,.16e-1,.18e-1,.17e-1,.17e-1,.19e-1,.16e-1,.16e-1,.16e-\
1,.17e-1,.18e-1,.16e-1,.17e-1,.17e-1,.76e-1,.50e-1,.16e-1,.17e-1,.17e-1,.17e-1,
.16e-1,.17e-1,.16e-1,.17e-1,.19e-1,.19e-1,.19e-1,.16e-1,.15e-1,.13e-1,.12e-1,.\
13e-1,.11e-1,.11e-1,.11e-1,.12e-1,.15e-1,.13e-1,.11e-1,.12e-1,.79e-1,.21e-1,.12\
e-1,.11e-1,.15e-1,.20e-1,.12e-1,.13e-1,.13e-1,.11e-1,.10e-1,.10e-1,.11e-1,.10e-\
1,.15e-1,.12e-1,.11e-1,.12e-1,.16e-1,.12e-1,.12e-1,.13e-1,.20e-1,.16e-1,.69e-1,
.28e-1,.11e-1,.15e-1,.10e-1,.11e-1,.11e-1,.16e-1,.11e-1,.12e-1,.14e-1,.13e-1,.\
11e-1,.11e-1,.12e-1,.12e-1,.12e-1,.16e-1,.16e-1,.13e-1,.16e-1,.11e-1,.13e-1,.57\
e-1,.49e-1,.13e-1,.11e-1,.12e-1,.15e-1,.12e-1,.12e-1,.11e-1,.13e-1,.14e-1,.15e-\
1,.13e-1,.15e-1,.13e-1,.14e-1,.15e-1,.16e-1,.11e-1,.12e-1,.16e-1,.12e-1,.12e-1,
.84e-1,.15e-1,.17e-1,.14e-1,.12e-1,.17e-1,.11e-1,.15e-1,.15e-1,.17e-1,.15e-1,.\
19e-1,.20e-1,.15e-1,.14e-1,.18e-1,.13e-1,.12e-1,.13e-1,.12e-1,.17e-1,.58e-1,.44\
e-1,.17e-1,.12e-1,.11e-1,.11e-1,.16e-1,.15e-1,.20e-1,.13e-1,.18e-1,.13e-1,.14e-\
1,.17e-1,.16e-1,.14e-1,.18e-1,.14e-1,.15e-1,.15e-1,.19e-1,.90e-1,.31e-1,.17e-1,
.17e-1,.14e-1,.17e-1,.12e-1,.12e-1,.12e-1,.13e-1,.13e-1,.17e-1,.14e-1,.13e-1,.\
18e-1,.16e-1,.14e-1,.17e-1,.14e-1,.16e-1,.81e-1,.27e-1,.18e-1,.12e-1,.13e-1,.12\
e-1,.13e-1,.14e-1,.18e-1,.14e-1,.15e-1,.18e-1,.14e-1,.18e-1,.19e-1,.16e-1],[.5e\
-2,.3e-2,.4e-2,.7e-2,.3e-2,.3e-2,.4e-2,.3e-2,.3e-2,.3e-2,.3e-2,.5e-2,.41e-1,.7e\
-2,.5e-2,.4e-2,.3e-2,.3e-2,.4e-2,.4e-2,.3e-2,.4e-2,.5e-2,.4e-2,.3e-2,.7e-2,.4e-\
2,.4e-2,.4e-2,.5e-2,.3e-2,.8e-2,.4e-2,.4e-2,.4e-2,.4e-2,.4e-2,.8e-2,.4e-2,.4e-2
,.5e-2,.5e-2,.4e-2,.4e-2,.5e-2,.5e-2,.7e-2,.4e-2,.4e-2,.5e-2,.4e-2,.5e-2,.6e-2,
.5e-2,.6e-2,.5e-2,.5e-2,.6e-2,.4e-2,.5e-2,.7e-2,.5e-2,.6e-2,.5e-2,.7e-2,.6e-2,.\
5e-2,.5e-2,.5e-2,.4e-2,.5e-2,.5e-2,.5e-2,.6e-2,.59e-1,.12e-1,.5e-2,.8e-2,.4e-2,
.5e-2,.4e-2,.9e-2,.8e-2,.9e-2,.6e-2,.11e-1,.5e-2,.6e-2,.5e-2,.5e-2,.6e-2,.6e-2,
.9e-2,.5e-2,.6e-2,.6e-2,.6e-2,.6e-2,.6e-2,.7e-2,.7e-2,.5e-2,.5e-2,.5e-2,.5e-2,.\
5e-2,.6e-2,.11e-1,.9e-2,.7e-2,.5e-2,.5e-2,.5e-2,.6e-2,.5e-2,.5e-2,.6e-2,.5e-2,.\
8e-2,.7e-2,.6e-2,.7e-2,.6e-2,.42e-1,.19e-1,.8e-2,.8e-2,.6e-2,.6e-2,.11e-1,.7e-2
,.6e-2,.6e-2,.6e-2,.6e-2,.7e-2,.8e-2,.7e-2,.6e-2,.5e-2,.7e-2,.6e-2,.11e-1,.6e-2
,.6e-2,.6e-2,.7e-2,.9e-2,.7e-2,.8e-2,.6e-2,.6e-2,.6e-2,.6e-2,.6e-2,.6e-2,.6e-2,
.10e-1,.7e-2,.10e-1,.7e-2,.8e-2,.6e-2,.11e-1,.8e-2,.9e-2,.50e-1,.24e-1,.6e-2,.7\
e-2,.6e-2,.12e-1,.7e-2,.7e-2,.7e-2,.6e-2,.6e-2,.6e-2,.6e-2,.7e-2,.7e-2,.8e-2,.\
10e-1,.7e-2,.8e-2,.8e-2,.7e-2,.10e-1,.10e-1,.9e-2,.9e-2,.8e-2,.13e-1,.10e-1,.7e\
-2,.8e-2,.8e-2,.9e-2,.9e-2,.11e-1,.7e-2,.8e-2,.7e-2,.7e-2,.57e-1,.16e-1,.9e-2,.\
13e-1,.8e-2,.9e-2,.12e-1,.9e-2,.9e-2,.7e-2,.8e-2,.7e-2,.8e-2,.7e-2,.7e-2,.12e-1
,.7e-2,.7e-2,.8e-2,.8e-2,.9e-2,.9e-2,.7e-2,.9e-2,.9e-2,.8e-2,.11e-1,.12e-1,.9e-\
2,.10e-1,.10e-1,.12e-1,.11e-1,.13e-1,.90e-1,.35e-1,.11e-1,.8e-2,.8e-2,.8e-2,.8e\
-2,.13e-1,.8e-2,.8e-2,.9e-2,.14e-1,.10e-1,.13e-1,.9e-2,.9e-2,.8e-2,.14e-1,.10e-\
1,.10e-1,.10e-1,.9e-2,.13e-1,.11e-1,.10e-1,.9e-2,.12e-1,.10e-1,.10e-1,.8e-2,.8e\
-2,.9e-2,.58e-1,.24e-1,.10e-1,.12e-1,.9e-2,.9e-2,.9e-2,.11e-1,.9e-2,.9e-2,.9e-2
,.10e-1,.14e-1,.17e-1,.15e-1,.10e-1,.9e-2,.9e-2,.15e-1,.13e-1,.10e-1,.11e-1,.17\
e-1,.11e-1,.15e-1,.14e-1,.13e-1,.12e-1,.12e-1,.51e-1,.34e-1,.9e-2,.10e-1,.14e-1
,.9e-2,.9e-2,.9e-2,.8e-2,.9e-2,.9e-2,.10e-1,.13e-1,.9e-2,.9e-2,.9e-2,.11e-1,.14\
e-1,.9e-2,.9e-2,.9e-2,.9e-2,.11e-1,.13e-1,.12e-1,.14e-1,.11e-1,.12e-1,.78e-1,.\
14e-1,.9e-2,.9e-2,.10e-1,.12e-1,.11e-1,.9e-2,.10e-1,.11e-1,.14e-1,.15e-1,.10e-1
,.14e-1,.13e-1,.12e-1,.11e-1,.11e-1,.12e-1,.12e-1,.14e-1,.14e-1,.12e-1,.10e-1,.\
10e-1,.11e-1,.76e-1,.14e-1,.11e-1,.14e-1,.11e-1,.10e-1,.10e-1,.11e-1,.14e-1,.10\
e-1,.12e-1,.16e-1,.12e-1,.10e-1,.12e-1,.11e-1,.15e-1,.10e-1,.10e-1,.13e-1,.13e-\
1,.17e-1,.10e-1,.11e-1,.55e-1,.42e-1,.13e-1,.11e-1,.11e-1,.14e-1,.11e-1,.10e-1,
.12e-1,.16e-1,.11e-1,.11e-1,.10e-1,.10e-1,.11e-1,.14e-1,.15e-1,.16e-1,.12e-1,.\
16e-1,.11e-1,.12e-1,.11e-1,.16e-1,.63e-1,.30e-1,.10e-1,.11e-1,.12e-1,.16e-1,.12\
e-1,.12e-1,.16e-1,.13e-1,.10e-1,.13e-1,.17e-1,.12e-1,.18e-1,.17e-1,.12e-1,.14e-\
1,.14e-1,.13e-1,.12e-1,.16e-1,.13e-1,.89e-1,.21e-1,.14e-1,.12e-1,.16e-1,.11e-1,
.13e-1,.16e-1,.11e-1,.11e-1,.12e-1,.11e-1,.12e-1,.15e-1,.15e-1,.14e-1,.13e-1,.\
17e-1,.12e-1,.12e-1,.12e-1,.57e-1,.50e-1,.12e-1,.14e-1,.18e-1,.25e-1,.14e-1,.15\
e-1,.13e-1,.14e-1,.13e-1,.16e-1,.13e-1,.12e-1,.15e-1,.17e-1,.14e-1,.16e-1,.13e-\
1,.12e-1,.12e-1,.55e-1,.47e-1,.14e-1,.14e-1,.12e-1,.17e-1,.12e-1,.12e-1,.16e-1,
.13e-1,.12e-1,.12e-1,.16e-1,.17e-1,.12e-1,.17e-1,.14e-1,.19e-1,.18e-1,.15e-1,.\
52e-1,.51e-1,.15e-1,.12e-1,.12e-1,.11e-1,.12e-1,.15e-1,.16e-1,.12e-1,.15e-1,.18\
e-1,.13e-1,.14e-1,.17e-1],[.3e-2,.4e-2,.3e-2,.3e-2,.3e-2,.3e-2,.6e-2,.6e-2,.7e-\
2,.7e-2,.5e-2,.4e-2,.4e-2,.3e-2,.8e-2,.4e-2,.4e-2,.4e-2,.47e-1,.9e-2,.3e-2,.6e-\
2,.4e-2,.3e-2,.4e-2,.4e-2,.4e-2,.4e-2,.4e-2,.4e-2,.3e-2,.4e-2,.3e-2,.4e-2,.4e-2
,.4e-2,.5e-2,.3e-2,.7e-2,.5e-2,.4e-2,.4e-2,.5e-2,.4e-2,.4e-2,.6e-2,.4e-2,.8e-2,
.5e-2,.6e-2,.6e-2,.4e-2,.5e-2,.5e-2,.4e-2,.5e-2,.4e-2,.5e-2,.5e-2,.5e-2,.5e-2,.\
6e-2,.6e-2,.5e-2,.8e-2,.4e-2,.4e-2,.5e-2,.4e-2,.8e-2,.5e-2,.4e-2,.5e-2,.4e-2,.5\
e-2,.5e-2,.5e-2,.8e-2,.44e-1,.10e-1,.4e-2,.6e-2,.4e-2,.7e-2,.5e-2,.5e-2,.6e-2,.\
5e-2,.4e-2,.6e-2,.7e-2,.8e-2,.5e-2,.5e-2,.5e-2,.4e-2,.5e-2,.5e-2,.5e-2,.7e-2,.6\
e-2,.10e-1,.6e-2,.5e-2,.6e-2,.10e-1,.6e-2,.10e-1,.5e-2,.6e-2,.5e-2,.5e-2,.7e-2,
.5e-2,.9e-2,.6e-2,.9e-2,.6e-2,.5e-2,.6e-2,.6e-2,.5e-2,.6e-2,.9e-2,.7e-2,.5e-2,.\
6e-2,.18e-1,.11e-1,.6e-2,.6e-2,.5e-2,.5e-2,.5e-2,.5e-2,.6e-2,.7e-2,.8e-2,.8e-2,
.6e-2,.7e-2,.6e-2,.6e-2,.7e-2,.8e-2,.8e-2,.6e-2,.6e-2,.7e-2,.7e-2,.5e-2,.11e-1,
.7e-2,.8e-2,.7e-2,.7e-2,.6e-2,.10e-1,.7e-2,.9e-2,.6e-2,.8e-2,.7e-2,.7e-2,.7e-2,
.7e-2,.7e-2,.13e-1,.7e-2,.56e-1,.11e-1,.7e-2,.7e-2,.6e-2,.12e-1,.7e-2,.6e-2,.6e\
-2,.9e-2,.8e-2,.10e-1,.6e-2,.7e-2,.7e-2,.7e-2,.6e-2,.6e-2,.7e-2,.7e-2,.7e-2,.10\
e-1,.7e-2,.7e-2,.8e-2,.7e-2,.8e-2,.13e-1,.12e-1,.11e-1,.8e-2,.13e-1,.7e-2,.7e-2
,.8e-2,.11e-1,.8e-2,.45e-1,.22e-1,.7e-2,.8e-2,.10e-1,.10e-1,.9e-2,.11e-1,.8e-2,
.12e-1,.7e-2,.8e-2,.8e-2,.12e-1,.9e-2,.8e-2,.7e-2,.8e-2,.9e-2,.10e-1,.10e-1,.8e\
-2,.7e-2,.8e-2,.9e-2,.11e-1,.10e-1,.8e-2,.9e-2,.8e-2,.9e-2,.12e-1,.8e-2,.8e-2,.\
42e-1,.27e-1,.8e-2,.8e-2,.9e-2,.8e-2,.8e-2,.11e-1,.10e-1,.11e-1,.14e-1,.13e-1,.\
8e-2,.9e-2,.8e-2,.8e-2,.14e-1,.8e-2,.9e-2,.8e-2,.8e-2,.11e-1,.10e-1,.11e-1,.10e\
-1,.8e-2,.10e-1,.8e-2,.9e-2,.13e-1,.8e-2,.49e-1,.28e-1,.8e-2,.10e-1,.8e-2,.12e-\
1,.9e-2,.8e-2,.9e-2,.10e-1,.11e-1,.9e-2,.8e-2,.9e-2,.8e-2,.10e-1,.13e-1,.9e-2,.\
9e-2,.10e-1,.9e-2,.14e-1,.14e-1,.10e-1,.10e-1,.11e-1,.10e-1,.9e-2,.10e-1,.59e-1
,.35e-1,.12e-1,.10e-1,.8e-2,.9e-2,.9e-2,.14e-1,.9e-2,.9e-2,.9e-2,.10e-1,.13e-1,
.9e-2,.10e-1,.10e-1,.14e-1,.10e-1,.10e-1,.9e-2,.9e-2,.9e-2,.11e-1,.13e-1,.12e-1
,.11e-1,.10e-1,.11e-1,.68e-1,.22e-1,.11e-1,.11e-1,.13e-1,.9e-2,.10e-1,.10e-1,.\
15e-1,.10e-1,.10e-1,.10e-1,.9e-2,.10e-1,.11e-1,.15e-1,.16e-1,.12e-1,.13e-1,.16e\
-1,.12e-1,.11e-1,.12e-1,.15e-1,.10e-1,.12e-1,.79e-1,.16e-1,.10e-1,.10e-1,.10e-1
,.12e-1,.12e-1,.12e-1,.10e-1,.11e-1,.14e-1,.12e-1,.10e-1,.10e-1,.10e-1,.12e-1,.\
12e-1,.16e-1,.15e-1,.12e-1,.13e-1,.15e-1,.11e-1,.11e-1,.58e-1,.41e-1,.12e-1,.13\
e-1,.15e-1,.13e-1,.10e-1,.10e-1,.10e-1,.15e-1,.13e-1,.10e-1,.11e-1,.12e-1,.16e-\
1,.11e-1,.11e-1,.12e-1,.11e-1,.17e-1,.15e-1,.13e-1,.15e-1,.12e-1,.69e-1,.22e-1,
.13e-1,.16e-1,.11e-1,.10e-1,.12e-1,.11e-1,.16e-1,.12e-1,.12e-1,.12e-1,.16e-1,.\
12e-1,.13e-1,.15e-1,.15e-1,.11e-1,.13e-1,.15e-1,.17e-1,.16e-1,.52e-1,.49e-1,.12\
e-1,.11e-1,.13e-1,.17e-1,.13e-1,.15e-1,.12e-1,.12e-1,.12e-1,.16e-1,.13e-1,.13e-\
1,.17e-1,.11e-1,.13e-1,.15e-1,.14e-1,.16e-1,.16e-1,.14e-1,.57e-1,.39e-1,.11e-1,
.13e-1,.16e-1,.12e-1,.13e-1,.16e-1,.20e-1,.15e-1,.16e-1,.12e-1,.12e-1,.13e-1,.\
13e-1,.17e-1,.14e-1,.14e-1,.18e-1,.14e-1,.13e-1,.74e-1,.29e-1,.17e-1,.12e-1,.12\
e-1,.13e-1,.14e-1,.12e-1,.13e-1,.17e-1,.13e-1,.13e-1,.12e-1,.15e-1,.13e-1,.14e-\
1,.17e-1,.19e-1,.14e-1,.13e-1,.78e-1,.37e-1,.13e-1,.14e-1,.13e-1,.17e-1,.12e-1,
.12e-1,.14e-1,.16e-1,.13e-1,.14e-1,.17e-1,.15e-1],[.4e-2,.5e-2,.3e-2,.5e-2,.5e-\
2,.3e-2,.3e-2,.4e-2,.4e-2,.3e-2,.3e-2,.4e-2,.3e-2,.3e-2,.3e-2,.3e-2,.4e-2,.3e-2
,.3e-2,.47e-1,.5e-2,.5e-2,.5e-2,.6e-2,.5e-2,.4e-2,.6e-2,.4e-2,.4e-2,.3e-2,.5e-2
,.3e-2,.5e-2,.7e-2,.4e-2,.8e-2,.4e-2,.4e-2,.4e-2,.4e-2,.5e-2,.4e-2,.5e-2,.4e-2,
.7e-2,.6e-2,.5e-2,.5e-2,.4e-2,.5e-2,.4e-2,.5e-2,.4e-2,.4e-2,.4e-2,.5e-2,.5e-2,.\
5e-2,.4e-2,.6e-2,.8e-2,.4e-2,.5e-2,.6e-2,.8e-2,.5e-2,.8e-2,.6e-2,.6e-2,.6e-2,.5\
e-2,.5e-2,.7e-2,.6e-2,.6e-2,.5e-2,.5e-2,.5e-2,.5e-2,.48e-1,.13e-1,.5e-2,.4e-2,.\
5e-2,.6e-2,.7e-2,.4e-2,.5e-2,.4e-2,.5e-2,.5e-2,.5e-2,.4e-2,.5e-2,.4e-2,.5e-2,.5\
e-2,.8e-2,.6e-2,.7e-2,.5e-2,.5e-2,.5e-2,.5e-2,.6e-2,.5e-2,.7e-2,.7e-2,.5e-2,.5e\
-2,.5e-2,.5e-2,.8e-2,.8e-2,.7e-2,.6e-2,.9e-2,.6e-2,.8e-2,.10e-1,.9e-2,.6e-2,.6e\
-2,.6e-2,.7e-2,.10e-1,.5e-2,.36e-1,.19e-1,.6e-2,.7e-2,.6e-2,.9e-2,.6e-2,.5e-2,.\
6e-2,.6e-2,.7e-2,.8e-2,.10e-1,.8e-2,.8e-2,.6e-2,.6e-2,.6e-2,.6e-2,.6e-2,.11e-1,
.6e-2,.6e-2,.7e-2,.6e-2,.7e-2,.9e-2,.7e-2,.6e-2,.7e-2,.6e-2,.7e-2,.8e-2,.9e-2,.\
11e-1,.6e-2,.6e-2,.7e-2,.7e-2,.8e-2,.6e-2,.7e-2,.48e-1,.20e-1,.8e-2,.7e-2,.10e-\
1,.7e-2,.7e-2,.9e-2,.8e-2,.7e-2,.6e-2,.7e-2,.7e-2,.7e-2,.10e-1,.7e-2,.6e-2,.8e-\
2,.8e-2,.7e-2,.10e-1,.7e-2,.12e-1,.7e-2,.7e-2,.7e-2,.8e-2,.7e-2,.7e-2,.12e-1,.8\
e-2,.8e-2,.8e-2,.7e-2,.9e-2,.11e-1,.10e-1,.57e-1,.25e-1,.8e-2,.7e-2,.7e-2,.7e-2
,.9e-2,.12e-1,.7e-2,.7e-2,.8e-2,.9e-2,.11e-1,.8e-2,.7e-2,.11e-1,.8e-2,.11e-1,.8\
e-2,.8e-2,.8e-2,.9e-2,.10e-1,.11e-1,.8e-2,.8e-2,.8e-2,.10e-1,.10e-1,.11e-1,.8e-\
2,.7e-2,.8e-2,.8e-2,.55e-1,.29e-1,.10e-1,.9e-2,.8e-2,.8e-2,.9e-2,.8e-2,.12e-1,.\
8e-2,.8e-2,.9e-2,.11e-1,.9e-2,.8e-2,.8e-2,.8e-2,.8e-2,.9e-2,.11e-1,.12e-1,.13e-\
1,.12e-1,.13e-1,.12e-1,.10e-1,.9e-2,.9e-2,.9e-2,.14e-1,.9e-2,.45e-1,.33e-1,.9e-\
2,.8e-2,.9e-2,.12e-1,.9e-2,.9e-2,.8e-2,.8e-2,.8e-2,.9e-2,.13e-1,.9e-2,.9e-2,.9e\
-2,.9e-2,.10e-1,.14e-1,.9e-2,.9e-2,.9e-2,.10e-1,.12e-1,.10e-1,.11e-1,.10e-1,.14\
e-1,.9e-2,.53e-1,.31e-1,.9e-2,.10e-1,.9e-2,.11e-1,.12e-1,.11e-1,.10e-1,.9e-2,.\
13e-1,.9e-2,.9e-2,.9e-2,.8e-2,.10e-1,.14e-1,.10e-1,.9e-2,.12e-1,.13e-1,.12e-1,.\
10e-1,.9e-2,.11e-1,.10e-1,.14e-1,.10e-1,.77e-1,.11e-1,.15e-1,.10e-1,.9e-2,.10e-\
1,.10e-1,.10e-1,.14e-1,.11e-1,.12e-1,.13e-1,.11e-1,.11e-1,.10e-1,.11e-1,.15e-1,
.12e-1,.9e-2,.11e-1,.16e-1,.13e-1,.12e-1,.14e-1,.11e-1,.53e-1,.40e-1,.12e-1,.10\
e-1,.10e-1,.12e-1,.12e-1,.10e-1,.11e-1,.10e-1,.14e-1,.10e-1,.10e-1,.12e-1,.15e-\
1,.11e-1,.10e-1,.11e-1,.13e-1,.13e-1,.15e-1,.12e-1,.12e-1,.15e-1,.12e-1,.69e-1,
.26e-1,.11e-1,.14e-1,.11e-1,.10e-1,.9e-2,.11e-1,.12e-1,.17e-1,.12e-1,.16e-1,.16\
e-1,.11e-1,.11e-1,.11e-1,.15e-1,.13e-1,.16e-1,.11e-1,.13e-1,.15e-1,.11e-1,.63e-\
1,.50e-1,.11e-1,.11e-1,.13e-1,.15e-1,.11e-1,.10e-1,.13e-1,.16e-1,.12e-1,.10e-1,
.13e-1,.11e-1,.15e-1,.12e-1,.14e-1,.12e-1,.14e-1,.14e-1,.11e-1,.13e-1,.12e-1,.\
84e-1,.18e-1,.11e-1,.14e-1,.14e-1,.11e-1,.12e-1,.12e-1,.16e-1,.13e-1,.12e-1,.13\
e-1,.13e-1,.17e-1,.17e-1,.13e-1,.17e-1,.15e-1,.13e-1,.17e-1,.13e-1,.56e-1,.45e-\
1,.12e-1,.15e-1,.11e-1,.14e-1,.12e-1,.16e-1,.13e-1,.13e-1,.17e-1,.13e-1,.13e-1,
.16e-1,.15e-1,.16e-1,.17e-1,.17e-1,.17e-1,.12e-1,.14e-1,.62e-1,.44e-1,.17e-1,.\
13e-1,.12e-1,.12e-1,.15e-1,.14e-1,.12e-1,.12e-1,.12e-1,.14e-1,.16e-1,.12e-1,.12\
e-1,.17e-1,.15e-1,.16e-1,.14e-1,.13e-1,.59e-1,.47e-1,.14e-1,.18e-1,.16e-1,.18e-\
1,.18e-1,.12e-1,.12e-1,.13e-1,.17e-1,.13e-1,.15e-1,.14e-1,.17e-1],[.3e-2,.3e-2,
.3e-2,.4e-2,.3e-2,.5e-2,.7e-2,.3e-2,.3e-2,.3e-2,.4e-2,.4e-2,.3e-2,.3e-2,.4e-2,.\
4e-2,.4e-2,.40e-1,.6e-2,.5e-2,.3e-2,.6e-2,.5e-2,.3e-2,.4e-2,.4e-2,.4e-2,.3e-2,.\
7e-2,.5e-2,.4e-2,.4e-2,.4e-2,.4e-2,.4e-2,.5e-2,.6e-2,.4e-2,.5e-2,.4e-2,.4e-2,.4\
e-2,.4e-2,.4e-2,.5e-2,.4e-2,.6e-2,.6e-2,.5e-2,.7e-2,.4e-2,.5e-2,.5e-2,.4e-2,.5e\
-2,.8e-2,.4e-2,.4e-2,.5e-2,.4e-2,.6e-2,.5e-2,.5e-2,.5e-2,.6e-2,.4e-2,.4e-2,.5e-\
2,.4e-2,.9e-2,.4e-2,.6e-2,.7e-2,.5e-2,.5e-2,.5e-2,.8e-2,.14e-1,.5e-2,.5e-2,.7e-\
2,.4e-2,.9e-2,.5e-2,.6e-2,.6e-2,.4e-2,.9e-2,.6e-2,.5e-2,.5e-2,.4e-2,.5e-2,.4e-2
,.5e-2,.5e-2,.5e-2,.5e-2,.5e-2,.5e-2,.6e-2,.10e-1,.6e-2,.5e-2,.6e-2,.6e-2,.5e-2
,.5e-2,.7e-2,.6e-2,.5e-2,.6e-2,.5e-2,.6e-2,.6e-2,.9e-2,.7e-2,.8e-2,.8e-2,.6e-2,
.6e-2,.5e-2,.5e-2,.8e-2,.6e-2,.50e-1,.22e-1,.6e-2,.10e-1,.6e-2,.6e-2,.6e-2,.6e-\
2,.7e-2,.6e-2,.10e-1,.6e-2,.7e-2,.6e-2,.6e-2,.6e-2,.8e-2,.8e-2,.6e-2,.6e-2,.7e-\
2,.6e-2,.7e-2,.6e-2,.8e-2,.9e-2,.8e-2,.12e-1,.7e-2,.6e-2,.6e-2,.10e-1,.7e-2,.9e\
-2,.6e-2,.7e-2,.6e-2,.7e-2,.12e-1,.8e-2,.7e-2,.7e-2,.48e-1,.22e-1,.6e-2,.7e-2,.\
6e-2,.12e-1,.14e-1,.9e-2,.7e-2,.7e-2,.7e-2,.7e-2,.6e-2,.11e-1,.7e-2,.7e-2,.6e-2
,.8e-2,.6e-2,.12e-1,.6e-2,.7e-2,.6e-2,.8e-2,.8e-2,.11e-1,.7e-2,.7e-2,.6e-2,.11e\
-1,.7e-2,.9e-2,.11e-1,.7e-2,.7e-2,.8e-2,.8e-2,.10e-1,.26e-1,.9e-2,.10e-1,.8e-2,
.8e-2,.9e-2,.11e-1,.7e-2,.9e-2,.13e-1,.7e-2,.8e-2,.7e-2,.7e-2,.9e-2,.10e-1,.8e-\
2,.8e-2,.9e-2,.9e-2,.9e-2,.8e-2,.9e-2,.9e-2,.10e-1,.10e-1,.13e-1,.8e-2,.8e-2,.8\
e-2,.9e-2,.7e-2,.8e-2,.13e-1,.32e-1,.10e-1,.8e-2,.8e-2,.11e-1,.9e-2,.7e-2,.8e-2
,.7e-2,.7e-2,.8e-2,.8e-2,.8e-2,.9e-2,.11e-1,.8e-2,.9e-2,.9e-2,.12e-1,.9e-2,.8e-\
2,.9e-2,.8e-2,.12e-1,.9e-2,.12e-1,.9e-2,.12e-1,.13e-1,.9e-2,.11e-1,.72e-1,.13e-\
1,.9e-2,.9e-2,.11e-1,.10e-1,.8e-2,.8e-2,.8e-2,.11e-1,.10e-1,.8e-2,.9e-2,.9e-2,.\
13e-1,.8e-2,.8e-2,.9e-2,.9e-2,.14e-1,.8e-2,.9e-2,.13e-1,.14e-1,.9e-2,.8e-2,.9e-\
2,.9e-2,.8e-2,.73e-1,.16e-1,.14e-1,.9e-2,.9e-2,.12e-1,.14e-1,.11e-1,.11e-1,.10e\
-1,.9e-2,.12e-1,.12e-1,.14e-1,.10e-1,.11e-1,.11e-1,.10e-1,.9e-2,.8e-2,.10e-1,.\
11e-1,.13e-1,.11e-1,.9e-2,.10e-1,.12e-1,.57e-1,.31e-1,.11e-1,.11e-1,.12e-1,.11e\
-1,.9e-2,.10e-1,.10e-1,.14e-1,.10e-1,.9e-2,.9e-2,.9e-2,.10e-1,.10e-1,.14e-1,.10\
e-1,.11e-1,.14e-1,.15e-1,.11e-1,.12e-1,.9e-2,.11e-1,.11e-1,.68e-1,.19e-1,.16e-1
,.10e-1,.13e-1,.12e-1,.9e-2,.10e-1,.13e-1,.12e-1,.9e-2,.12e-1,.12e-1,.12e-1,.10\
e-1,.11e-1,.12e-1,.11e-1,.16e-1,.15e-1,.10e-1,.14e-1,.13e-1,.15e-1,.57e-1,.40e-\
1,.15e-1,.11e-1,.16e-1,.16e-1,.10e-1,.10e-1,.10e-1,.10e-1,.10e-1,.12e-1,.16e-1,
.11e-1,.11e-1,.11e-1,.15e-1,.16e-1,.16e-1,.13e-1,.16e-1,.12e-1,.11e-1,.13e-1,.\
79e-1,.18e-1,.10e-1,.12e-1,.15e-1,.12e-1,.12e-1,.12e-1,.16e-1,.11e-1,.10e-1,.11\
e-1,.12e-1,.17e-1,.12e-1,.14e-1,.15e-1,.14e-1,.14e-1,.12e-1,.15e-1,.12e-1,.59e-\
1,.35e-1,.12e-1,.15e-1,.12e-1,.11e-1,.12e-1,.13e-1,.16e-1,.12e-1,.13e-1,.12e-1,
.15e-1,.12e-1,.13e-1,.17e-1,.16e-1,.12e-1,.14e-1,.17e-1,.15e-1,.18e-1,.88e-1,.\
20e-1,.11e-1,.12e-1,.16e-1,.12e-1,.11e-1,.13e-1,.16e-1,.12e-1,.12e-1,.14e-1,.13\
e-1,.14e-1,.12e-1,.12e-1,.13e-1,.15e-1,.14e-1,.14e-1,.60e-1,.55e-1,.14e-1,.17e-\
1,.13e-1,.12e-1,.13e-1,.17e-1,.12e-1,.11e-1,.11e-1,.12e-1,.14e-1,.17e-1,.14e-1,
.18e-1,.17e-1,.14e-1,.14e-1,.18e-1,.54e-1,.51e-1,.14e-1,.14e-1,.15e-1,.12e-1,.\
14e-1,.18e-1,.13e-1,.14e-1,.17e-1,.14e-1,.16e-1,.18e-1,.17e-1,.13e-1,.11e-1]]);
