TIMES1 := Matrix(5, 51, [[.16e-1,.3e-2,.4e-2,.3e-2,.3e-2,.4e-2,.5e-2,.3e-2,.7e-\
2,.5e-2,.4e-2,.5e-2,.4e-2,.4e-2,.4e-2,.4e-2,.4e-2,.6e-2,.6e-2,.4e-2,.7e-2,.4e-2
,.3e-2,.4e-2,.3e-2,.3e-2,.4e-2,.4e-2,.4e-2,.4e-2,.4e-2,.6e-2,.26e-1,.5e-2,.5e-2
,.5e-2,.6e-2,.3e-2,.7e-2,.4e-2,.4e-2,.4e-2,.4e-2,.4e-2,.4e-2,.4e-2,.4e-2,.5e-2,
.8e-2,.4e-2,.4e-2],[.2e-2,.3e-2,.4e-2,.3e-2,.4e-2,.6e-2,.3e-2,.3e-2,.4e-2,.3e-2
,.3e-2,.4e-2,.4e-2,.3e-2,.18e-1,.5e-2,.4e-2,.4e-2,.4e-2,.5e-2,.3e-2,.4e-2,.8e-2
,.4e-2,.4e-2,.3e-2,.4e-2,.4e-2,.4e-2,.4e-2,.6e-2,.4e-2,.4e-2,.3e-2,.4e-2,.4e-2,
.4e-2,.4e-2,.4e-2,.5e-2,.4e-2,.6e-2,.7e-2,.4e-2,.4e-2,.4e-2,.5e-2,.5e-2,.10e-1,
.8e-2,.4e-2],[.2e-2,.4e-2,.3e-2,.3e-2,.2e-2,.4e-2,.4e-2,.4e-2,.4e-2,.3e-2,.5e-2
,.5e-2,.3e-2,.4e-2,.4e-2,.4e-2,.4e-2,.4e-2,.4e-2,.4e-2,.3e-2,.3e-2,.4e-2,.4e-2,
.5e-2,.5e-2,.4e-2,.3e-2,.5e-2,.4e-2,.3e-2,.5e-2,.23e-1,.6e-2,.7e-2,.4e-2,.4e-2,
.4e-2,.3e-2,.7e-2,.4e-2,.4e-2,.3e-2,.4e-2,.4e-2,.3e-2,.4e-2,.5e-2,.4e-2,.3e-2,.\
4e-2],[.2e-2,.3e-2,.5e-2,.5e-2,.3e-2,.3e-2,.3e-2,.3e-2,.3e-2,.3e-2,.4e-2,.3e-2,
.3e-2,.3e-2,.4e-2,.25e-1,.7e-2,.4e-2,.4e-2,.5e-2,.3e-2,.4e-2,.4e-2,.6e-2,.6e-2,
.3e-2,.3e-2,.3e-2,.3e-2,.4e-2,.4e-2,.4e-2,.3e-2,.4e-2,.4e-2,.5e-2,.6e-2,.4e-2,.\
5e-2,.4e-2,.6e-2,.5e-2,.4e-2,.3e-2,.5e-2,.4e-2,.7e-2,.5e-2,.20e-1,.8e-2,.4e-2],
[.3e-2,.6e-2,.3e-2,.4e-2,.5e-2,.5e-2,.3e-2,.3e-2,.3e-2,.5e-2,.3e-2,.4e-2,.4e-2,
.6e-2,.3e-2,.3e-2,.4e-2,.3e-2,.3e-2,.3e-2,.3e-2,.4e-2,.4e-2,.4e-2,.3e-2,.3e-2,.\
6e-2,.5e-2,.4e-2,.3e-2,.3e-2,.18e-1,.6e-2,.6e-2,.4e-2,.5e-2,.6e-2,.4e-2,.4e-2,.\
4e-2,.5e-2,.5e-2,.3e-2,.6e-2,.5e-2,.4e-2,.4e-2,.4e-2,.4e-2,.4e-2,.4e-2]]);
