TIMES1 := Matrix(5, 251, [[.4e-2,.4e-2,.7e-2,.4e-2,.4e-2,.3e-2,.5e-2,.3e-2,.7e-\
2,.6e-2,.5e-2,.9e-2,.4e-2,.3e-2,.3e-2,.5e-2,.4e-2,.3e-2,.4e-2,.3e-2,.6e-2,.5e-2
,.5e-2,.7e-2,.4e-2,.9e-2,.13e-1,.7e-2,.5e-2,.4e-2,.7e-2,.5e-2,.5e-2,.7e-2,.4e-2
,.8e-2,.4e-2,.7e-2,.5e-2,.7e-2,.6e-2,.4e-2,.7e-2,.5e-2,.4e-2,.4e-2,.5e-2,.5e-2,
.4e-2,.5e-2,.4e-2,.8e-2,.5e-2,.6e-2,.4e-2,.4e-2,.4e-2,.5e-2,.4e-2,.5e-2,.6e-2,.\
4e-2,.4e-2,.4e-2,.4e-2,.4e-2,.4e-2,.5e-2,.5e-2,.6e-2,.6e-2,.5e-2,.7e-2,.5e-2,.9\
e-2,.5e-2,.4e-2,.4e-2,.5e-2,.5e-2,.6e-2,.7e-2,.5e-2,.6e-2,.40e-1,.15e-1,.5e-2,.\
4e-2,.5e-2,.5e-2,.5e-2,.5e-2,.5e-2,.6e-2,.8e-2,.5e-2,.4e-2,.5e-2,.5e-2,.5e-2,.6\
e-2,.6e-2,.5e-2,.5e-2,.7e-2,.7e-2,.6e-2,.6e-2,.5e-2,.5e-2,.5e-2,.5e-2,.6e-2,.6e\
-2,.6e-2,.8e-2,.5e-2,.5e-2,.5e-2,.6e-2,.6e-2,.7e-2,.9e-2,.8e-2,.7e-2,.6e-2,.6e-\
2,.7e-2,.8e-2,.38e-1,.19e-1,.6e-2,.9e-2,.6e-2,.6e-2,.7e-2,.6e-2,.7e-2,.6e-2,.9e\
-2,.6e-2,.6e-2,.6e-2,.6e-2,.5e-2,.6e-2,.11e-1,.10e-1,.7e-2,.10e-1,.6e-2,.8e-2,.\
11e-1,.8e-2,.6e-2,.6e-2,.6e-2,.10e-1,.8e-2,.9e-2,.10e-1,.8e-2,.7e-2,.8e-2,.6e-2
,.10e-1,.8e-2,.16e-1,.8e-2,.7e-2,.55e-1,.17e-1,.7e-2,.12e-1,.11e-1,.11e-1,.10e-\
1,.16e-1,.10e-1,.9e-2,.9e-2,.19e-1,.8e-2,.8e-2,.7e-2,.7e-2,.8e-2,.7e-2,.11e-1,.\
7e-2,.7e-2,.7e-2,.6e-2,.8e-2,.11e-1,.12e-1,.8e-2,.8e-2,.8e-2,.8e-2,.8e-2,.7e-2,
.7e-2,.12e-1,.7e-2,.7e-2,.43e-1,.25e-1,.8e-2,.9e-2,.9e-2,.8e-2,.8e-2,.8e-2,.7e-\
2,.12e-1,.7e-2,.7e-2,.7e-2,.7e-2,.7e-2,.8e-2,.7e-2,.9e-2,.9e-2,.8e-2,.8e-2,.8e-\
2,.9e-2,.11e-1,.9e-2,.7e-2,.8e-2,.8e-2,.8e-2,.12e-1,.9e-2,.8e-2,.9e-2,.8e-2,.59\
e-1,.18e-1,.8e-2,.9e-2,.7e-2,.7e-2,.8e-2,.7e-2,.9e-2,.11e-1,.9e-2],[.2e-2,.3e-2
,.4e-2,.3e-2,.3e-2,.3e-2,.4e-2,.3e-2,.3e-2,.5e-2,.4e-2,.3e-2,.3e-2,.3e-2,.5e-2,
.4e-2,.4e-2,.3e-2,.4e-2,.3e-2,.3e-2,.4e-2,.3e-2,.5e-2,.7e-2,.4e-2,.4e-2,.3e-2,.\
4e-2,.5e-2,.7e-2,.4e-2,.8e-2,.5e-2,.5e-2,.4e-2,.4e-2,.4e-2,.4e-2,.5e-2,.4e-2,.4\
e-2,.45e-1,.8e-2,.5e-2,.8e-2,.5e-2,.6e-2,.8e-2,.4e-2,.4e-2,.4e-2,.4e-2,.4e-2,.5\
e-2,.6e-2,.5e-2,.5e-2,.5e-2,.7e-2,.6e-2,.5e-2,.9e-2,.6e-2,.8e-2,.6e-2,.9e-2,.4e\
-2,.10e-1,.7e-2,.8e-2,.6e-2,.8e-2,.5e-2,.9e-2,.7e-2,.8e-2,.6e-2,.9e-2,.8e-2,.7e\
-2,.8e-2,.6e-2,.7e-2,.7e-2,.6e-2,.7e-2,.6e-2,.9e-2,.6e-2,.8e-2,.7e-2,.7e-2,.7e-\
2,.7e-2,.7e-2,.8e-2,.54e-1,.10e-1,.6e-2,.9e-2,.6e-2,.7e-2,.6e-2,.8e-2,.6e-2,.7e\
-2,.7e-2,.8e-2,.7e-2,.8e-2,.6e-2,.9e-2,.7e-2,.8e-2,.7e-2,.9e-2,.7e-2,.9e-2,.8e-\
2,.7e-2,.8e-2,.6e-2,.8e-2,.6e-2,.9e-2,.6e-2,.8e-2,.5e-2,.10e-1,.6e-2,.6e-2,.6e-\
2,.10e-1,.6e-2,.6e-2,.5e-2,.8e-2,.7e-2,.9e-2,.7e-2,.6e-2,.6e-2,.21e-1,.7e-2,.6e\
-2,.6e-2,.9e-2,.8e-2,.6e-2,.6e-2,.6e-2,.5e-2,.6e-2,.5e-2,.5e-2,.14e-1,.13e-1,.\
13e-1,.9e-2,.11e-1,.9e-2,.8e-2,.6e-2,.8e-2,.10e-1,.8e-2,.9e-2,.6e-2,.9e-2,.7e-2
,.8e-2,.8e-2,.12e-1,.13e-1,.8e-2,.7e-2,.6e-2,.6e-2,.9e-2,.8e-2,.10e-1,.44e-1,.\
24e-1,.6e-2,.7e-2,.7e-2,.7e-2,.7e-2,.10e-1,.7e-2,.8e-2,.7e-2,.7e-2,.7e-2,.8e-2,
.9e-2,.11e-1,.7e-2,.7e-2,.8e-2,.8e-2,.14e-1,.9e-2,.13e-1,.14e-1,.24e-1,.15e-1,.\
14e-1,.13e-1,.15e-1,.15e-1,.13e-1,.10e-1,.11e-1,.14e-1,.12e-1,.14e-1,.59e-1,.32\
e-1,.10e-1,.9e-2,.12e-1,.9e-2,.7e-2,.8e-2,.7e-2,.8e-2,.8e-2,.12e-1,.9e-2,.8e-2,
.8e-2,.9e-2,.12e-1,.10e-1,.8e-2,.9e-2,.9e-2,.8e-2,.9e-2,.11e-1,.10e-1,.9e-2,.9e\
-2,.10e-1,.13e-1,.8e-2,.9e-2,.9e-2,.9e-2],[.3e-2,.3e-2,.48e-1,.4e-2,.6e-2,.5e-2
,.5e-2,.3e-2,.4e-2,.7e-2,.5e-2,.5e-2,.4e-2,.4e-2,.4e-2,.3e-2,.4e-2,.4e-2,.4e-2,
.5e-2,.4e-2,.4e-2,.4e-2,.6e-2,.5e-2,.10e-1,.4e-2,.5e-2,.5e-2,.5e-2,.4e-2,.5e-2,
.4e-2,.5e-2,.5e-2,.5e-2,.5e-2,.5e-2,.4e-2,.5e-2,.5e-2,.7e-2,.6e-2,.4e-2,.4e-2,.\
5e-2,.6e-2,.4e-2,.5e-2,.5e-2,.8e-2,.5e-2,.9e-2,.6e-2,.5e-2,.5e-2,.5e-2,.7e-2,.5\
e-2,.4e-2,.5e-2,.4e-2,.5e-2,.5e-2,.5e-2,.4e-2,.39e-1,.14e-1,.5e-2,.7e-2,.5e-2,.\
4e-2,.5e-2,.4e-2,.9e-2,.5e-2,.5e-2,.5e-2,.5e-2,.6e-2,.6e-2,.5e-2,.8e-2,.5e-2,.5\
e-2,.6e-2,.5e-2,.6e-2,.6e-2,.6e-2,.7e-2,.7e-2,.6e-2,.5e-2,.5e-2,.5e-2,.5e-2,.5e\
-2,.5e-2,.6e-2,.6e-2,.9e-2,.5e-2,.6e-2,.8e-2,.6e-2,.6e-2,.5e-2,.5e-2,.9e-2,.5e-\
2,.5e-2,.5e-2,.6e-2,.7e-2,.5e-2,.8e-2,.44e-1,.12e-1,.7e-2,.6e-2,.9e-2,.6e-2,.6e\
-2,.6e-2,.7e-2,.8e-2,.6e-2,.7e-2,.5e-2,.5e-2,.5e-2,.6e-2,.6e-2,.5e-2,.6e-2,.5e-\
2,.8e-2,.8e-2,.6e-2,.8e-2,.6e-2,.7e-2,.6e-2,.10e-1,.6e-2,.6e-2,.6e-2,.6e-2,.7e-\
2,.6e-2,.8e-2,.7e-2,.8e-2,.10e-1,.7e-2,.7e-2,.8e-2,.11e-1,.7e-2,.42e-1,.24e-1,.\
8e-2,.6e-2,.6e-2,.6e-2,.7e-2,.6e-2,.11e-1,.6e-2,.6e-2,.6e-2,.6e-2,.7e-2,.7e-2,.\
7e-2,.9e-2,.8e-2,.6e-2,.7e-2,.7e-2,.8e-2,.11e-1,.7e-2,.7e-2,.8e-2,.8e-2,.9e-2,.\
8e-2,.8e-2,.8e-2,.7e-2,.7e-2,.6e-2,.8e-2,.7e-2,.8e-2,.7e-2,.44e-1,.26e-1,.8e-2,
.10e-1,.7e-2,.9e-2,.12e-1,.10e-1,.10e-1,.9e-2,.9e-2,.10e-1,.8e-2,.8e-2,.7e-2,.8\
e-2,.13e-1,.8e-2,.7e-2,.7e-2,.8e-2,.8e-2,.9e-2,.8e-2,.13e-1,.9e-2,.10e-1,.9e-2,
.9e-2,.13e-1,.9e-2,.8e-2,.10e-1,.10e-1,.12e-1,.48e-1,.32e-1,.9e-2,.8e-2,.7e-2,.\
11e-1,.8e-2,.8e-2,.12e-1,.8e-2,.9e-2,.8e-2,.11e-1,.9e-2,.8e-2,.8e-2,.11e-1,.13e\
-1],[.3e-2,.3e-2,.3e-2,.4e-2,.4e-2,.4e-2,.4e-2,.4e-2,.3e-2,.4e-2,.6e-2,.4e-2,.6\
e-2,.5e-2,.4e-2,.4e-2,.4e-2,.3e-2,.4e-2,.7e-2,.4e-2,.4e-2,.4e-2,.3e-2,.4e-2,.4e\
-2,.5e-2,.3e-2,.5e-2,.5e-2,.5e-2,.40e-1,.8e-2,.6e-2,.4e-2,.5e-2,.6e-2,.3e-2,.8e\
-2,.5e-2,.5e-2,.4e-2,.4e-2,.4e-2,.5e-2,.5e-2,.4e-2,.5e-2,.5e-2,.5e-2,.8e-2,.4e-\
2,.5e-2,.5e-2,.5e-2,.5e-2,.5e-2,.5e-2,.5e-2,.5e-2,.8e-2,.12e-1,.5e-2,.4e-2,.5e-\
2,.6e-2,.5e-2,.4e-2,.8e-2,.5e-2,.5e-2,.5e-2,.5e-2,.6e-2,.6e-2,.5e-2,.10e-1,.5e-\
2,.6e-2,.5e-2,.7e-2,.8e-2,.5e-2,.7e-2,.6e-2,.8e-2,.5e-2,.5e-2,.5e-2,.16e-1,.6e-\
2,.6e-2,.5e-2,.9e-2,.7e-2,.6e-2,.6e-2,.8e-2,.7e-2,.5e-2,.5e-2,.6e-2,.6e-2,.6e-2
,.6e-2,.10e-1,.5e-2,.5e-2,.6e-2,.6e-2,.7e-2,.6e-2,.10e-1,.5e-2,.6e-2,.6e-2,.6e-\
2,.6e-2,.6e-2,.6e-2,.7e-2,.9e-2,.7e-2,.8e-2,.7e-2,.5e-2,.6e-2,.6e-2,.9e-2,.6e-2
,.11e-1,.6e-2,.6e-2,.6e-2,.6e-2,.6e-2,.55e-1,.14e-1,.7e-2,.7e-2,.8e-2,.6e-2,.6e\
-2,.7e-2,.6e-2,.6e-2,.10e-1,.6e-2,.6e-2,.7e-2,.5e-2,.6e-2,.6e-2,.7e-2,.7e-2,.10\
e-1,.6e-2,.6e-2,.6e-2,.6e-2,.7e-2,.7e-2,.7e-2,.12e-1,.6e-2,.8e-2,.8e-2,.8e-2,.7\
e-2,.9e-2,.9e-2,.9e-2,.8e-2,.7e-2,.11e-1,.7e-2,.7e-2,.27e-1,.7e-2,.7e-2,.7e-2,.\
7e-2,.9e-2,.8e-2,.11e-1,.9e-2,.7e-2,.7e-2,.8e-2,.8e-2,.11e-1,.9e-2,.9e-2,.12e-1
,.10e-1,.7e-2,.8e-2,.8e-2,.8e-2,.9e-2,.11e-1,.11e-1,.8e-2,.9e-2,.7e-2,.9e-2,.8e\
-2,.12e-1,.9e-2,.7e-2,.8e-2,.8e-2,.9e-2,.47e-1,.28e-1,.7e-2,.8e-2,.9e-2,.10e-1,
.11e-1,.8e-2,.8e-2,.9e-2,.10e-1,.9e-2,.8e-2,.9e-2,.7e-2,.8e-2,.7e-2,.9e-2,.9e-2
,.12e-1,.9e-2,.8e-2,.9e-2,.11e-1,.11e-1,.12e-1,.9e-2,.10e-1,.9e-2,.11e-1,.10e-1
,.9e-2,.10e-1,.9e-2,.59e-1,.24e-1,.8e-2,.8e-2],[.3e-2,.3e-2,.3e-2,.3e-2,.3e-2,.\
3e-2,.6e-2,.4e-2,.4e-2,.4e-2,.3e-2,.3e-2,.3e-2,.4e-2,.3e-2,.4e-2,.4e-2,.4e-2,.4\
e-2,.4e-2,.7e-2,.4e-2,.4e-2,.4e-2,.4e-2,.4e-2,.4e-2,.4e-2,.4e-2,.4e-2,.4e-2,.6e\
-2,.6e-2,.4e-2,.4e-2,.4e-2,.5e-2,.5e-2,.5e-2,.5e-2,.8e-2,.5e-2,.6e-2,.7e-2,.5e-\
2,.6e-2,.5e-2,.7e-2,.6e-2,.5e-2,.5e-2,.5e-2,.4e-2,.4e-2,.5e-2,.50e-1,.14e-1,.6e\
-2,.6e-2,.6e-2,.5e-2,.5e-2,.5e-2,.8e-2,.5e-2,.5e-2,.5e-2,.6e-2,.5e-2,.6e-2,.5e-\
2,.7e-2,.6e-2,.5e-2,.6e-2,.5e-2,.4e-2,.6e-2,.5e-2,.5e-2,.5e-2,.7e-2,.7e-2,.5e-2
,.5e-2,.6e-2,.5e-2,.6e-2,.5e-2,.9e-2,.6e-2,.6e-2,.7e-2,.5e-2,.7e-2,.6e-2,.6e-2,
.6e-2,.10e-1,.6e-2,.5e-2,.6e-2,.6e-2,.6e-2,.6e-2,.10e-1,.6e-2,.6e-2,.42e-1,.17e\
-1,.7e-2,.8e-2,.7e-2,.6e-2,.6e-2,.6e-2,.5e-2,.6e-2,.11e-1,.6e-2,.6e-2,.5e-2,.7e\
-2,.7e-2,.6e-2,.9e-2,.5e-2,.5e-2,.5e-2,.6e-2,.6e-2,.5e-2,.9e-2,.6e-2,.6e-2,.7e-\
2,.5e-2,.6e-2,.6e-2,.6e-2,.7e-2,.6e-2,.7e-2,.9e-2,.7e-2,.9e-2,.8e-2,.6e-2,.10e-\
1,.11e-1,.7e-2,.8e-2,.11e-1,.57e-1,.13e-1,.8e-2,.8e-2,.6e-2,.6e-2,.6e-2,.6e-2,.\
6e-2,.6e-2,.7e-2,.11e-1,.8e-2,.7e-2,.6e-2,.6e-2,.7e-2,.7e-2,.7e-2,.7e-2,.9e-2,.\
7e-2,.7e-2,.7e-2,.8e-2,.9e-2,.8e-2,.7e-2,.9e-2,.12e-1,.13e-1,.10e-1,.11e-1,.20e\
-1,.16e-1,.16e-1,.15e-1,.11e-1,.10e-1,.64e-1,.17e-1,.12e-1,.12e-1,.16e-1,.15e-1
,.11e-1,.10e-1,.12e-1,.13e-1,.9e-2,.9e-2,.9e-2,.9e-2,.14e-1,.9e-2,.13e-1,.10e-1
,.12e-1,.14e-1,.10e-1,.8e-2,.22e-1,.24e-1,.22e-1,.15e-1,.12e-1,.13e-1,.14e-1,.\
13e-1,.12e-1,.13e-1,.15e-1,.16e-1,.18e-1,.68e-1,.36e-1,.10e-1,.12e-1,.11e-1,.12\
e-1,.11e-1,.13e-1,.12e-1,.11e-1,.13e-1,.13e-1,.12e-1,.14e-1,.14e-1,.11e-1,.13e-\
1,.12e-1,.13e-1,.14e-1,.14e-1,.13e-1,.11e-1,.12e-1]]);
