prediction := Matrix(51, 101, [[0.,.100000000000000e-1,.200000000000000e-1,.\
300000000000000e-1,.400000000000000e-1,.500000000000000e-1,.600000000000000e-1,
.700000000000000e-1,.800000000000000e-1,.900000000000000e-1,.100000000000000,.1\
10000000000000,.120000000000000,.130000000000000,.140000000000000,.150000000000\
000,.160000000000000,.170000000000000,.180000000000000,.190000000000000,.200000\
000000000,.210000000000000,.220000000000000,.230000000000000,.240000000000000,.\
250000000000000,.260000000000000,.270000000000000,.280000000000000,.29000000000\
0000,.300000000000000,.310000000000000,.320000000000000,.330000000000000,.34000\
0000000000,.350000000000000,.360000000000000,.370000000000000,.380000000000000,
.390000000000000,.400000000000000,.410000000000000,.420000000000000,.4300000000\
00000,.440000000000000,.450000000000000,.460000000000000,.470000000000000,.4800\
00000000000,.490000000000000,.500000000000000,.510000000000000,.520000000000000
,.530000000000000,.540000000000000,.550000000000000,.560000000000000,.570000000\
000000,.580000000000000,.590000000000000,.600000000000000,.610000000000000,.620\
000000000000,.630000000000000,.640000000000000,.650000000000000,.66000000000000\
0,.670000000000000,.680000000000000,.690000000000000,.700000000000000,.71000000\
0000000,.720000000000000,.730000000000000,.740000000000000,.750000000000000,.76\
0000000000000,.770000000000000,.780000000000000,.790000000000000,.8000000000000\
00,.810000000000000,.820000000000000,.830000000000000,.840000000000000,.8500000\
00000000,.860000000000000,.870000000000000,.880000000000000,.890000000000000,.9\
00000000000000,.910000000000000,.920000000000000,.930000000000000,.940000000000\
000,.950000000000000,.960000000000000,.970000000000000,.980000000000000,.990000\
000000000,1.00000000000000],[.0200000000000025,.0300000000000024,
.0400000000000023,.0500000000000023,.0600000000000022,.0700000000000021,
.080000000000002,.090000000000002,.100000000000002,.110000000000002,
.120000000000002,.130000000000002,.140000000000002,.150000000000002,
.160000000000001,.170000000000001,.180000000000001,.190000000000001,
.200000000000001,.210000000000001,.220000000000001,.230000000000001,
.240000000000001,.250000000000001,.260000000000001,.270000000000001,
.280000000000001,.290000000000001,.3,.31,.32,.33,.34,.35,.36,.37,.38,.39,.4,.41
,.42,.43,.439999999999999,.449999999999999,.459999999999999,.469999999999999,
.479999999999999,.489999999999999,.499999999999999,.509999999999999,
.519999999999999,.529999999999999,.539999999999999,.549999999999999,
.559999999999999,.569999999999999,.579999999999999,.589999999999998,
.599999999999998,.609999999999998,.619999999999998,.629999999999998,
.639999999999998,.649999999999998,.659999999999998,.669999999999998,
.679999999999998,.689999999999998,.699999999999998,.709999999999998,
.719999999999997,.729999999999997,.739999999999997,.749999999999997,
.759999999999997,.769999999999997,.779999999999997,.789999999999997,
.799999999999997,.809999999999997,.819999999999997,.829999999999997,
.839999999999997,.849999999999997,.859999999999996,.869999999999996,
.879999999999996,.889999999999996,.899999999999996,.909999999999996,
.919999999999996,.929999999999996,.939999999999996,.949999999999996,
.959999999999996,.969999999999996,.979999999999996,.989999999999996,
.999999999999995,1.01,1.02],[.040000000000003,.0500000000000029,
.0600000000000028,.0700000000000027,.0800000000000026,.0900000000000025,
.100000000000002,.110000000000002,.120000000000002,.130000000000002,
.140000000000002,.150000000000002,.160000000000002,.170000000000002,
.180000000000002,.190000000000001,.200000000000001,.210000000000001,
.220000000000001,.230000000000001,.240000000000001,.250000000000001,
.260000000000001,.270000000000001,.28,.29,.3,.31,.32,.33,.34,.35,.36,
.369999999999999,.379999999999999,.389999999999999,.399999999999999,
.409999999999999,.419999999999999,.429999999999999,.439999999999999,
.449999999999999,.459999999999998,.469999999999998,.479999999999998,
.489999999999998,.499999999999998,.509999999999998,.519999999999998,
.529999999999998,.539999999999998,.549999999999997,.559999999999997,
.569999999999997,.579999999999997,.589999999999997,.599999999999997,
.609999999999997,.619999999999997,.629999999999997,.639999999999996,
.649999999999996,.659999999999996,.669999999999996,.679999999999996,
.689999999999996,.699999999999996,.709999999999996,.719999999999996,
.729999999999995,.739999999999995,.749999999999995,.759999999999995,
.769999999999995,.779999999999995,.789999999999995,.799999999999995,
.809999999999995,.819999999999995,.829999999999995,.839999999999994,
.849999999999994,.859999999999994,.869999999999994,.879999999999994,
.889999999999994,.899999999999994,.909999999999994,.919999999999993,
.929999999999993,.939999999999993,.949999999999993,.959999999999993,
.969999999999993,.979999999999993,.989999999999993,.999999999999993,
1.00999999999999,1.01999999999999,1.02999999999999,1.03999999999999],[
.0600000000000035,.0700000000000034,.0800000000000032,.0900000000000031,
.100000000000003,.110000000000003,.120000000000003,.130000000000003,
.140000000000002,.150000000000002,.160000000000002,.170000000000002,
.180000000000002,.190000000000002,.200000000000001,.210000000000001,
.220000000000001,.230000000000001,.240000000000001,.250000000000001,
.260000000000001,.27,.28,.29,.3,.31,.32,.33,.339999999999999,.349999999999999,
.359999999999999,.369999999999999,.379999999999999,.389999999999999,
.399999999999999,.409999999999998,.419999999999998,.429999999999998,
.439999999999998,.449999999999998,.459999999999998,.469999999999998,
.479999999999997,.489999999999997,.499999999999997,.509999999999997,
.519999999999997,.529999999999997,.539999999999996,.549999999999996,
.559999999999996,.569999999999996,.579999999999996,.589999999999996,
.599999999999996,.609999999999996,.619999999999995,.629999999999995,
.639999999999995,.649999999999995,.659999999999995,.669999999999995,
.679999999999994,.689999999999994,.699999999999994,.709999999999994,
.719999999999994,.729999999999994,.739999999999994,.749999999999993,
.759999999999993,.769999999999993,.779999999999993,.789999999999993,
.799999999999993,.809999999999993,.819999999999993,.829999999999992,
.839999999999992,.849999999999992,.859999999999992,.869999999999992,
.879999999999992,.889999999999991,.899999999999991,.909999999999991,
.919999999999991,.929999999999991,.939999999999991,.949999999999991,
.959999999999991,.96999999999999,.97999999999999,.98999999999999,
.99999999999999,1.00999999999999,1.01999999999999,1.02999999999999,
1.03999999999999,1.04999999999999,1.05999999999999],[.0800000000000038,
.0900000000000036,.100000000000003,.110000000000003,.120000000000003,
.130000000000003,.140000000000003,.150000000000003,.160000000000002,
.170000000000002,.180000000000002,.190000000000002,.200000000000002,
.210000000000001,.220000000000001,.230000000000001,.240000000000001,
.250000000000001,.260000000000001,.27,.28,.29,.3,.31,.319999999999999,
.329999999999999,.339999999999999,.349999999999999,.359999999999999,
.369999999999998,.379999999999998,.389999999999998,.399999999999998,
.409999999999998,.419999999999998,.429999999999997,.439999999999997,
.449999999999997,.459999999999997,.469999999999997,.479999999999997,
.489999999999996,.499999999999996,.509999999999996,.519999999999996,
.529999999999996,.539999999999995,.549999999999995,.559999999999995,
.569999999999995,.579999999999995,.589999999999995,.599999999999994,
.609999999999994,.619999999999994,.629999999999994,.639999999999994,
.649999999999993,.659999999999993,.669999999999993,.679999999999993,
.689999999999993,.699999999999993,.709999999999992,.719999999999992,
.729999999999992,.739999999999992,.749999999999992,.759999999999992,
.769999999999991,.779999999999991,.789999999999991,.799999999999991,
.809999999999991,.81999999999999,.82999999999999,.83999999999999,
.84999999999999,.85999999999999,.869999999999989,.879999999999989,
.889999999999989,.899999999999989,.909999999999989,.919999999999989,
.929999999999988,.939999999999988,.949999999999988,.959999999999988,
.969999999999988,.979999999999988,.989999999999987,.999999999999987,
1.00999999999999,1.01999999999999,1.02999999999999,1.03999999999999,
1.04999999999999,1.05999999999999,1.06999999999999,1.07999999999999],[
.100000000000004,.110000000000004,.120000000000004,.130000000000003,
.140000000000003,.150000000000003,.160000000000003,.170000000000003,
.180000000000002,.190000000000002,.200000000000002,.210000000000002,
.220000000000002,.230000000000001,.240000000000001,.250000000000001,
.260000000000001,.27,.28,.29,.3,.31,.319999999999999,.329999999999999,
.339999999999999,.349999999999999,.359999999999998,.369999999999998,
.379999999999998,.389999999999998,.399999999999998,.409999999999997,
.419999999999997,.429999999999997,.439999999999997,.449999999999996,
.459999999999996,.469999999999996,.479999999999996,.489999999999996,
.499999999999995,.509999999999995,.519999999999995,.529999999999995,
.539999999999994,.549999999999994,.559999999999994,.569999999999994,
.579999999999994,.589999999999993,.599999999999993,.609999999999993,
.619999999999993,.629999999999993,.639999999999992,.649999999999992,
.659999999999992,.669999999999992,.679999999999992,.689999999999991,
.699999999999991,.709999999999991,.719999999999991,.72999999999999,
.73999999999999,.74999999999999,.75999999999999,.76999999999999,
.779999999999989,.789999999999989,.799999999999989,.809999999999989,
.819999999999988,.829999999999988,.839999999999988,.849999999999988,
.859999999999987,.869999999999987,.879999999999987,.889999999999987,
.899999999999987,.909999999999986,.919999999999986,.929999999999986,
.939999999999986,.949999999999986,.959999999999985,.969999999999985,
.979999999999985,.989999999999985,.999999999999984,1.00999999999998,
1.01999999999998,1.02999999999998,1.03999999999998,1.04999999999998,
1.05999999999998,1.06999999999998,1.07999999999998,1.08999999999998,
1.09999999999998],[.120000000000004,.130000000000004,.140000000000004,
.150000000000004,.160000000000003,.170000000000003,.180000000000003,
.190000000000003,.200000000000002,.210000000000002,.220000000000002,
.230000000000002,.240000000000001,.250000000000001,.260000000000001,.27,.28,.29
,.3,.309999999999999,.319999999999999,.329999999999999,.339999999999999,
.349999999999998,.359999999999998,.369999999999998,.379999999999998,
.389999999999997,.399999999999997,.409999999999997,.419999999999997,
.429999999999996,.439999999999996,.449999999999996,.459999999999996,
.469999999999995,.479999999999995,.489999999999995,.499999999999995,
.509999999999994,.519999999999994,.529999999999994,.539999999999994,
.549999999999993,.559999999999993,.569999999999993,.579999999999993,
.589999999999992,.599999999999992,.609999999999992,.619999999999992,
.629999999999991,.639999999999991,.649999999999991,.659999999999991,
.66999999999999,.67999999999999,.68999999999999,.69999999999999,
.709999999999989,.719999999999989,.729999999999989,.739999999999988,
.749999999999988,.759999999999988,.769999999999988,.779999999999987,
.789999999999987,.799999999999987,.809999999999987,.819999999999986,
.829999999999986,.839999999999986,.849999999999986,.859999999999985,
.869999999999985,.879999999999985,.889999999999985,.899999999999984,
.909999999999984,.919999999999984,.929999999999984,.939999999999983,
.949999999999983,.959999999999983,.969999999999983,.979999999999982,
.989999999999982,.999999999999982,1.00999999999998,1.01999999999998,
1.02999999999998,1.03999999999998,1.04999999999998,1.05999999999998,
1.06999999999998,1.07999999999998,1.08999999999998,1.09999999999998,
1.10999999999998,1.11999999999998],[.140000000000004,.150000000000004,
.160000000000004,.170000000000004,.180000000000003,.190000000000003,
.200000000000003,.210000000000002,.220000000000002,.230000000000002,
.240000000000002,.250000000000001,.260000000000001,.270000000000001,.28,.29,.3,
.309999999999999,.319999999999999,.329999999999999,.339999999999999,
.349999999999998,.359999999999998,.369999999999998,.379999999999997,
.389999999999997,.399999999999997,.409999999999997,.419999999999996,
.429999999999996,.439999999999996,.449999999999995,.459999999999995,
.469999999999995,.479999999999995,.489999999999994,.499999999999994,
.509999999999994,.519999999999993,.529999999999993,.539999999999993,
.549999999999992,.559999999999992,.569999999999992,.579999999999992,
.589999999999991,.599999999999991,.609999999999991,.61999999999999,
.62999999999999,.63999999999999,.64999999999999,.659999999999989,
.669999999999989,.679999999999989,.689999999999989,.699999999999988,
.709999999999988,.719999999999988,.729999999999987,.739999999999987,
.749999999999987,.759999999999986,.769999999999986,.779999999999986,
.789999999999986,.799999999999985,.809999999999985,.819999999999985,
.829999999999984,.839999999999984,.849999999999984,.859999999999983,
.869999999999983,.879999999999983,.889999999999983,.899999999999982,
.909999999999982,.919999999999982,.929999999999982,.939999999999981,
.949999999999981,.959999999999981,.96999999999998,.97999999999998,
.98999999999998,.999999999999979,1.00999999999998,1.01999999999998,
1.02999999999998,1.03999999999998,1.04999999999998,1.05999999999998,
1.06999999999998,1.07999999999998,1.08999999999998,1.09999999999998,
1.10999999999998,1.11999999999998,1.12999999999998,1.13999999999998],[
.160000000000005,.170000000000004,.180000000000004,.190000000000004,
.200000000000003,.210000000000003,.220000000000003,.230000000000002,
.240000000000002,.250000000000002,.260000000000001,.270000000000001,
.280000000000001,.29,.3,.31,.319999999999999,.329999999999999,.339999999999999,
.349999999999998,.359999999999998,.369999999999998,.379999999999997,
.389999999999997,.399999999999997,.409999999999996,.419999999999996,
.429999999999996,.439999999999995,.449999999999995,.459999999999995,
.469999999999994,.479999999999994,.489999999999994,.499999999999993,
.509999999999993,.519999999999993,.529999999999992,.539999999999992,
.549999999999992,.559999999999991,.569999999999991,.579999999999991,
.58999999999999,.59999999999999,.60999999999999,.619999999999989,
.629999999999989,.639999999999989,.649999999999988,.659999999999988,
.669999999999988,.679999999999988,.689999999999987,.699999999999987,
.709999999999986,.719999999999986,.729999999999986,.739999999999985,
.749999999999985,.759999999999985,.769999999999984,.779999999999984,
.789999999999984,.799999999999983,.809999999999983,.819999999999983,
.829999999999983,.839999999999982,.849999999999982,.859999999999981,
.869999999999981,.879999999999981,.88999999999998,.89999999999998,
.90999999999998,.91999999999998,.929999999999979,.939999999999979,
.949999999999978,.959999999999978,.969999999999978,.979999999999977,
.989999999999977,.999999999999977,1.00999999999998,1.01999999999998,
1.02999999999998,1.03999999999998,1.04999999999998,1.05999999999997,
1.06999999999997,1.07999999999997,1.08999999999997,1.09999999999997,
1.10999999999997,1.11999999999997,1.12999999999997,1.13999999999997,
1.14999999999997,1.15999999999997],[.180000000000004,.190000000000004,
.200000000000004,.210000000000003,.220000000000003,.230000000000003,
.240000000000002,.250000000000002,.260000000000002,.270000000000001,
.280000000000001,.29,.3,.31,.319999999999999,.329999999999999,.339999999999999,
.349999999999998,.359999999999998,.369999999999997,.379999999999997,
.389999999999997,.399999999999996,.409999999999996,.419999999999996,
.429999999999995,.439999999999995,.449999999999995,.459999999999994,
.469999999999994,.479999999999993,.489999999999993,.499999999999993,
.509999999999992,.519999999999992,.529999999999992,.539999999999991,
.549999999999991,.559999999999991,.56999999999999,.57999999999999,
.589999999999989,.599999999999989,.609999999999989,.619999999999988,
.629999999999988,.639999999999988,.649999999999987,.659999999999987,
.669999999999986,.679999999999986,.689999999999986,.699999999999985,
.709999999999985,.719999999999985,.729999999999984,.739999999999984,
.749999999999983,.759999999999983,.769999999999983,.779999999999982,
.789999999999982,.799999999999982,.809999999999981,.819999999999981,
.829999999999981,.83999999999998,.84999999999998,.859999999999979,
.869999999999979,.879999999999979,.889999999999978,.899999999999978,
.909999999999978,.919999999999977,.929999999999977,.939999999999977,
.949999999999976,.959999999999976,.969999999999975,.979999999999975,
.989999999999975,.999999999999974,1.00999999999997,1.01999999999997,
1.02999999999997,1.03999999999997,1.04999999999997,1.05999999999997,
1.06999999999997,1.07999999999997,1.08999999999997,1.09999999999997,
1.10999999999997,1.11999999999997,1.12999999999997,1.13999999999997,
1.14999999999997,1.15999999999997,1.16999999999997,1.17999999999997],[
.200000000000004,.210000000000004,.220000000000003,.230000000000003,
.240000000000003,.250000000000002,.260000000000002,.270000000000001,
.280000000000001,.290000000000001,.3,.31,.319999999999999,.329999999999999,
.339999999999999,.349999999999998,.359999999999998,.369999999999997,
.379999999999997,.389999999999997,.399999999999996,.409999999999996,
.419999999999995,.429999999999995,.439999999999995,.449999999999994,
.459999999999994,.469999999999993,.479999999999993,.489999999999993,
.499999999999992,.509999999999992,.519999999999991,.529999999999991,
.53999999999999,.54999999999999,.55999999999999,.569999999999989,
.579999999999989,.589999999999989,.599999999999988,.609999999999988,
.619999999999987,.629999999999987,.639999999999987,.649999999999986,
.659999999999986,.669999999999985,.679999999999985,.689999999999984,
.699999999999984,.709999999999984,.719999999999983,.729999999999983,
.739999999999982,.749999999999982,.759999999999982,.769999999999981,
.779999999999981,.78999999999998,.79999999999998,.80999999999998,
.819999999999979,.829999999999979,.839999999999978,.849999999999978,
.859999999999978,.869999999999977,.879999999999977,.889999999999976,
.899999999999976,.909999999999976,.919999999999975,.929999999999975,
.939999999999974,.949999999999974,.959999999999974,.969999999999973,
.979999999999973,.989999999999972,.999999999999972,1.00999999999997,
1.01999999999997,1.02999999999997,1.03999999999997,1.04999999999997,
1.05999999999997,1.06999999999997,1.07999999999997,1.08999999999997,
1.09999999999997,1.10999999999997,1.11999999999997,1.12999999999997,
1.13999999999997,1.14999999999997,1.15999999999997,1.16999999999997,
1.17999999999996,1.18999999999996,1.19999999999996],[.220000000000004,
.230000000000003,.240000000000003,.250000000000003,.260000000000002,
.270000000000002,.280000000000001,.290000000000001,.3,.31,.32,.329999999999999,
.339999999999999,.349999999999998,.359999999999998,.369999999999997,
.379999999999997,.389999999999997,.399999999999996,.409999999999996,
.419999999999995,.429999999999995,.439999999999994,.449999999999994,
.459999999999993,.469999999999993,.479999999999993,.489999999999992,
.499999999999992,.509999999999991,.519999999999991,.52999999999999,
.53999999999999,.54999999999999,.559999999999989,.569999999999989,
.579999999999988,.589999999999988,.599999999999987,.609999999999987,
.619999999999987,.629999999999986,.639999999999986,.649999999999985,
.659999999999985,.669999999999984,.679999999999984,.689999999999983,
.699999999999983,.709999999999983,.719999999999982,.729999999999982,
.739999999999981,.749999999999981,.75999999999998,.76999999999998,
.77999999999998,.789999999999979,.799999999999979,.809999999999978,
.819999999999978,.829999999999977,.839999999999977,.849999999999976,
.859999999999976,.869999999999976,.879999999999975,.889999999999975,
.899999999999974,.909999999999974,.919999999999973,.929999999999973,
.939999999999972,.949999999999972,.959999999999972,.969999999999971,
.979999999999971,.98999999999997,.99999999999997,1.00999999999997,
1.01999999999997,1.02999999999997,1.03999999999997,1.04999999999997,
1.05999999999997,1.06999999999997,1.07999999999997,1.08999999999997,
1.09999999999997,1.10999999999997,1.11999999999996,1.12999999999996,
1.13999999999996,1.14999999999996,1.15999999999996,1.16999999999996,
1.17999999999996,1.18999999999996,1.19999999999996,1.20999999999996,
1.21999999999996],[.240000000000004,.250000000000003,.260000000000003,
.270000000000002,.280000000000002,.290000000000001,.300000000000001,.31,.32,
.329999999999999,.339999999999999,.349999999999998,.359999999999998,
.369999999999997,.379999999999997,.389999999999997,.399999999999996,
.409999999999996,.419999999999995,.429999999999995,.439999999999994,
.449999999999994,.459999999999993,.469999999999993,.479999999999992,
.489999999999992,.499999999999991,.509999999999991,.51999999999999,
.52999999999999,.539999999999989,.549999999999989,.559999999999989,
.569999999999988,.579999999999988,.589999999999987,.599999999999987,
.609999999999986,.619999999999986,.629999999999985,.639999999999985,
.649999999999984,.659999999999984,.669999999999983,.679999999999983,
.689999999999982,.699999999999982,.709999999999981,.719999999999981,
.72999999999998,.73999999999998,.74999999999998,.759999999999979,
.769999999999979,.779999999999978,.789999999999978,.799999999999977,
.809999999999977,.819999999999976,.829999999999976,.839999999999975,
.849999999999975,.859999999999974,.869999999999974,.879999999999973,
.889999999999973,.899999999999972,.909999999999972,.919999999999972,
.929999999999971,.939999999999971,.94999999999997,.95999999999997,
.969999999999969,.979999999999969,.989999999999968,.999999999999968,
1.00999999999997,1.01999999999997,1.02999999999997,1.03999999999997,
1.04999999999997,1.05999999999996,1.06999999999996,1.07999999999996,
1.08999999999996,1.09999999999996,1.10999999999996,1.11999999999996,
1.12999999999996,1.13999999999996,1.14999999999996,1.15999999999996,
1.16999999999996,1.17999999999996,1.18999999999996,1.19999999999996,
1.20999999999996,1.21999999999996,1.22999999999996,1.23999999999996],[
.260000000000003,.270000000000003,.280000000000002,.290000000000002,
.300000000000001,.310000000000001,.32,.33,.339999999999999,.349999999999999,
.359999999999998,.369999999999998,.379999999999997,.389999999999997,
.399999999999996,.409999999999995,.419999999999995,.429999999999994,
.439999999999994,.449999999999994,.459999999999993,.469999999999992,
.479999999999992,.489999999999991,.499999999999991,.50999999999999,
.51999999999999,.529999999999989,.539999999999989,.549999999999988,
.559999999999988,.569999999999987,.579999999999987,.589999999999986,
.599999999999986,.609999999999985,.619999999999985,.629999999999984,
.639999999999984,.649999999999983,.659999999999983,.669999999999982,
.679999999999982,.689999999999981,.699999999999981,.70999999999998,
.71999999999998,.729999999999979,.739999999999979,.749999999999978,
.759999999999978,.769999999999977,.779999999999977,.789999999999976,
.799999999999976,.809999999999975,.819999999999975,.829999999999974,
.839999999999974,.849999999999973,.859999999999973,.869999999999972,
.879999999999972,.889999999999971,.899999999999971,.90999999999997,
.91999999999997,.929999999999969,.939999999999969,.949999999999968,
.959999999999968,.969999999999967,.979999999999967,.989999999999966,
.999999999999966,1.00999999999997,1.01999999999996,1.02999999999996,
1.03999999999996,1.04999999999996,1.05999999999996,1.06999999999996,
1.07999999999996,1.08999999999996,1.09999999999996,1.10999999999996,
1.11999999999996,1.12999999999996,1.13999999999996,1.14999999999996,
1.15999999999996,1.16999999999996,1.17999999999996,1.18999999999996,
1.19999999999996,1.20999999999996,1.21999999999995,1.22999999999995,
1.23999999999995,1.24999999999995,1.25999999999995],[.280000000000003,
.290000000000002,.300000000000002,.310000000000001,.32,.33,.339999999999999,
.349999999999999,.359999999999998,.369999999999998,.379999999999997,
.389999999999997,.399999999999996,.409999999999996,.419999999999995,
.429999999999994,.439999999999994,.449999999999993,.459999999999993,
.469999999999992,.479999999999992,.489999999999991,.499999999999991,
.50999999999999,.51999999999999,.529999999999989,.539999999999989,
.549999999999988,.559999999999988,.569999999999987,.579999999999986,
.589999999999986,.599999999999985,.609999999999985,.619999999999984,
.629999999999984,.639999999999983,.649999999999983,.659999999999982,
.669999999999981,.679999999999981,.68999999999998,.69999999999998,
.709999999999979,.719999999999979,.729999999999978,.739999999999978,
.749999999999977,.759999999999977,.769999999999976,.779999999999976,
.789999999999975,.799999999999975,.809999999999974,.819999999999973,
.829999999999973,.839999999999972,.849999999999972,.859999999999971,
.869999999999971,.87999999999997,.88999999999997,.899999999999969,
.909999999999969,.919999999999968,.929999999999968,.939999999999967,
.949999999999966,.959999999999966,.969999999999965,.979999999999965,
.989999999999964,.999999999999964,1.00999999999996,1.01999999999996,
1.02999999999996,1.03999999999996,1.04999999999996,1.05999999999996,
1.06999999999996,1.07999999999996,1.08999999999996,1.09999999999996,
1.10999999999996,1.11999999999996,1.12999999999996,1.13999999999996,
1.14999999999996,1.15999999999996,1.16999999999995,1.17999999999995,
1.18999999999995,1.19999999999995,1.20999999999995,1.21999999999995,
1.22999999999995,1.23999999999995,1.24999999999995,1.25999999999995,
1.26999999999995,1.27999999999995],[.300000000000002,.310000000000001,
.320000000000001,.33,.34,.349999999999999,.359999999999999,.369999999999998,
.379999999999997,.389999999999997,.399999999999996,.409999999999996,
.419999999999995,.429999999999994,.439999999999994,.449999999999993,
.459999999999993,.469999999999992,.479999999999992,.489999999999991,
.499999999999991,.50999999999999,.519999999999989,.529999999999989,
.539999999999988,.549999999999988,.559999999999987,.569999999999987,
.579999999999986,.589999999999985,.599999999999985,.609999999999984,
.619999999999984,.629999999999983,.639999999999982,.649999999999982,
.659999999999981,.669999999999981,.67999999999998,.68999999999998,
.699999999999979,.709999999999978,.719999999999978,.729999999999977,
.739999999999977,.749999999999976,.759999999999976,.769999999999975,
.779999999999974,.789999999999974,.799999999999973,.809999999999973,
.819999999999972,.829999999999972,.839999999999971,.849999999999971,
.85999999999997,.869999999999969,.879999999999969,.889999999999968,
.899999999999967,.909999999999967,.919999999999966,.929999999999966,
.939999999999965,.949999999999965,.959999999999964,.969999999999964,
.979999999999963,.989999999999962,.999999999999962,1.00999999999996,
1.01999999999996,1.02999999999996,1.03999999999996,1.04999999999996,
1.05999999999996,1.06999999999996,1.07999999999996,1.08999999999996,
1.09999999999996,1.10999999999996,1.11999999999995,1.12999999999995,
1.13999999999995,1.14999999999995,1.15999999999995,1.16999999999995,
1.17999999999995,1.18999999999995,1.19999999999995,1.20999999999995,
1.21999999999995,1.22999999999995,1.23999999999995,1.24999999999995,
1.25999999999995,1.26999999999995,1.27999999999995,1.28999999999995,
1.29999999999994],[.320000000000002,.330000000000001,.34,.35,.359999999999999,
.369999999999998,.379999999999998,.389999999999997,.399999999999997,
.409999999999996,.419999999999995,.429999999999995,.439999999999994,
.449999999999994,.459999999999993,.469999999999992,.479999999999992,
.489999999999991,.49999999999999,.50999999999999,.519999999999989,
.529999999999989,.539999999999988,.549999999999987,.559999999999987,
.569999999999986,.579999999999986,.589999999999985,.599999999999984,
.609999999999984,.619999999999983,.629999999999983,.639999999999982,
.649999999999981,.659999999999981,.66999999999998,.67999999999998,
.689999999999979,.699999999999978,.709999999999978,.719999999999977,
.729999999999976,.739999999999976,.749999999999975,.759999999999974,
.769999999999974,.779999999999973,.789999999999973,.799999999999972,
.809999999999971,.819999999999971,.82999999999997,.83999999999997,
.849999999999969,.859999999999968,.869999999999968,.879999999999967,
.889999999999966,.899999999999966,.909999999999965,.919999999999965,
.929999999999964,.939999999999964,.949999999999963,.959999999999962,
.969999999999962,.979999999999961,.98999999999996,.99999999999996,
1.00999999999996,1.01999999999996,1.02999999999996,1.03999999999996,
1.04999999999996,1.05999999999996,1.06999999999996,1.07999999999995,
1.08999999999995,1.09999999999995,1.10999999999995,1.11999999999995,
1.12999999999995,1.13999999999995,1.14999999999995,1.15999999999995,
1.16999999999995,1.17999999999995,1.18999999999995,1.19999999999995,
1.20999999999995,1.21999999999995,1.22999999999995,1.23999999999995,
1.24999999999994,1.25999999999994,1.26999999999994,1.27999999999994,
1.28999999999994,1.29999999999994,1.30999999999994,1.31999999999994],[
.340000000000001,.35,.359999999999999,.369999999999999,.379999999999998,
.389999999999997,.399999999999997,.409999999999996,.419999999999995,
.429999999999995,.439999999999994,.449999999999993,.459999999999993,
.469999999999992,.479999999999992,.489999999999991,.49999999999999,
.50999999999999,.519999999999989,.529999999999988,.539999999999988,
.549999999999987,.559999999999986,.569999999999986,.579999999999985,
.589999999999984,.599999999999984,.609999999999983,.619999999999983,
.629999999999982,.639999999999981,.649999999999981,.65999999999998,
.669999999999979,.679999999999979,.689999999999978,.699999999999977,
.709999999999977,.719999999999976,.729999999999975,.739999999999975,
.749999999999974,.759999999999973,.769999999999973,.779999999999972,
.789999999999971,.799999999999971,.80999999999997,.819999999999969,
.829999999999969,.839999999999968,.849999999999968,.859999999999967,
.869999999999966,.879999999999966,.889999999999965,.899999999999964,
.909999999999964,.919999999999963,.929999999999962,.939999999999962,
.949999999999961,.95999999999996,.96999999999996,.979999999999959,
.989999999999958,.999999999999958,1.00999999999996,1.01999999999996,
1.02999999999996,1.03999999999996,1.04999999999995,1.05999999999995,
1.06999999999995,1.07999999999995,1.08999999999995,1.09999999999995,
1.10999999999995,1.11999999999995,1.12999999999995,1.13999999999995,
1.14999999999995,1.15999999999995,1.16999999999995,1.17999999999995,
1.18999999999995,1.19999999999994,1.20999999999994,1.21999999999994,
1.22999999999994,1.23999999999994,1.24999999999994,1.25999999999994,
1.26999999999994,1.27999999999994,1.28999999999994,1.29999999999994,
1.30999999999994,1.31999999999994,1.32999999999994,1.33999999999994],[.36,
.369999999999999,.379999999999998,.389999999999998,.399999999999997,
.409999999999996,.419999999999996,.429999999999995,.439999999999994,
.449999999999994,.459999999999993,.469999999999992,.479999999999992,
.489999999999991,.49999999999999,.509999999999989,.519999999999989,
.529999999999988,.539999999999987,.549999999999987,.559999999999986,
.569999999999985,.579999999999985,.589999999999984,.599999999999983,
.609999999999983,.619999999999982,.629999999999981,.639999999999981,
.64999999999998,.659999999999979,.669999999999979,.679999999999978,
.689999999999977,.699999999999977,.709999999999976,.719999999999975,
.729999999999974,.739999999999974,.749999999999973,.759999999999972,
.769999999999972,.779999999999971,.789999999999971,.79999999999997,
.809999999999969,.819999999999968,.829999999999968,.839999999999967,
.849999999999966,.859999999999966,.869999999999965,.879999999999964,
.889999999999964,.899999999999963,.909999999999962,.919999999999962,
.929999999999961,.93999999999996,.94999999999996,.959999999999959,
.969999999999958,.979999999999958,.989999999999957,.999999999999956,
1.00999999999996,1.01999999999995,1.02999999999995,1.03999999999995,
1.04999999999995,1.05999999999995,1.06999999999995,1.07999999999995,
1.08999999999995,1.09999999999995,1.10999999999995,1.11999999999995,
1.12999999999995,1.13999999999995,1.14999999999995,1.15999999999995,
1.16999999999994,1.17999999999994,1.18999999999994,1.19999999999994,
1.20999999999994,1.21999999999994,1.22999999999994,1.23999999999994,
1.24999999999994,1.25999999999994,1.26999999999994,1.27999999999994,
1.28999999999994,1.29999999999994,1.30999999999993,1.31999999999993,
1.32999999999993,1.33999999999993,1.34999999999993,1.35999999999993],[
.379999999999999,.389999999999998,.399999999999997,.409999999999997,
.419999999999996,.429999999999995,.439999999999995,.449999999999994,
.459999999999993,.469999999999992,.479999999999992,.489999999999991,
.49999999999999,.50999999999999,.519999999999989,.529999999999988,
.539999999999987,.549999999999987,.559999999999986,.569999999999985,
.579999999999985,.589999999999984,.599999999999983,.609999999999982,
.619999999999982,.629999999999981,.63999999999998,.649999999999979,
.659999999999979,.669999999999978,.679999999999977,.689999999999977,
.699999999999976,.709999999999975,.719999999999974,.729999999999974,
.739999999999973,.749999999999972,.759999999999972,.769999999999971,
.77999999999997,.789999999999969,.799999999999969,.809999999999968,
.819999999999967,.829999999999967,.839999999999966,.849999999999965,
.859999999999964,.869999999999964,.879999999999963,.889999999999962,
.899999999999962,.909999999999961,.91999999999996,.92999999999996,
.939999999999959,.949999999999958,.959999999999957,.969999999999956,
.979999999999956,.989999999999955,.999999999999954,1.00999999999995,
1.01999999999995,1.02999999999995,1.03999999999995,1.04999999999995,
1.05999999999995,1.06999999999995,1.07999999999995,1.08999999999995,
1.09999999999995,1.10999999999995,1.11999999999995,1.12999999999995,
1.13999999999994,1.14999999999994,1.15999999999994,1.16999999999994,
1.17999999999994,1.18999999999994,1.19999999999994,1.20999999999994,
1.21999999999994,1.22999999999994,1.23999999999994,1.24999999999994,
1.25999999999994,1.26999999999994,1.27999999999993,1.28999999999993,
1.29999999999993,1.30999999999993,1.31999999999993,1.32999999999993,
1.33999999999993,1.34999999999993,1.35999999999993,1.36999999999993,
1.37999999999993],[.399999999999998,.409999999999997,.419999999999996,
.429999999999996,.439999999999995,.449999999999994,.459999999999993,
.469999999999993,.479999999999992,.489999999999991,.49999999999999,
.50999999999999,.519999999999989,.529999999999988,.539999999999987,
.549999999999987,.559999999999986,.569999999999985,.579999999999984,
.589999999999984,.599999999999983,.609999999999982,.619999999999981,
.629999999999981,.63999999999998,.649999999999979,.659999999999978,
.669999999999978,.679999999999977,.689999999999976,.699999999999975,
.709999999999975,.719999999999974,.729999999999973,.739999999999972,
.749999999999972,.759999999999971,.76999999999997,.779999999999969,
.789999999999969,.799999999999968,.809999999999967,.819999999999966,
.829999999999966,.839999999999965,.849999999999964,.859999999999963,
.869999999999963,.879999999999962,.889999999999961,.89999999999996,
.90999999999996,.919999999999959,.929999999999958,.939999999999957,
.949999999999957,.959999999999956,.969999999999955,.979999999999954,
.989999999999954,.999999999999953,1.00999999999995,1.01999999999995,
1.02999999999995,1.03999999999995,1.04999999999995,1.05999999999995,
1.06999999999995,1.07999999999995,1.08999999999995,1.09999999999995,
1.10999999999994,1.11999999999994,1.12999999999994,1.13999999999994,
1.14999999999994,1.15999999999994,1.16999999999994,1.17999999999994,
1.18999999999994,1.19999999999994,1.20999999999994,1.21999999999994,
1.22999999999994,1.23999999999993,1.24999999999993,1.25999999999993,
1.26999999999993,1.27999999999993,1.28999999999993,1.29999999999993,
1.30999999999993,1.31999999999993,1.32999999999993,1.33999999999993,
1.34999999999993,1.35999999999993,1.36999999999993,1.37999999999992,
1.38999999999992,1.39999999999992],[.419999999999997,.429999999999996,
.439999999999995,.449999999999995,.459999999999994,.469999999999993,
.479999999999992,.489999999999991,.499999999999991,.50999999999999,
.519999999999989,.529999999999988,.539999999999987,.549999999999987,
.559999999999986,.569999999999985,.579999999999984,.589999999999984,
.599999999999983,.609999999999982,.619999999999981,.62999999999998,
.63999999999998,.649999999999979,.659999999999978,.669999999999977,
.679999999999976,.689999999999976,.699999999999975,.709999999999974,
.719999999999973,.729999999999972,.739999999999972,.749999999999971,
.75999999999997,.769999999999969,.779999999999968,.789999999999968,
.799999999999967,.809999999999966,.819999999999965,.829999999999965,
.839999999999964,.849999999999963,.859999999999962,.869999999999961,
.879999999999961,.88999999999996,.899999999999959,.909999999999958,
.919999999999958,.929999999999957,.939999999999956,.949999999999955,
.959999999999954,.969999999999954,.979999999999953,.989999999999952,
.999999999999951,1.00999999999995,1.01999999999995,1.02999999999995,
1.03999999999995,1.04999999999995,1.05999999999995,1.06999999999995,
1.07999999999995,1.08999999999994,1.09999999999994,1.10999999999994,
1.11999999999994,1.12999999999994,1.13999999999994,1.14999999999994,
1.15999999999994,1.16999999999994,1.17999999999994,1.18999999999994,
1.19999999999994,1.20999999999993,1.21999999999993,1.22999999999993,
1.23999999999993,1.24999999999993,1.25999999999993,1.26999999999993,
1.27999999999993,1.28999999999993,1.29999999999993,1.30999999999993,
1.31999999999993,1.32999999999993,1.33999999999992,1.34999999999992,
1.35999999999992,1.36999999999992,1.37999999999992,1.38999999999992,
1.39999999999992,1.40999999999992,1.41999999999992],[.439999999999996,
.449999999999995,.459999999999994,.469999999999993,.479999999999993,
.489999999999992,.499999999999991,.50999999999999,.519999999999989,
.529999999999988,.539999999999988,.549999999999987,.559999999999986,
.569999999999985,.579999999999984,.589999999999983,.599999999999983,
.609999999999982,.619999999999981,.62999999999998,.639999999999979,
.649999999999979,.659999999999978,.669999999999977,.679999999999976,
.689999999999975,.699999999999974,.709999999999974,.719999999999973,
.729999999999972,.739999999999971,.74999999999997,.759999999999969,
.769999999999969,.779999999999968,.789999999999967,.799999999999966,
.809999999999965,.819999999999965,.829999999999964,.839999999999963,
.849999999999962,.859999999999961,.86999999999996,.87999999999996,
.889999999999959,.899999999999958,.909999999999957,.919999999999956,
.929999999999956,.939999999999955,.949999999999954,.959999999999953,
.969999999999952,.979999999999951,.989999999999951,.99999999999995,
1.00999999999995,1.01999999999995,1.02999999999995,1.03999999999995,
1.04999999999995,1.05999999999994,1.06999999999994,1.07999999999994,
1.08999999999994,1.09999999999994,1.10999999999994,1.11999999999994,
1.12999999999994,1.13999999999994,1.14999999999994,1.15999999999994,
1.16999999999994,1.17999999999993,1.18999999999993,1.19999999999993,
1.20999999999993,1.21999999999993,1.22999999999993,1.23999999999993,
1.24999999999993,1.25999999999993,1.26999999999993,1.27999999999993,
1.28999999999993,1.29999999999992,1.30999999999992,1.31999999999992,
1.32999999999992,1.33999999999992,1.34999999999992,1.35999999999992,
1.36999999999992,1.37999999999992,1.38999999999992,1.39999999999992,
1.40999999999992,1.41999999999992,1.42999999999991,1.43999999999991],[
.459999999999995,.469999999999994,.479999999999993,.489999999999992,
.499999999999991,.50999999999999,.519999999999989,.529999999999988,
.539999999999988,.549999999999987,.559999999999986,.569999999999985,
.579999999999984,.589999999999983,.599999999999983,.609999999999982,
.619999999999981,.62999999999998,.639999999999979,.649999999999978,
.659999999999977,.669999999999977,.679999999999976,.689999999999975,
.699999999999974,.709999999999973,.719999999999972,.729999999999971,
.73999999999997,.74999999999997,.759999999999969,.769999999999968,
.779999999999967,.789999999999966,.799999999999965,.809999999999964,
.819999999999964,.829999999999963,.839999999999962,.849999999999961,
.85999999999996,.869999999999959,.879999999999958,.889999999999957,
.899999999999957,.909999999999956,.919999999999955,.929999999999954,
.939999999999953,.949999999999952,.959999999999952,.969999999999951,
.97999999999995,.989999999999949,.999999999999948,1.00999999999995,
1.01999999999995,1.02999999999995,1.03999999999994,1.04999999999994,
1.05999999999994,1.06999999999994,1.07999999999994,1.08999999999994,
1.09999999999994,1.10999999999994,1.11999999999994,1.12999999999994,
1.13999999999994,1.14999999999994,1.15999999999993,1.16999999999993,
1.17999999999993,1.18999999999993,1.19999999999993,1.20999999999993,
1.21999999999993,1.22999999999993,1.23999999999993,1.24999999999993,
1.25999999999993,1.26999999999992,1.27999999999992,1.28999999999992,
1.29999999999992,1.30999999999992,1.31999999999992,1.32999999999992,
1.33999999999992,1.34999999999992,1.35999999999992,1.36999999999992,
1.37999999999992,1.38999999999991,1.39999999999991,1.40999999999991,
1.41999999999991,1.42999999999991,1.43999999999991,1.44999999999991,
1.45999999999991],[.479999999999993,.489999999999992,.499999999999991,
.50999999999999,.51999999999999,.529999999999989,.539999999999988,
.549999999999987,.559999999999986,.569999999999985,.579999999999984,
.589999999999983,.599999999999982,.609999999999981,.619999999999981,
.62999999999998,.639999999999979,.649999999999978,.659999999999977,
.669999999999976,.679999999999975,.689999999999974,.699999999999973,
.709999999999973,.719999999999972,.729999999999971,.73999999999997,
.749999999999969,.759999999999968,.769999999999967,.779999999999966,
.789999999999965,.799999999999965,.809999999999964,.819999999999963,
.829999999999962,.839999999999961,.84999999999996,.859999999999959,
.869999999999958,.879999999999957,.889999999999956,.899999999999956,
.909999999999955,.919999999999954,.929999999999953,.939999999999952,
.949999999999951,.95999999999995,.969999999999949,.979999999999948,
.989999999999948,.999999999999947,1.00999999999995,1.01999999999994,
1.02999999999994,1.03999999999994,1.04999999999994,1.05999999999994,
1.06999999999994,1.07999999999994,1.08999999999994,1.09999999999994,
1.10999999999994,1.11999999999994,1.12999999999994,1.13999999999993,
1.14999999999993,1.15999999999993,1.16999999999993,1.17999999999993,
1.18999999999993,1.19999999999993,1.20999999999993,1.21999999999993,
1.22999999999993,1.23999999999993,1.24999999999992,1.25999999999992,
1.26999999999992,1.27999999999992,1.28999999999992,1.29999999999992,
1.30999999999992,1.31999999999992,1.32999999999992,1.33999999999992,
1.34999999999992,1.35999999999991,1.36999999999991,1.37999999999991,
1.38999999999991,1.39999999999991,1.40999999999991,1.41999999999991,
1.42999999999991,1.43999999999991,1.44999999999991,1.45999999999991,
1.4699999999999,1.4799999999999],[.499999999999992,.509999999999991,
.51999999999999,.529999999999989,.539999999999988,.549999999999987,
.559999999999986,.569999999999985,.579999999999984,.589999999999983,
.599999999999983,.609999999999982,.619999999999981,.62999999999998,
.639999999999979,.649999999999978,.659999999999977,.669999999999976,
.679999999999975,.689999999999974,.699999999999973,.709999999999972,
.719999999999971,.72999999999997,.73999999999997,.749999999999969,
.759999999999968,.769999999999967,.779999999999966,.789999999999965,
.799999999999964,.809999999999963,.819999999999962,.829999999999961,
.83999999999996,.849999999999959,.859999999999958,.869999999999957,
.879999999999957,.889999999999956,.899999999999955,.909999999999954,
.919999999999953,.929999999999952,.939999999999951,.94999999999995,
.959999999999949,.969999999999948,.979999999999947,.989999999999946,
.999999999999945,1.00999999999994,1.01999999999994,1.02999999999994,
1.03999999999994,1.04999999999994,1.05999999999994,1.06999999999994,
1.07999999999994,1.08999999999994,1.09999999999994,1.10999999999994,
1.11999999999993,1.12999999999993,1.13999999999993,1.14999999999993,
1.15999999999993,1.16999999999993,1.17999999999993,1.18999999999993,
1.19999999999993,1.20999999999993,1.21999999999992,1.22999999999992,
1.23999999999992,1.24999999999992,1.25999999999992,1.26999999999992,
1.27999999999992,1.28999999999992,1.29999999999992,1.30999999999992,
1.31999999999992,1.32999999999991,1.33999999999991,1.34999999999991,
1.35999999999991,1.36999999999991,1.37999999999991,1.38999999999991,
1.39999999999991,1.40999999999991,1.41999999999991,1.42999999999991,
1.4399999999999,1.4499999999999,1.4599999999999,1.4699999999999,1.4799999999999
,1.4899999999999,1.4999999999999],[.51999999999999,.529999999999989,
.539999999999988,.549999999999988,.559999999999987,.569999999999986,
.579999999999985,.589999999999984,.599999999999983,.609999999999982,
.619999999999981,.62999999999998,.639999999999979,.649999999999978,
.659999999999977,.669999999999976,.679999999999975,.689999999999974,
.699999999999973,.709999999999972,.719999999999971,.72999999999997,
.739999999999969,.749999999999968,.759999999999967,.769999999999966,
.779999999999965,.789999999999965,.799999999999964,.809999999999963,
.819999999999962,.829999999999961,.83999999999996,.849999999999959,
.859999999999958,.869999999999957,.879999999999956,.889999999999955,
.899999999999954,.909999999999953,.919999999999952,.929999999999951,
.93999999999995,.949999999999949,.959999999999948,.969999999999947,
.979999999999946,.989999999999945,.999999999999944,1.00999999999994,
1.01999999999994,1.02999999999994,1.03999999999994,1.04999999999994,
1.05999999999994,1.06999999999994,1.07999999999994,1.08999999999994,
1.09999999999993,1.10999999999993,1.11999999999993,1.12999999999993,
1.13999999999993,1.14999999999993,1.15999999999993,1.16999999999993,
1.17999999999993,1.18999999999993,1.19999999999993,1.20999999999992,
1.21999999999992,1.22999999999992,1.23999999999992,1.24999999999992,
1.25999999999992,1.26999999999992,1.27999999999992,1.28999999999992,
1.29999999999992,1.30999999999991,1.31999999999991,1.32999999999991,
1.33999999999991,1.34999999999991,1.35999999999991,1.36999999999991,
1.37999999999991,1.38999999999991,1.39999999999991,1.4099999999999,
1.4199999999999,1.4299999999999,1.4399999999999,1.4499999999999,1.4599999999999
,1.4699999999999,1.4799999999999,1.4899999999999,1.4999999999999,
1.50999999999989,1.51999999999989],[.539999999999989,.549999999999988,
.559999999999987,.569999999999986,.579999999999985,.589999999999984,
.599999999999983,.609999999999982,.619999999999981,.62999999999998,
.639999999999979,.649999999999978,.659999999999977,.669999999999976,
.679999999999975,.689999999999974,.699999999999973,.709999999999972,
.719999999999971,.72999999999997,.739999999999969,.749999999999968,
.759999999999967,.769999999999966,.779999999999965,.789999999999964,
.799999999999963,.809999999999962,.819999999999961,.82999999999996,
.839999999999959,.849999999999958,.859999999999957,.869999999999956,
.879999999999955,.889999999999954,.899999999999953,.909999999999952,
.919999999999951,.92999999999995,.939999999999949,.949999999999948,
.959999999999947,.969999999999946,.979999999999945,.989999999999944,
.999999999999943,1.00999999999994,1.01999999999994,1.02999999999994,
1.03999999999994,1.04999999999994,1.05999999999994,1.06999999999994,
1.07999999999994,1.08999999999993,1.09999999999993,1.10999999999993,
1.11999999999993,1.12999999999993,1.13999999999993,1.14999999999993,
1.15999999999993,1.16999999999993,1.17999999999993,1.18999999999992,
1.19999999999992,1.20999999999992,1.21999999999992,1.22999999999992,
1.23999999999992,1.24999999999992,1.25999999999992,1.26999999999992,
1.27999999999992,1.28999999999991,1.29999999999991,1.30999999999991,
1.31999999999991,1.32999999999991,1.33999999999991,1.34999999999991,
1.35999999999991,1.36999999999991,1.37999999999991,1.3899999999999,
1.3999999999999,1.4099999999999,1.4199999999999,1.4299999999999,1.4399999999999
,1.4499999999999,1.4599999999999,1.4699999999999,1.4799999999999,
1.48999999999989,1.49999999999989,1.50999999999989,1.51999999999989,
1.52999999999989,1.53999999999989],[.559999999999987,.569999999999986,
.579999999999985,.589999999999984,.599999999999983,.609999999999982,
.619999999999981,.62999999999998,.639999999999979,.649999999999978,
.659999999999977,.669999999999976,.679999999999975,.689999999999974,
.699999999999973,.709999999999972,.719999999999971,.72999999999997,
.739999999999969,.749999999999968,.759999999999967,.769999999999966,
.779999999999965,.789999999999964,.799999999999963,.809999999999962,
.819999999999961,.829999999999959,.839999999999959,.849999999999957,
.859999999999956,.869999999999955,.879999999999954,.889999999999953,
.899999999999952,.909999999999951,.91999999999995,.929999999999949,
.939999999999948,.949999999999947,.959999999999946,.969999999999945,
.979999999999944,.989999999999943,.999999999999942,1.00999999999994,
1.01999999999994,1.02999999999994,1.03999999999994,1.04999999999994,
1.05999999999994,1.06999999999993,1.07999999999993,1.08999999999993,
1.09999999999993,1.10999999999993,1.11999999999993,1.12999999999993,
1.13999999999993,1.14999999999993,1.15999999999993,1.16999999999992,
1.17999999999992,1.18999999999992,1.19999999999992,1.20999999999992,
1.21999999999992,1.22999999999992,1.23999999999992,1.24999999999992,
1.25999999999991,1.26999999999991,1.27999999999991,1.28999999999991,
1.29999999999991,1.30999999999991,1.31999999999991,1.32999999999991,
1.33999999999991,1.34999999999991,1.3599999999999,1.3699999999999,
1.3799999999999,1.3899999999999,1.3999999999999,1.4099999999999,1.4199999999999
,1.4299999999999,1.4399999999999,1.4499999999999,1.45999999999989,
1.46999999999989,1.47999999999989,1.48999999999989,1.49999999999989,
1.50999999999989,1.51999999999989,1.52999999999989,1.53999999999989,
1.54999999999989,1.55999999999988],[.579999999999986,.589999999999985,
.599999999999984,.609999999999982,.619999999999981,.62999999999998,
.639999999999979,.649999999999978,.659999999999977,.669999999999976,
.679999999999975,.689999999999974,.699999999999973,.709999999999972,
.719999999999971,.72999999999997,.739999999999969,.749999999999968,
.759999999999966,.769999999999965,.779999999999964,.789999999999963,
.799999999999962,.809999999999961,.81999999999996,.829999999999959,
.839999999999958,.849999999999957,.859999999999956,.869999999999955,
.879999999999954,.889999999999953,.899999999999952,.909999999999951,
.91999999999995,.929999999999948,.939999999999947,.949999999999946,
.959999999999945,.969999999999944,.979999999999943,.989999999999942,
.999999999999941,1.00999999999994,1.01999999999994,1.02999999999994,
1.03999999999994,1.04999999999994,1.05999999999993,1.06999999999993,
1.07999999999993,1.08999999999993,1.09999999999993,1.10999999999993,
1.11999999999993,1.12999999999993,1.13999999999993,1.14999999999992,
1.15999999999992,1.16999999999992,1.17999999999992,1.18999999999992,
1.19999999999992,1.20999999999992,1.21999999999992,1.22999999999992,
1.23999999999992,1.24999999999991,1.25999999999991,1.26999999999991,
1.27999999999991,1.28999999999991,1.29999999999991,1.30999999999991,
1.31999999999991,1.32999999999991,1.3399999999999,1.3499999999999,
1.3599999999999,1.3699999999999,1.3799999999999,1.3899999999999,1.3999999999999
,1.4099999999999,1.4199999999999,1.4299999999999,1.43999999999989,
1.44999999999989,1.45999999999989,1.46999999999989,1.47999999999989,
1.48999999999989,1.49999999999989,1.50999999999989,1.51999999999989,
1.52999999999988,1.53999999999988,1.54999999999988,1.55999999999988,
1.56999999999988,1.57999999999988],[.599999999999984,.609999999999983,
.619999999999982,.629999999999981,.639999999999979,.649999999999978,
.659999999999977,.669999999999976,.679999999999975,.689999999999974,
.699999999999973,.709999999999972,.719999999999971,.72999999999997,
.739999999999968,.749999999999967,.759999999999966,.769999999999965,
.779999999999964,.789999999999963,.799999999999962,.809999999999961,
.81999999999996,.829999999999959,.839999999999957,.849999999999956,
.859999999999955,.869999999999954,.879999999999953,.889999999999952,
.899999999999951,.90999999999995,.919999999999949,.929999999999948,
.939999999999946,.949999999999945,.959999999999944,.969999999999943,
.979999999999942,.989999999999941,.99999999999994,1.00999999999994,
1.01999999999994,1.02999999999994,1.03999999999994,1.04999999999993,
1.05999999999993,1.06999999999993,1.07999999999993,1.08999999999993,
1.09999999999993,1.10999999999993,1.11999999999993,1.12999999999993,
1.13999999999992,1.14999999999992,1.15999999999992,1.16999999999992,
1.17999999999992,1.18999999999992,1.19999999999992,1.20999999999992,
1.21999999999992,1.22999999999991,1.23999999999991,1.24999999999991,
1.25999999999991,1.26999999999991,1.27999999999991,1.28999999999991,
1.29999999999991,1.30999999999991,1.3199999999999,1.3299999999999,
1.3399999999999,1.3499999999999,1.3599999999999,1.3699999999999,1.3799999999999
,1.3899999999999,1.3999999999999,1.40999999999989,1.41999999999989,
1.42999999999989,1.43999999999989,1.44999999999989,1.45999999999989,
1.46999999999989,1.47999999999989,1.48999999999989,1.49999999999988,
1.50999999999988,1.51999999999988,1.52999999999988,1.53999999999988,
1.54999999999988,1.55999999999988,1.56999999999988,1.57999999999988,
1.58999999999988,1.59999999999987],[.619999999999982,.629999999999981,
.63999999999998,.649999999999979,.659999999999978,.669999999999976,
.679999999999975,.689999999999974,.699999999999973,.709999999999972,
.719999999999971,.72999999999997,.739999999999968,.749999999999967,
.759999999999966,.769999999999965,.779999999999964,.789999999999963,
.799999999999962,.809999999999961,.819999999999959,.829999999999958,
.839999999999957,.849999999999956,.859999999999955,.869999999999954,
.879999999999953,.889999999999951,.89999999999995,.909999999999949,
.919999999999948,.929999999999947,.939999999999946,.949999999999945,
.959999999999944,.969999999999942,.979999999999941,.98999999999994,
.999999999999939,1.00999999999994,1.01999999999994,1.02999999999994,
1.03999999999993,1.04999999999993,1.05999999999993,1.06999999999993,
1.07999999999993,1.08999999999993,1.09999999999993,1.10999999999993,
1.11999999999993,1.12999999999992,1.13999999999992,1.14999999999992,
1.15999999999992,1.16999999999992,1.17999999999992,1.18999999999992,
1.19999999999992,1.20999999999992,1.21999999999991,1.22999999999991,
1.23999999999991,1.24999999999991,1.25999999999991,1.26999999999991,
1.27999999999991,1.28999999999991,1.2999999999999,1.3099999999999,
1.3199999999999,1.3299999999999,1.3399999999999,1.3499999999999,1.3599999999999
,1.3699999999999,1.3799999999999,1.38999999999989,1.39999999999989,
1.40999999999989,1.41999999999989,1.42999999999989,1.43999999999989,
1.44999999999989,1.45999999999989,1.46999999999989,1.47999999999988,
1.48999999999988,1.49999999999988,1.50999999999988,1.51999999999988,
1.52999999999988,1.53999999999988,1.54999999999988,1.55999999999988,
1.56999999999987,1.57999999999987,1.58999999999987,1.59999999999987,
1.60999999999987,1.61999999999987],[.63999999999998,.649999999999979,
.659999999999978,.669999999999977,.679999999999975,.689999999999974,
.699999999999973,.709999999999972,.719999999999971,.729999999999969,
.739999999999968,.749999999999967,.759999999999966,.769999999999965,
.779999999999964,.789999999999963,.799999999999961,.80999999999996,
.819999999999959,.829999999999958,.839999999999957,.849999999999955,
.859999999999954,.869999999999953,.879999999999952,.889999999999951,
.89999999999995,.909999999999948,.919999999999947,.929999999999946,
.939999999999945,.949999999999944,.959999999999943,.969999999999941,
.97999999999994,.989999999999939,.999999999999938,1.00999999999994,
1.01999999999994,1.02999999999993,1.03999999999993,1.04999999999993,
1.05999999999993,1.06999999999993,1.07999999999993,1.08999999999993,
1.09999999999993,1.10999999999993,1.11999999999992,1.12999999999992,
1.13999999999992,1.14999999999992,1.15999999999992,1.16999999999992,
1.17999999999992,1.18999999999992,1.19999999999991,1.20999999999991,
1.21999999999991,1.22999999999991,1.23999999999991,1.24999999999991,
1.25999999999991,1.26999999999991,1.27999999999991,1.2899999999999,
1.2999999999999,1.3099999999999,1.3199999999999,1.3299999999999,1.3399999999999
,1.3499999999999,1.3599999999999,1.36999999999989,1.37999999999989,
1.38999999999989,1.39999999999989,1.40999999999989,1.41999999999989,
1.42999999999989,1.43999999999989,1.44999999999989,1.45999999999988,
1.46999999999988,1.47999999999988,1.48999999999988,1.49999999999988,
1.50999999999988,1.51999999999988,1.52999999999988,1.53999999999987,
1.54999999999987,1.55999999999987,1.56999999999987,1.57999999999987,
1.58999999999987,1.59999999999987,1.60999999999987,1.61999999999987,
1.62999999999986,1.63999999999986],[.659999999999978,.669999999999977,
.679999999999976,.689999999999974,.699999999999973,.709999999999972,
.719999999999971,.72999999999997,.739999999999968,.749999999999967,
.759999999999966,.769999999999965,.779999999999964,.789999999999962,
.799999999999961,.80999999999996,.819999999999959,.829999999999958,
.839999999999956,.849999999999955,.859999999999954,.869999999999953,
.879999999999952,.88999999999995,.899999999999949,.909999999999948,
.919999999999947,.929999999999946,.939999999999944,.949999999999943,
.959999999999942,.969999999999941,.97999999999994,.989999999999938,
.999999999999937,1.00999999999994,1.01999999999993,1.02999999999993,
1.03999999999993,1.04999999999993,1.05999999999993,1.06999999999993,
1.07999999999993,1.08999999999993,1.09999999999993,1.10999999999992,
1.11999999999992,1.12999999999992,1.13999999999992,1.14999999999992,
1.15999999999992,1.16999999999992,1.17999999999992,1.18999999999991,
1.19999999999991,1.20999999999991,1.21999999999991,1.22999999999991,
1.23999999999991,1.24999999999991,1.25999999999991,1.2699999999999,
1.2799999999999,1.2899999999999,1.2999999999999,1.3099999999999,1.3199999999999
,1.3299999999999,1.3399999999999,1.3499999999999,1.35999999999989,
1.36999999999989,1.37999999999989,1.38999999999989,1.39999999999989,
1.40999999999989,1.41999999999989,1.42999999999989,1.43999999999988,
1.44999999999988,1.45999999999988,1.46999999999988,1.47999999999988,
1.48999999999988,1.49999999999988,1.50999999999988,1.51999999999987,
1.52999999999987,1.53999999999987,1.54999999999987,1.55999999999987,
1.56999999999987,1.57999999999987,1.58999999999987,1.59999999999987,
1.60999999999986,1.61999999999986,1.62999999999986,1.63999999999986,
1.64999999999986,1.65999999999986],[.679999999999976,.689999999999975,
.699999999999974,.709999999999973,.719999999999971,.72999999999997,
.739999999999969,.749999999999968,.759999999999966,.769999999999965,
.779999999999964,.789999999999963,.799999999999962,.80999999999996,
.819999999999959,.829999999999958,.839999999999957,.849999999999955,
.859999999999954,.869999999999953,.879999999999952,.88999999999995,
.899999999999949,.909999999999948,.919999999999947,.929999999999946,
.939999999999944,.949999999999943,.959999999999942,.969999999999941,
.979999999999939,.989999999999938,.999999999999937,1.00999999999994,
1.01999999999993,1.02999999999993,1.03999999999993,1.04999999999993,
1.05999999999993,1.06999999999993,1.07999999999993,1.08999999999993,
1.09999999999992,1.10999999999992,1.11999999999992,1.12999999999992,
1.13999999999992,1.14999999999992,1.15999999999992,1.16999999999992,
1.17999999999991,1.18999999999991,1.19999999999991,1.20999999999991,
1.21999999999991,1.22999999999991,1.23999999999991,1.24999999999991,
1.2599999999999,1.2699999999999,1.2799999999999,1.2899999999999,1.2999999999999
,1.3099999999999,1.3199999999999,1.3299999999999,1.3399999999999,
1.34999999999989,1.35999999999989,1.36999999999989,1.37999999999989,
1.38999999999989,1.39999999999989,1.40999999999989,1.41999999999988,
1.42999999999988,1.43999999999988,1.44999999999988,1.45999999999988,
1.46999999999988,1.47999999999988,1.48999999999988,1.49999999999988,
1.50999999999987,1.51999999999987,1.52999999999987,1.53999999999987,
1.54999999999987,1.55999999999987,1.56999999999987,1.57999999999987,
1.58999999999986,1.59999999999986,1.60999999999986,1.61999999999986,
1.62999999999986,1.63999999999986,1.64999999999986,1.65999999999986,
1.66999999999985,1.67999999999985],[.699999999999974,.709999999999973,
.719999999999972,.72999999999997,.739999999999969,.749999999999968,
.759999999999967,.769999999999965,.779999999999964,.789999999999963,
.799999999999962,.80999999999996,.819999999999959,.829999999999958,
.839999999999956,.849999999999955,.859999999999954,.869999999999953,
.879999999999951,.88999999999995,.899999999999949,.909999999999948,
.919999999999946,.929999999999945,.939999999999944,.949999999999943,
.959999999999941,.96999999999994,.979999999999939,.989999999999937,
.999999999999936,1.00999999999993,1.01999999999993,1.02999999999993,
1.03999999999993,1.04999999999993,1.05999999999993,1.06999999999993,
1.07999999999993,1.08999999999992,1.09999999999992,1.10999999999992,
1.11999999999992,1.12999999999992,1.13999999999992,1.14999999999992,
1.15999999999992,1.16999999999991,1.17999999999991,1.18999999999991,
1.19999999999991,1.20999999999991,1.21999999999991,1.22999999999991,
1.23999999999991,1.2499999999999,1.2599999999999,1.2699999999999,
1.2799999999999,1.2899999999999,1.2999999999999,1.3099999999999,1.3199999999999
,1.32999999999989,1.33999999999989,1.34999999999989,1.35999999999989,
1.36999999999989,1.37999999999989,1.38999999999989,1.39999999999989,
1.40999999999988,1.41999999999988,1.42999999999988,1.43999999999988,
1.44999999999988,1.45999999999988,1.46999999999988,1.47999999999988,
1.48999999999987,1.49999999999987,1.50999999999987,1.51999999999987,
1.52999999999987,1.53999999999987,1.54999999999987,1.55999999999987,
1.56999999999986,1.57999999999986,1.58999999999986,1.59999999999986,
1.60999999999986,1.61999999999986,1.62999999999986,1.63999999999985,
1.64999999999985,1.65999999999985,1.66999999999985,1.67999999999985,
1.68999999999985,1.69999999999985],[.719999999999972,.72999999999997,
.739999999999969,.749999999999968,.759999999999967,.769999999999965,
.779999999999964,.789999999999963,.799999999999961,.80999999999996,
.819999999999959,.829999999999957,.839999999999956,.849999999999955,
.859999999999954,.869999999999952,.879999999999951,.88999999999995,
.899999999999948,.909999999999947,.919999999999946,.929999999999945,
.939999999999943,.949999999999942,.959999999999941,.969999999999939,
.979999999999938,.989999999999937,.999999999999935,1.00999999999993,
1.01999999999993,1.02999999999993,1.03999999999993,1.04999999999993,
1.05999999999993,1.06999999999993,1.07999999999993,1.08999999999992,
1.09999999999992,1.10999999999992,1.11999999999992,1.12999999999992,
1.13999999999992,1.14999999999992,1.15999999999991,1.16999999999991,
1.17999999999991,1.18999999999991,1.19999999999991,1.20999999999991,
1.21999999999991,1.22999999999991,1.2399999999999,1.2499999999999,
1.2599999999999,1.2699999999999,1.2799999999999,1.2899999999999,1.2999999999999
,1.3099999999999,1.31999999999989,1.32999999999989,1.33999999999989,
1.34999999999989,1.35999999999989,1.36999999999989,1.37999999999989,
1.38999999999988,1.39999999999988,1.40999999999988,1.41999999999988,
1.42999999999988,1.43999999999988,1.44999999999988,1.45999999999988,
1.46999999999987,1.47999999999987,1.48999999999987,1.49999999999987,
1.50999999999987,1.51999999999987,1.52999999999987,1.53999999999987,
1.54999999999986,1.55999999999986,1.56999999999986,1.57999999999986,
1.58999999999986,1.59999999999986,1.60999999999986,1.61999999999985,
1.62999999999985,1.63999999999985,1.64999999999985,1.65999999999985,
1.66999999999985,1.67999999999985,1.68999999999985,1.69999999999984,
1.70999999999984,1.71999999999984],[.739999999999969,.749999999999968,
.759999999999967,.769999999999965,.779999999999964,.789999999999963,
.799999999999962,.80999999999996,.819999999999959,.829999999999957,
.839999999999956,.849999999999955,.859999999999953,.869999999999952,
.879999999999951,.889999999999949,.899999999999948,.909999999999947,
.919999999999946,.929999999999944,.939999999999943,.949999999999942,
.95999999999994,.969999999999939,.979999999999938,.989999999999936,
.999999999999935,1.00999999999993,1.01999999999993,1.02999999999993,
1.03999999999993,1.04999999999993,1.05999999999993,1.06999999999993,
1.07999999999992,1.08999999999992,1.09999999999992,1.10999999999992,
1.11999999999992,1.12999999999992,1.13999999999992,1.14999999999991,
1.15999999999991,1.16999999999991,1.17999999999991,1.18999999999991,
1.19999999999991,1.20999999999991,1.21999999999991,1.2299999999999,
1.2399999999999,1.2499999999999,1.2599999999999,1.2699999999999,1.2799999999999
,1.2899999999999,1.2999999999999,1.30999999999989,1.31999999999989,
1.32999999999989,1.33999999999989,1.34999999999989,1.35999999999989,
1.36999999999989,1.37999999999988,1.38999999999988,1.39999999999988,
1.40999999999988,1.41999999999988,1.42999999999988,1.43999999999988,
1.44999999999987,1.45999999999987,1.46999999999987,1.47999999999987,
1.48999999999987,1.49999999999987,1.50999999999987,1.51999999999987,
1.52999999999986,1.53999999999986,1.54999999999986,1.55999999999986,
1.56999999999986,1.57999999999986,1.58999999999986,1.59999999999986,
1.60999999999985,1.61999999999985,1.62999999999985,1.63999999999985,
1.64999999999985,1.65999999999985,1.66999999999985,1.67999999999984,
1.68999999999984,1.69999999999984,1.70999999999984,1.71999999999984,
1.72999999999984,1.73999999999984],[.759999999999967,.769999999999966,
.779999999999964,.789999999999963,.799999999999962,.80999999999996,
.819999999999959,.829999999999957,.839999999999956,.849999999999955,
.859999999999953,.869999999999952,.879999999999951,.889999999999949,
.899999999999948,.909999999999946,.919999999999945,.929999999999944,
.939999999999942,.949999999999941,.95999999999994,.969999999999938,
.979999999999937,.989999999999936,.999999999999934,1.00999999999993,
1.01999999999993,1.02999999999993,1.03999999999993,1.04999999999993,
1.05999999999993,1.06999999999992,1.07999999999992,1.08999999999992,
1.09999999999992,1.10999999999992,1.11999999999992,1.12999999999992,
1.13999999999992,1.14999999999991,1.15999999999991,1.16999999999991,
1.17999999999991,1.18999999999991,1.19999999999991,1.20999999999991,
1.2199999999999,1.2299999999999,1.2399999999999,1.2499999999999,1.2599999999999
,1.2699999999999,1.2799999999999,1.28999999999989,1.29999999999989,
1.30999999999989,1.31999999999989,1.32999999999989,1.33999999999989,
1.34999999999989,1.35999999999989,1.36999999999988,1.37999999999988,
1.38999999999988,1.39999999999988,1.40999999999988,1.41999999999988,
1.42999999999988,1.43999999999987,1.44999999999987,1.45999999999987,
1.46999999999987,1.47999999999987,1.48999999999987,1.49999999999987,
1.50999999999986,1.51999999999986,1.52999999999986,1.53999999999986,
1.54999999999986,1.55999999999986,1.56999999999986,1.57999999999986,
1.58999999999985,1.59999999999985,1.60999999999985,1.61999999999985,
1.62999999999985,1.63999999999985,1.64999999999985,1.65999999999984,
1.66999999999984,1.67999999999984,1.68999999999984,1.69999999999984,
1.70999999999984,1.71999999999984,1.72999999999983,1.73999999999983,
1.74999999999983,1.75999999999983],[.779999999999964,.789999999999963,
.799999999999962,.80999999999996,.819999999999959,.829999999999957,
.839999999999956,.849999999999955,.859999999999953,.869999999999952,
.87999999999995,.889999999999949,.899999999999948,.909999999999946,
.919999999999945,.929999999999943,.939999999999942,.949999999999941,
.959999999999939,.969999999999938,.979999999999936,.989999999999935,
.999999999999934,1.00999999999993,1.01999999999993,1.02999999999993,
1.03999999999993,1.04999999999993,1.05999999999993,1.06999999999992,
1.07999999999992,1.08999999999992,1.09999999999992,1.10999999999992,
1.11999999999992,1.12999999999992,1.13999999999991,1.14999999999991,
1.15999999999991,1.16999999999991,1.17999999999991,1.18999999999991,
1.19999999999991,1.2099999999999,1.2199999999999,1.2299999999999,
1.2399999999999,1.2499999999999,1.2599999999999,1.2699999999999,
1.27999999999989,1.28999999999989,1.29999999999989,1.30999999999989,
1.31999999999989,1.32999999999989,1.33999999999989,1.34999999999988,
1.35999999999988,1.36999999999988,1.37999999999988,1.38999999999988,
1.39999999999988,1.40999999999988,1.41999999999988,1.42999999999987,
1.43999999999987,1.44999999999987,1.45999999999987,1.46999999999987,
1.47999999999987,1.48999999999987,1.49999999999986,1.50999999999986,
1.51999999999986,1.52999999999986,1.53999999999986,1.54999999999986,
1.55999999999986,1.56999999999985,1.57999999999985,1.58999999999985,
1.59999999999985,1.60999999999985,1.61999999999985,1.62999999999985,
1.63999999999984,1.64999999999984,1.65999999999984,1.66999999999984,
1.67999999999984,1.68999999999984,1.69999999999984,1.70999999999983,
1.71999999999983,1.72999999999983,1.73999999999983,1.74999999999983,
1.75999999999983,1.76999999999983,1.77999999999982],[.799999999999962,
.80999999999996,.819999999999959,.829999999999958,.839999999999956,
.849999999999955,.859999999999953,.869999999999952,.87999999999995,
.889999999999949,.899999999999948,.909999999999946,.919999999999945,
.929999999999943,.939999999999942,.94999999999994,.959999999999939,
.969999999999938,.979999999999936,.989999999999935,.999999999999933,
1.00999999999993,1.01999999999993,1.02999999999993,1.03999999999993,
1.04999999999993,1.05999999999992,1.06999999999992,1.07999999999992,
1.08999999999992,1.09999999999992,1.10999999999992,1.11999999999992,
1.12999999999991,1.13999999999991,1.14999999999991,1.15999999999991,
1.16999999999991,1.17999999999991,1.18999999999991,1.1999999999999,
1.2099999999999,1.2199999999999,1.2299999999999,1.2399999999999,1.2499999999999
,1.2599999999999,1.26999999999989,1.27999999999989,1.28999999999989,
1.29999999999989,1.30999999999989,1.31999999999989,1.32999999999989,
1.33999999999988,1.34999999999988,1.35999999999988,1.36999999999988,
1.37999999999988,1.38999999999988,1.39999999999988,1.40999999999987,
1.41999999999987,1.42999999999987,1.43999999999987,1.44999999999987,
1.45999999999987,1.46999999999987,1.47999999999986,1.48999999999986,
1.49999999999986,1.50999999999986,1.51999999999986,1.52999999999986,
1.53999999999986,1.54999999999985,1.55999999999985,1.56999999999985,
1.57999999999985,1.58999999999985,1.59999999999985,1.60999999999985,
1.61999999999984,1.62999999999984,1.63999999999984,1.64999999999984,
1.65999999999984,1.66999999999984,1.67999999999984,1.68999999999983,
1.69999999999983,1.70999999999983,1.71999999999983,1.72999999999983,
1.73999999999983,1.74999999999983,1.75999999999982,1.76999999999982,
1.77999999999982,1.78999999999982,1.79999999999982],[.819999999999959,
.829999999999958,.839999999999956,.849999999999955,.859999999999953,
.869999999999952,.87999999999995,.889999999999949,.899999999999948,
.909999999999946,.919999999999945,.929999999999943,.939999999999942,
.94999999999994,.959999999999939,.969999999999937,.979999999999936,
.989999999999934,.999999999999933,1.00999999999993,1.01999999999993,
1.02999999999993,1.03999999999993,1.04999999999993,1.05999999999992,
1.06999999999992,1.07999999999992,1.08999999999992,1.09999999999992,
1.10999999999992,1.11999999999992,1.12999999999991,1.13999999999991,
1.14999999999991,1.15999999999991,1.16999999999991,1.17999999999991,
1.18999999999991,1.1999999999999,1.2099999999999,1.2199999999999,
1.2299999999999,1.2399999999999,1.2499999999999,1.25999999999989,
1.26999999999989,1.27999999999989,1.28999999999989,1.29999999999989,
1.30999999999989,1.31999999999989,1.32999999999988,1.33999999999988,
1.34999999999988,1.35999999999988,1.36999999999988,1.37999999999988,
1.38999999999988,1.39999999999987,1.40999999999987,1.41999999999987,
1.42999999999987,1.43999999999987,1.44999999999987,1.45999999999987,
1.46999999999986,1.47999999999986,1.48999999999986,1.49999999999986,
1.50999999999986,1.51999999999986,1.52999999999986,1.53999999999985,
1.54999999999985,1.55999999999985,1.56999999999985,1.57999999999985,
1.58999999999985,1.59999999999985,1.60999999999984,1.61999999999984,
1.62999999999984,1.63999999999984,1.64999999999984,1.65999999999984,
1.66999999999983,1.67999999999983,1.68999999999983,1.69999999999983,
1.70999999999983,1.71999999999983,1.72999999999983,1.73999999999982,
1.74999999999982,1.75999999999982,1.76999999999982,1.77999999999982,
1.78999999999982,1.79999999999982,1.80999999999981,1.81999999999981],[
.839999999999957,.849999999999955,.859999999999954,.869999999999952,
.879999999999951,.889999999999949,.899999999999948,.909999999999946,
.919999999999945,.929999999999943,.939999999999942,.94999999999994,
.959999999999939,.969999999999937,.979999999999936,.989999999999934,
.999999999999933,1.00999999999993,1.01999999999993,1.02999999999993,
1.03999999999993,1.04999999999993,1.05999999999992,1.06999999999992,
1.07999999999992,1.08999999999992,1.09999999999992,1.10999999999992,
1.11999999999992,1.12999999999991,1.13999999999991,1.14999999999991,
1.15999999999991,1.16999999999991,1.17999999999991,1.1899999999999,
1.1999999999999,1.2099999999999,1.2199999999999,1.2299999999999,1.2399999999999
,1.2499999999999,1.25999999999989,1.26999999999989,1.27999999999989,
1.28999999999989,1.29999999999989,1.30999999999989,1.31999999999989,
1.32999999999988,1.33999999999988,1.34999999999988,1.35999999999988,
1.36999999999988,1.37999999999988,1.38999999999987,1.39999999999987,
1.40999999999987,1.41999999999987,1.42999999999987,1.43999999999987,
1.44999999999987,1.45999999999986,1.46999999999986,1.47999999999986,
1.48999999999986,1.49999999999986,1.50999999999986,1.51999999999986,
1.52999999999985,1.53999999999985,1.54999999999985,1.55999999999985,
1.56999999999985,1.57999999999985,1.58999999999984,1.59999999999984,
1.60999999999984,1.61999999999984,1.62999999999984,1.63999999999984,
1.64999999999984,1.65999999999983,1.66999999999983,1.67999999999983,
1.68999999999983,1.69999999999983,1.70999999999983,1.71999999999983,
1.72999999999982,1.73999999999982,1.74999999999982,1.75999999999982,
1.76999999999982,1.77999999999982,1.78999999999981,1.79999999999981,
1.80999999999981,1.81999999999981,1.82999999999981,1.83999999999981],[
.859999999999954,.869999999999953,.879999999999951,.88999999999995,
.899999999999948,.909999999999947,.919999999999945,.929999999999944,
.939999999999942,.94999999999994,.959999999999939,.969999999999937,
.979999999999936,.989999999999934,.999999999999933,1.00999999999993,
1.01999999999993,1.02999999999993,1.03999999999993,1.04999999999993,
1.05999999999992,1.06999999999992,1.07999999999992,1.08999999999992,
1.09999999999992,1.10999999999992,1.11999999999991,1.12999999999991,
1.13999999999991,1.14999999999991,1.15999999999991,1.16999999999991,
1.17999999999991,1.1899999999999,1.1999999999999,1.2099999999999,
1.2199999999999,1.2299999999999,1.2399999999999,1.24999999999989,
1.25999999999989,1.26999999999989,1.27999999999989,1.28999999999989,
1.29999999999989,1.30999999999989,1.31999999999988,1.32999999999988,
1.33999999999988,1.34999999999988,1.35999999999988,1.36999999999988,
1.37999999999988,1.38999999999987,1.39999999999987,1.40999999999987,
1.41999999999987,1.42999999999987,1.43999999999987,1.44999999999986,
1.45999999999986,1.46999999999986,1.47999999999986,1.48999999999986,
1.49999999999986,1.50999999999986,1.51999999999985,1.52999999999985,
1.53999999999985,1.54999999999985,1.55999999999985,1.56999999999985,
1.57999999999984,1.58999999999984,1.59999999999984,1.60999999999984,
1.61999999999984,1.62999999999984,1.63999999999984,1.64999999999983,
1.65999999999983,1.66999999999983,1.67999999999983,1.68999999999983,
1.69999999999983,1.70999999999982,1.71999999999982,1.72999999999982,
1.73999999999982,1.74999999999982,1.75999999999982,1.76999999999982,
1.77999999999981,1.78999999999981,1.79999999999981,1.80999999999981,
1.81999999999981,1.82999999999981,1.8399999999998,1.8499999999998,
1.8599999999998],[.879999999999951,.88999999999995,.899999999999948,
.909999999999947,.919999999999945,.929999999999944,.939999999999942,
.94999999999994,.959999999999939,.969999999999937,.979999999999936,
.989999999999934,.999999999999933,1.00999999999993,1.01999999999993,
1.02999999999993,1.03999999999993,1.04999999999992,1.05999999999992,
1.06999999999992,1.07999999999992,1.08999999999992,1.09999999999992,
1.10999999999992,1.11999999999991,1.12999999999991,1.13999999999991,
1.14999999999991,1.15999999999991,1.16999999999991,1.1799999999999,
1.1899999999999,1.1999999999999,1.2099999999999,1.2199999999999,1.2299999999999
,1.2399999999999,1.24999999999989,1.25999999999989,1.26999999999989,
1.27999999999989,1.28999999999989,1.29999999999989,1.30999999999988,
1.31999999999988,1.32999999999988,1.33999999999988,1.34999999999988,
1.35999999999988,1.36999999999988,1.37999999999987,1.38999999999987,
1.39999999999987,1.40999999999987,1.41999999999987,1.42999999999987,
1.43999999999986,1.44999999999986,1.45999999999986,1.46999999999986,
1.47999999999986,1.48999999999986,1.49999999999985,1.50999999999985,
1.51999999999985,1.52999999999985,1.53999999999985,1.54999999999985,
1.55999999999985,1.56999999999984,1.57999999999984,1.58999999999984,
1.59999999999984,1.60999999999984,1.61999999999984,1.62999999999983,
1.63999999999983,1.64999999999983,1.65999999999983,1.66999999999983,
1.67999999999983,1.68999999999983,1.69999999999982,1.70999999999982,
1.71999999999982,1.72999999999982,1.73999999999982,1.74999999999982,
1.75999999999981,1.76999999999981,1.77999999999981,1.78999999999981,
1.79999999999981,1.80999999999981,1.8199999999998,1.8299999999998,
1.8399999999998,1.8499999999998,1.8599999999998,1.8699999999998,1.8799999999998
],[.899999999999949,.909999999999947,.919999999999945,.929999999999944,
.939999999999942,.949999999999941,.959999999999939,.969999999999937,
.979999999999936,.989999999999934,.999999999999933,1.00999999999993,
1.01999999999993,1.02999999999993,1.03999999999993,1.04999999999992,
1.05999999999992,1.06999999999992,1.07999999999992,1.08999999999992,
1.09999999999992,1.10999999999992,1.11999999999991,1.12999999999991,
1.13999999999991,1.14999999999991,1.15999999999991,1.16999999999991,
1.1799999999999,1.1899999999999,1.1999999999999,1.2099999999999,1.2199999999999
,1.2299999999999,1.23999999999989,1.24999999999989,1.25999999999989,
1.26999999999989,1.27999999999989,1.28999999999989,1.29999999999989,
1.30999999999988,1.31999999999988,1.32999999999988,1.33999999999988,
1.34999999999988,1.35999999999988,1.36999999999987,1.37999999999987,
1.38999999999987,1.39999999999987,1.40999999999987,1.41999999999987,
1.42999999999986,1.43999999999986,1.44999999999986,1.45999999999986,
1.46999999999986,1.47999999999986,1.48999999999985,1.49999999999985,
1.50999999999985,1.51999999999985,1.52999999999985,1.53999999999985,
1.54999999999985,1.55999999999984,1.56999999999984,1.57999999999984,
1.58999999999984,1.59999999999984,1.60999999999984,1.61999999999983,
1.62999999999983,1.63999999999983,1.64999999999983,1.65999999999983,
1.66999999999983,1.67999999999982,1.68999999999982,1.69999999999982,
1.70999999999982,1.71999999999982,1.72999999999982,1.73999999999982,
1.74999999999981,1.75999999999981,1.76999999999981,1.77999999999981,
1.78999999999981,1.79999999999981,1.8099999999998,1.8199999999998,
1.8299999999998,1.8399999999998,1.8499999999998,1.8599999999998,
1.86999999999979,1.87999999999979,1.88999999999979,1.89999999999979],[
.919999999999946,.929999999999944,.939999999999942,.949999999999941,
.959999999999939,.969999999999938,.979999999999936,.989999999999934,
.999999999999933,1.00999999999993,1.01999999999993,1.02999999999993,
1.03999999999993,1.04999999999992,1.05999999999992,1.06999999999992,
1.07999999999992,1.08999999999992,1.09999999999992,1.10999999999991,
1.11999999999991,1.12999999999991,1.13999999999991,1.14999999999991,
1.15999999999991,1.16999999999991,1.1799999999999,1.1899999999999,
1.1999999999999,1.2099999999999,1.2199999999999,1.2299999999999,
1.23999999999989,1.24999999999989,1.25999999999989,1.26999999999989,
1.27999999999989,1.28999999999989,1.29999999999988,1.30999999999988,
1.31999999999988,1.32999999999988,1.33999999999988,1.34999999999988,
1.35999999999987,1.36999999999987,1.37999999999987,1.38999999999987,
1.39999999999987,1.40999999999987,1.41999999999986,1.42999999999986,
1.43999999999986,1.44999999999986,1.45999999999986,1.46999999999986,
1.47999999999985,1.48999999999985,1.49999999999985,1.50999999999985,
1.51999999999985,1.52999999999985,1.53999999999985,1.54999999999984,
1.55999999999984,1.56999999999984,1.57999999999984,1.58999999999984,
1.59999999999984,1.60999999999983,1.61999999999983,1.62999999999983,
1.63999999999983,1.64999999999983,1.65999999999983,1.66999999999982,
1.67999999999982,1.68999999999982,1.69999999999982,1.70999999999982,
1.71999999999982,1.72999999999981,1.73999999999981,1.74999999999981,
1.75999999999981,1.76999999999981,1.77999999999981,1.7899999999998,
1.7999999999998,1.8099999999998,1.8199999999998,1.8299999999998,1.8399999999998
,1.84999999999979,1.85999999999979,1.86999999999979,1.87999999999979,
1.88999999999979,1.89999999999979,1.90999999999978,1.91999999999978],[
.939999999999943,.949999999999941,.959999999999939,.969999999999938,
.979999999999936,.989999999999934,.999999999999933,1.00999999999993,
1.01999999999993,1.02999999999993,1.03999999999993,1.04999999999992,
1.05999999999992,1.06999999999992,1.07999999999992,1.08999999999992,
1.09999999999992,1.10999999999991,1.11999999999991,1.12999999999991,
1.13999999999991,1.14999999999991,1.15999999999991,1.1699999999999,
1.1799999999999,1.1899999999999,1.1999999999999,1.2099999999999,1.2199999999999
,1.22999999999989,1.23999999999989,1.24999999999989,1.25999999999989,
1.26999999999989,1.27999999999989,1.28999999999988,1.29999999999988,
1.30999999999988,1.31999999999988,1.32999999999988,1.33999999999988,
1.34999999999987,1.35999999999987,1.36999999999987,1.37999999999987,
1.38999999999987,1.39999999999987,1.40999999999986,1.41999999999986,
1.42999999999986,1.43999999999986,1.44999999999986,1.45999999999986,
1.46999999999985,1.47999999999985,1.48999999999985,1.49999999999985,
1.50999999999985,1.51999999999985,1.52999999999984,1.53999999999984,
1.54999999999984,1.55999999999984,1.56999999999984,1.57999999999984,
1.58999999999984,1.59999999999983,1.60999999999983,1.61999999999983,
1.62999999999983,1.63999999999983,1.64999999999982,1.65999999999982,
1.66999999999982,1.67999999999982,1.68999999999982,1.69999999999982,
1.70999999999982,1.71999999999981,1.72999999999981,1.73999999999981,
1.74999999999981,1.75999999999981,1.76999999999981,1.7799999999998,
1.7899999999998,1.7999999999998,1.8099999999998,1.8199999999998,1.8299999999998
,1.83999999999979,1.84999999999979,1.85999999999979,1.86999999999979,
1.87999999999979,1.88999999999979,1.89999999999978,1.90999999999978,
1.91999999999978,1.92999999999978,1.93999999999978],[.95999999999994,
.969999999999938,.979999999999936,.989999999999935,.999999999999933,
1.00999999999993,1.01999999999993,1.02999999999993,1.03999999999993,
1.04999999999992,1.05999999999992,1.06999999999992,1.07999999999992,
1.08999999999992,1.09999999999992,1.10999999999991,1.11999999999991,
1.12999999999991,1.13999999999991,1.14999999999991,1.15999999999991,
1.1699999999999,1.1799999999999,1.1899999999999,1.1999999999999,1.2099999999999
,1.2199999999999,1.22999999999989,1.23999999999989,1.24999999999989,
1.25999999999989,1.26999999999989,1.27999999999989,1.28999999999988,
1.29999999999988,1.30999999999988,1.31999999999988,1.32999999999988,
1.33999999999988,1.34999999999987,1.35999999999987,1.36999999999987,
1.37999999999987,1.38999999999987,1.39999999999987,1.40999999999986,
1.41999999999986,1.42999999999986,1.43999999999986,1.44999999999986,
1.45999999999986,1.46999999999985,1.47999999999985,1.48999999999985,
1.49999999999985,1.50999999999985,1.51999999999985,1.52999999999984,
1.53999999999984,1.54999999999984,1.55999999999984,1.56999999999984,
1.57999999999983,1.58999999999983,1.59999999999983,1.60999999999983,
1.61999999999983,1.62999999999983,1.63999999999982,1.64999999999982,
1.65999999999982,1.66999999999982,1.67999999999982,1.68999999999982,
1.69999999999981,1.70999999999981,1.71999999999981,1.72999999999981,
1.73999999999981,1.74999999999981,1.7599999999998,1.7699999999998,
1.7799999999998,1.7899999999998,1.7999999999998,1.8099999999998,
1.81999999999979,1.82999999999979,1.83999999999979,1.84999999999979,
1.85999999999979,1.86999999999979,1.87999999999978,1.88999999999978,
1.89999999999978,1.90999999999978,1.91999999999978,1.92999999999978,
1.93999999999977,1.94999999999977,1.95999999999977],[.979999999999936,
.989999999999935,.999999999999933,1.00999999999993,1.01999999999993,
1.02999999999993,1.03999999999993,1.04999999999992,1.05999999999992,
1.06999999999992,1.07999999999992,1.08999999999992,1.09999999999992,
1.10999999999991,1.11999999999991,1.12999999999991,1.13999999999991,
1.14999999999991,1.15999999999991,1.1699999999999,1.1799999999999,
1.1899999999999,1.1999999999999,1.2099999999999,1.2199999999999,
1.22999999999989,1.23999999999989,1.24999999999989,1.25999999999989,
1.26999999999989,1.27999999999988,1.28999999999988,1.29999999999988,
1.30999999999988,1.31999999999988,1.32999999999988,1.33999999999987,
1.34999999999987,1.35999999999987,1.36999999999987,1.37999999999987,
1.38999999999987,1.39999999999986,1.40999999999986,1.41999999999986,
1.42999999999986,1.43999999999986,1.44999999999986,1.45999999999985,
1.46999999999985,1.47999999999985,1.48999999999985,1.49999999999985,
1.50999999999985,1.51999999999984,1.52999999999984,1.53999999999984,
1.54999999999984,1.55999999999984,1.56999999999983,1.57999999999983,
1.58999999999983,1.59999999999983,1.60999999999983,1.61999999999983,
1.62999999999982,1.63999999999982,1.64999999999982,1.65999999999982,
1.66999999999982,1.67999999999982,1.68999999999981,1.69999999999981,
1.70999999999981,1.71999999999981,1.72999999999981,1.73999999999981,
1.7499999999998,1.7599999999998,1.7699999999998,1.7799999999998,1.7899999999998
,1.7999999999998,1.80999999999979,1.81999999999979,1.82999999999979,
1.83999999999979,1.84999999999979,1.85999999999978,1.86999999999978,
1.87999999999978,1.88999999999978,1.89999999999978,1.90999999999978,
1.91999999999977,1.92999999999977,1.93999999999977,1.94999999999977,
1.95999999999977,1.96999999999977,1.97999999999976],[.999999999999933,
1.00999999999993,1.01999999999993,1.02999999999993,1.03999999999993,
1.04999999999992,1.05999999999992,1.06999999999992,1.07999999999992,
1.08999999999992,1.09999999999992,1.10999999999991,1.11999999999991,
1.12999999999991,1.13999999999991,1.14999999999991,1.15999999999991,
1.1699999999999,1.1799999999999,1.1899999999999,1.1999999999999,1.2099999999999
,1.21999999999989,1.22999999999989,1.23999999999989,1.24999999999989,
1.25999999999989,1.26999999999989,1.27999999999988,1.28999999999988,
1.29999999999988,1.30999999999988,1.31999999999988,1.32999999999988,
1.33999999999987,1.34999999999987,1.35999999999987,1.36999999999987,
1.37999999999987,1.38999999999986,1.39999999999986,1.40999999999986,
1.41999999999986,1.42999999999986,1.43999999999986,1.44999999999985,
1.45999999999985,1.46999999999985,1.47999999999985,1.48999999999985,
1.49999999999985,1.50999999999984,1.51999999999984,1.52999999999984,
1.53999999999984,1.54999999999984,1.55999999999983,1.56999999999983,
1.57999999999983,1.58999999999983,1.59999999999983,1.60999999999983,
1.61999999999982,1.62999999999982,1.63999999999982,1.64999999999982,
1.65999999999982,1.66999999999982,1.67999999999981,1.68999999999981,
1.69999999999981,1.70999999999981,1.71999999999981,1.72999999999981,
1.7399999999998,1.7499999999998,1.7599999999998,1.7699999999998,1.7799999999998
,1.78999999999979,1.79999999999979,1.80999999999979,1.81999999999979,
1.82999999999979,1.83999999999979,1.84999999999978,1.85999999999978,
1.86999999999978,1.87999999999978,1.88999999999978,1.89999999999977,
1.90999999999977,1.91999999999977,1.92999999999977,1.93999999999977,
1.94999999999977,1.95999999999976,1.96999999999976,1.97999999999976,
1.98999999999976,1.99999999999976]]);
