TIMES2 := Matrix(5, 1500, [[.1e-2,0.,.1e-2,.1e-2,0.,.2e-2,.1e-2,.1e-2,.1e-2,.1e\
-2,.1e-2,.1e-2,.1e-2,.1e-2,.1e-2,.1e-2,.1e-2,.1e-2,.1e-2,.1e-2,.2e-2,0.,.1e-2,.\
1e-2,.1e-2,.1e-2,.1e-2,0.,.1e-2,.1e-2,.1e-2,.1e-2,.1e-2,.1e-2,.1e-2,.1e-2,.1e-2
,.1e-2,.1e-2,.1e-2,0.,0.,0.,.1e-2,.1e-2,.1e-2,.1e-2,.1e-2,.1e-2,.1e-2,.1e-2,0.,
.1e-2,.1e-2,0.,0.,0.,.1e-2,0.,0.,.1e-2,.1e-2,0.,.2e-2,.1e-2,.2e-2,.1e-2,.1e-2,.\
1e-2,.1e-2,.1e-2,.1e-2,.1e-2,.1e-2,.1e-2,0.,.1e-2,.1e-2,.1e-2,.1e-2,.1e-2,.1e-2
,0.,0.,.1e-2,.1e-2,.1e-2,.1e-2,.1e-2,.1e-2,.2e-2,.1e-2,.1e-2,.1e-2,.1e-2,0.,0.,
.1e-2,.1e-2,.1e-2,.1e-2,0.,.1e-2,0.,0.,0.,.1e-2,.1e-2,.1e-2,.1e-2,0.,.2e-2,.2e-\
2,.1e-2,.1e-2,0.,.1e-2,0.,.1e-2,.1e-2,.1e-2,.1e-2,.1e-2,.1e-2,0.,0.,0.,0.,0.,0.
,.1e-2,0.,.1e-2,.1e-2,.1e-2,.1e-2,.1e-2,.1e-2,0.,.1e-2,.1e-2,.1e-2,0.,.1e-2,.1e\
-2,.48e-1,.1e-2,.2e-2,.1e-2,.1e-2,.1e-2,.1e-2,0.,0.,.1e-2,.1e-2,.1e-2,.1e-2,.1e\
-2,.1e-2,.1e-2,0.,.1e-2,.1e-2,.1e-2,.1e-2,.2e-2,.1e-2,.1e-2,0.,.1e-2,.1e-2,.1e-\
2,0.,.1e-2,0.,.1e-2,.1e-2,.1e-2,.1e-2,0.,.1e-2,.1e-2,0.,.1e-2,.1e-2,.1e-2,.1e-2
,.1e-2,.1e-2,.1e-2,0.,.1e-2,0.,.1e-2,.1e-2,.1e-2,.1e-2,.2e-2,.1e-2,0.,0.,.1e-2,
.1e-2,.1e-2,.1e-2,.1e-2,.1e-2,.1e-2,.1e-2,.1e-2,0.,.1e-2,.1e-2,.1e-2,.1e-2,.1e-\
2,.1e-2,.1e-2,.1e-2,.1e-2,.1e-2,.1e-2,.1e-2,.1e-2,.1e-2,.1e-2,.1e-2,.1e-2,.1e-2
,0.,.1e-2,.1e-2,.1e-2,0.,0.,.1e-2,.1e-2,.1e-2,.1e-2,.1e-2,.1e-2,0.,0.,.1e-2,.1e\
-2,0.,.1e-2,.1e-2,0.,.1e-2,.1e-2,.1e-2,.51e-1,.1e-2,.1e-2,.1e-2,.2e-2,.1e-2,.1e\
-2,.1e-2,.1e-2,0.,.1e-2,.1e-2,.1e-2,.1e-2,.1e-2,0.,0.,.1e-2,.1e-2,.1e-2,0.,.1e-\
2,.1e-2,.1e-2,.1e-2,.1e-2,.2e-2,.1e-2,0.,.1e-2,0.,0.,.1e-2,.1e-2,.1e-2,.1e-2,.1\
e-2,.1e-2,.1e-2,0.,.1e-2,.1e-2,.1e-2,.1e-2,0.,.1e-2,.1e-2,0.,.1e-2,.1e-2,.1e-2,
.1e-2,.1e-2,.1e-2,0.,.1e-2,0.,.1e-2,.1e-2,0.,0.,.1e-2,.1e-2,.1e-2,.1e-2,0.,0.,.\
1e-2,0.,.1e-2,.1e-2,.1e-2,.1e-2,.1e-2,.1e-2,.1e-2,.1e-2,0.,.1e-2,0.,.1e-2,.1e-2
,.1e-2,.1e-2,.1e-2,.1e-2,0.,.1e-2,.1e-2,0.,.1e-2,.1e-2,.2e-2,.2e-2,.2e-2,.1e-2,
.1e-2,0.,.2e-2,.1e-2,.1e-2,.1e-2,.1e-2,.1e-2,.1e-2,.1e-2,.1e-2,.1e-2,.1e-2,.1e-\
2,.1e-2,.1e-2,0.,.1e-2,.1e-2,.1e-2,.1e-2,0.,.2e-2,0.,.1e-2,.1e-2,.1e-2,.1e-2,.1\
e-2,.1e-2,.1e-2,.1e-2,.1e-2,0.,.1e-2,.1e-2,.1e-2,.1e-2,.1e-2,0.,.1e-2,0.,.1e-2,
0.,.1e-2,.1e-2,.1e-2,.1e-2,.1e-2,.1e-2,.1e-2,.1e-2,.1e-2,.1e-2,.1e-2,.1e-2,0.,.\
1e-2,.1e-2,0.,.1e-2,.1e-2,.1e-2,0.,.1e-2,.1e-2,.1e-2,.1e-2,.2e-2,0.,.1e-2,.2e-2
,.1e-2,.1e-2,.1e-2,.1e-2,.1e-2,.1e-2,.1e-2,.2e-2,.1e-2,.1e-2,.1e-2,.1e-2,.1e-2,
0.,.1e-2,.1e-2,.1e-2,.1e-2,.1e-2,.1e-2,0.,0.,0.,.1e-2,0.,0.,.1e-2,.1e-2,.1e-2,0\
.,.1e-2,.1e-2,.1e-2,.1e-2,0.,.1e-2,.1e-2,.1e-2,.1e-2,.1e-2,.1e-2,0.,.1e-2,0.,.1\
e-2,.1e-2,.2e-2,.1e-2,.1e-2,.1e-2,.1e-2,.1e-2,0.,0.,.1e-2,.1e-2,.1e-2,.1e-2,.1e\
-2,.1e-2,.1e-2,.1e-2,.1e-2,.1e-2,.1e-2,0.,.1e-2,.1e-2,.1e-2,.1e-2,.1e-2,.1e-2,.\
1e-2,.1e-2,.1e-2,.1e-2,0.,0.,0.,0.,.1e-2,.1e-2,.1e-2,.1e-2,.1e-2,.1e-2,.1e-2,.1\
e-2,.1e-2,.1e-2,.1e-2,.1e-2,.1e-2,.1e-2,0.,.1e-2,0.,.1e-2,0.,.1e-2,.1e-2,0.,.1e\
-2,.1e-2,.1e-2,.1e-2,.1e-2,.1e-2,0.,.1e-2,0.,.1e-2,.1e-2,.1e-2,.1e-2,.1e-2,.1e-\
2,.1e-2,.1e-2,.1e-2,.1e-2,.2e-2,.1e-2,0.,.1e-2,.1e-2,0.,.1e-2,.1e-2,.1e-2,0.,.2\
e-2,.1e-2,.1e-2,.1e-2,0.,.1e-2,0.,.1e-2,.1e-2,0.,.1e-2,.1e-2,.1e-2,.1e-2,.1e-2,
.1e-2,.1e-2,0.,0.,.1e-2,.1e-2,.3e-2,.1e-2,.1e-2,.1e-2,.2e-2,.1e-2,.1e-2,.1e-2,.\
1e-2,.1e-2,.2e-2,.1e-2,.1e-2,.1e-2,.1e-2,.1e-2,.1e-2,.1e-2,0.,.1e-2,.1e-2,0.,0.
,.1e-2,.1e-2,.1e-2,.1e-2,.1e-2,.1e-2,0.,.2e-2,.1e-2,.2e-2,.1e-2,0.,.1e-2,.1e-2,
0.,0.,.1e-2,.1e-2,.1e-2,.1e-2,.1e-2,.1e-2,.1e-2,.1e-2,.1e-2,.1e-2,0.,.1e-2,.1e-\
2,.1e-2,.1e-2,.1e-2,0.,.1e-2,.1e-2,0.,.1e-2,.1e-2,0.,.1e-2,.1e-2,.1e-2,.1e-2,.1\
e-2,.1e-2,.1e-2,.1e-2,0.,.1e-2,.1e-2,.1e-2,.1e-2,.1e-2,0.,.1e-2,.1e-2,0.,.1e-2,
.1e-2,0.,0.,.1e-2,.1e-2,.1e-2,.1e-2,.1e-2,0.,.1e-2,.1e-2,.1e-2,.1e-2,0.,0.,.1e-\
2,.1e-2,0.,.1e-2,.1e-2,0.,.1e-2,.1e-2,.1e-2,.1e-2,.1e-2,.1e-2,.1e-2,.1e-2,.1e-2
,0.,.1e-2,0.,.1e-2,.1e-2,.1e-2,.1e-2,.1e-2,0.,.1e-2,.1e-2,.1e-2,.1e-2,0.,0.,.1e\
-2,.1e-2,.1e-2,0.,0.,.1e-2,.1e-2,.1e-2,0.,.1e-2,.2e-2,.1e-2,.1e-2,0.,.2e-2,0.,.\
1e-2,0.,0.,.1e-2,.1e-2,.1e-2,0.,.1e-2,.1e-2,.1e-2,0.,0.,.2e-2,0.,.1e-2,.1e-2,.1\
e-2,.1e-2,.1e-2,0.,0.,0.,.1e-2,0.,.1e-2,.1e-2,.1e-2,.1e-2,.1e-2,0.,.1e-2,.1e-2,
.1e-2,0.,.1e-2,0.,.1e-2,.1e-2,.1e-2,0.,0.,.1e-2,0.,.1e-2,.1e-2,0.,.1e-2,.1e-2,.\
1e-2,0.,.1e-2,.1e-2,.1e-2,.1e-2,0.,.1e-2,0.,.1e-2,.1e-2,.2e-2,.1e-2,.1e-2,0.,.1\
e-2,.1e-2,.1e-2,.1e-2,.1e-2,0.,.1e-2,.1e-2,.1e-2,0.,.50e-1,.1e-2,.1e-2,0.,0.,0.
,0.,.1e-2,.1e-2,0.,.1e-2,0.,0.,0.,0.,.1e-2,0.,.1e-2,.1e-2,.1e-2,.1e-2,0.,.1e-2,
0.,0.,0.,0.,.1e-2,.1e-2,.1e-2,.1e-2,.1e-2,.2e-2,.1e-2,.1e-2,.1e-2,.1e-2,.1e-2,0\
.,.1e-2,.1e-2,.1e-2,.2e-2,.1e-2,.1e-2,0.,0.,0.,.1e-2,0.,.2e-2,0.,0.,.1e-2,.1e-2
,0.,.1e-2,.1e-2,.1e-2,0.,.1e-2,.1e-2,.1e-2,0.,0.,.1e-2,0.,0.,.1e-2,.1e-2,.1e-2,
.1e-2,0.,.1e-2,.1e-2,.1e-2,.1e-2,.1e-2,0.,0.,.1e-2,0.,.1e-2,.1e-2,.1e-2,.1e-2,.\
1e-2,.1e-2,.1e-2,0.,0.,.1e-2,.1e-2,0.,.1e-2,.1e-2,0.,0.,0.,.1e-2,.1e-2,.1e-2,0.
,.1e-2,.1e-2,.1e-2,.1e-2,.1e-2,.1e-2,.1e-2,.1e-2,.1e-2,.1e-2,.1e-2,0.,.1e-2,.1e\
-2,0.,0.,.1e-2,0.,0.,0.,.1e-2,.1e-2,.1e-2,0.,.1e-2,.1e-2,0.,0.,.1e-2,.1e-2,.1e-\
2,.1e-2,0.,.1e-2,.1e-2,.1e-2,.1e-2,.1e-2,.2e-2,0.,.1e-2,0.,.1e-2,0.,.1e-2,.1e-2
,0.,0.,.1e-2,.1e-2,0.,.1e-2,0.,.1e-2,0.,.1e-2,0.,.1e-2,.1e-2,0.,.1e-2,.2e-2,.1e\
-2,.1e-2,.1e-2,.1e-2,0.,.1e-2,.1e-2,.1e-2,.1e-2,0.,.1e-2,.1e-2,.1e-2,.1e-2,.1e-\
2,0.,.1e-2,0.,.1e-2,.1e-2,.2e-2,0.,0.,.1e-2,0.,0.,.1e-2,.1e-2,.1e-2,.1e-2,.1e-2
,0.,0.,0.,.1e-2,.1e-2,0.,.1e-2,0.,.1e-2,0.,.1e-2,0.,.1e-2,0.,.1e-2,0.,.1e-2,.1e\
-2,0.,.1e-2,.2e-2,0.,0.,.1e-2,.1e-2,0.,0.,.1e-2,.1e-2,.1e-2,.1e-2,.1e-2,0.,.1e-\
2,.1e-2,0.,.1e-2,.1e-2,.1e-2,.1e-2,.1e-2,.1e-2,0.,0.,.1e-2,0.,.1e-2,.1e-2,.1e-2
,0.,0.,0.,.1e-2,0.,.1e-2,.1e-2,0.,0.,.1e-2,0.,.1e-2,.1e-2,0.,.1e-2,.1e-2,.1e-2,
.1e-2,.1e-2,.1e-2,.1e-2,0.,.1e-2,0.,.1e-2,.1e-2,.1e-2,.1e-2,.1e-2,.1e-2,.1e-2,.\
1e-2,0.,.1e-2,.1e-2,0.,.1e-2,.1e-2,.1e-2,.1e-2,.1e-2,0.,0.,.1e-2,.1e-2,.1e-2,.1\
e-2,.1e-2,0.,.1e-2,.1e-2,0.,.1e-2,0.,.1e-2,.1e-2,0.,.1e-2,.1e-2,.1e-2,.1e-2,.1e\
-2,0.,.1e-2,0.,.1e-2,.1e-2,.1e-2,.1e-2,0.,.1e-2,.1e-2,.1e-2,.1e-2,.1e-2,.1e-2,.\
4e-2,.2e-2,0.,0.,.1e-2,0.,.1e-2,.1e-2,.1e-2,.1e-2,0.,.1e-2,0.,0.,0.,0.,0.,.1e-2
,.1e-2,.1e-2,.1e-2,.1e-2,0.,0.,0.,.1e-2,.1e-2,.1e-2,.1e-2,.1e-2,.1e-2,.1e-2,0.,
.1e-2,0.,.1e-2,.1e-2,.1e-2,.1e-2,.1e-2,0.,0.,.1e-2,0.,.1e-2,0.,.1e-2,.1e-2,0.,.\
1e-2,.1e-2,.1e-2,.1e-2,0.,.1e-2,0.,.1e-2,.1e-2,.1e-2,.1e-2,.1e-2,.1e-2,.1e-2,.1\
e-2,.1e-2,.1e-2,.1e-2,0.,.1e-2,.1e-2,.1e-2,.1e-2,0.,.1e-2,.1e-2,.1e-2,.1e-2,.1e\
-2,.1e-2,.1e-2,.1e-2,.1e-2,.1e-2,.1e-2,.1e-2,.1e-2,.1e-2,0.,0.,.1e-2,.1e-2,.1e-\
2,.1e-2,.1e-2,.1e-2,.1e-2,.1e-2,0.,.1e-2,0.,.1e-2,0.,.1e-2,.1e-2,.1e-2,.1e-2,0.
,.1e-2,.1e-2,.1e-2,.2e-2,.1e-2,.1e-2,.1e-2,.1e-2,.1e-2,.1e-2,0.,.1e-2,.1e-2,0.,
.1e-2,.1e-2,.1e-2,.1e-2,.1e-2,.1e-2,.2e-2,.1e-2,.1e-2,0.,.1e-2,.1e-2,.1e-2,.1e-\
2,.1e-2,0.,0.,.1e-2,.1e-2,0.,.1e-2,.1e-2,.1e-2,.1e-2,.1e-2,.1e-2,.1e-2,0.,0.,.1\
e-2,.1e-2,.1e-2,.1e-2,0.,.1e-2,.1e-2,.1e-2,0.,.1e-2,0.,.1e-2,.1e-2,0.,.1e-2,0.,
0.,.1e-2,.1e-2,0.,.1e-2,.1e-2,.1e-2,.1e-2,0.,.1e-2,.1e-2,.1e-2,0.,.1e-2,.1e-2,.\
1e-2,.1e-2,0.,.1e-2,0.,.1e-2,.1e-2,.1e-2,.1e-2,.1e-2,.1e-2,0.,.1e-2,.1e-2,.1e-2
,0.,.1e-2,.1e-2,.1e-2,.1e-2,.1e-2,.1e-2,.1e-2,0.,0.,.2e-2,.1e-2,.1e-2,0.,0.,.1e\
-2,.56e-1,.1e-2,.1e-2,.1e-2,0.,0.,.1e-2,.1e-2,.1e-2,.1e-2,.1e-2,.1e-2,.1e-2,.1e\
-2,.1e-2,0.,0.,.1e-2,.1e-2,.1e-2,0.,.1e-2,0.,.1e-2,.1e-2,.1e-2,.1e-2,0.,0.,.1e-\
2,.1e-2,.1e-2,.1e-2,.1e-2,.1e-2,.1e-2,0.,.1e-2,.1e-2,0.,0.,.1e-2,.1e-2,.1e-2,0.
,.1e-2,.1e-2,.2e-2,.1e-2,0.,.1e-2,.1e-2,.1e-2,.1e-2,.1e-2,.1e-2,.1e-2,.1e-2,0.,
.1e-2,0.,.1e-2,.1e-2,.1e-2,.1e-2,.1e-2,0.,.1e-2,0.,0.,0.,.1e-2,.1e-2,.1e-2,0.,.\
1e-2,0.,.2e-2,0.,0.,.1e-2,.1e-2,.1e-2,0.,.1e-2,0.,.1e-2,.1e-2,.1e-2,0.,.1e-2,0.
,.1e-2,.1e-2,.1e-2,0.,.1e-2,.1e-2,.1e-2,.1e-2,0.,0.,.1e-2,.1e-2,.1e-2,.1e-2,.2e\
-2,.2e-2,.1e-2,.1e-2,.1e-2,.1e-2,0.,.1e-2,.1e-2,0.,0.,0.,0.,0.,.1e-2,.1e-2,0.,0\
.,.1e-2,.1e-2,0.,0.,.1e-2,.1e-2,0.,0.,0.,.1e-2,.1e-2,.1e-2,.1e-2,0.,.1e-2,.1e-2
,.1e-2,.1e-2,0.,.1e-2,.1e-2,0.,.1e-2,.1e-2,.1e-2,.1e-2,.1e-2,0.,.1e-2,.1e-2,.1e\
-2,0.,.1e-2,0.,.1e-2,.1e-2,.1e-2,0.,.1e-2,.1e-2,.1e-2,.1e-2,.2e-2,.1e-2,0.,.1e-\
2,.1e-2,.1e-2,0.,.1e-2,0.,.1e-2,.1e-2,.1e-2,.1e-2],[0.,0.,.1e-2,.1e-2,.1e-2,0.,
0.,0.,.1e-2,0.,0.,.1e-2,.1e-2,0.,.1e-2,.1e-2,0.,.1e-2,.1e-2,.1e-2,.1e-2,.1e-2,.\
1e-2,0.,.1e-2,.1e-2,.1e-2,.1e-2,.1e-2,.1e-2,.1e-2,0.,0.,.1e-2,.1e-2,.1e-2,.1e-2
,.1e-2,.1e-2,.1e-2,.1e-2,.1e-2,.1e-2,.1e-2,.1e-2,.1e-2,.1e-2,.1e-2,0.,0.,0.,0.,
.1e-2,0.,0.,0.,0.,.1e-2,0.,.1e-2,.1e-2,0.,0.,.1e-2,.1e-2,0.,.1e-2,0.,.1e-2,.1e-\
2,.1e-2,.1e-2,0.,.1e-2,0.,.1e-2,.1e-2,.1e-2,.1e-2,.1e-2,0.,0.,.1e-2,.1e-2,.1e-2
,.1e-2,.1e-2,.1e-2,.1e-2,.2e-2,.1e-2,.1e-2,.2e-2,.2e-2,0.,0.,.1e-2,.1e-2,.1e-2,
.1e-2,.1e-2,.1e-2,.1e-2,0.,.1e-2,.1e-2,0.,.1e-2,.1e-2,.1e-2,.1e-2,.1e-2,.1e-2,.\
1e-2,.1e-2,.1e-2,0.,0.,0.,.1e-2,.1e-2,0.,.1e-2,.2e-2,.1e-2,.1e-2,.2e-2,.1e-2,0.
,0.,.1e-2,.1e-2,.1e-2,0.,0.,.1e-2,.1e-2,0.,.1e-2,0.,.1e-2,.1e-2,0.,.1e-2,.1e-2,
0.,.1e-2,.1e-2,0.,0.,.1e-2,0.,.1e-2,.1e-2,.1e-2,.1e-2,.1e-2,.1e-2,.1e-2,0.,0.,.\
1e-2,.1e-2,.1e-2,.1e-2,.1e-2,.1e-2,.1e-2,.1e-2,.1e-2,0.,.1e-2,.1e-2,0.,0.,.1e-2
,.1e-2,.1e-2,0.,0.,.1e-2,.1e-2,.1e-2,.1e-2,.1e-2,0.,.1e-2,.1e-2,.1e-2,0.,.1e-2,
.1e-2,0.,.1e-2,.1e-2,.1e-2,.1e-2,0.,0.,.1e-2,.1e-2,.1e-2,0.,0.,.1e-2,.1e-2,.1e-\
2,.1e-2,.1e-2,.2e-2,.1e-2,.1e-2,.1e-2,.1e-2,.1e-2,.1e-2,.1e-2,.1e-2,.1e-2,.1e-2
,.1e-2,.1e-2,0.,.1e-2,.1e-2,.1e-2,.2e-2,0.,.2e-2,0.,0.,.1e-2,.1e-2,0.,.1e-2,.1e\
-2,.1e-2,0.,.1e-2,.1e-2,.1e-2,.1e-2,.1e-2,.1e-2,0.,.1e-2,.1e-2,0.,.1e-2,.2e-2,0\
.,.2e-2,.1e-2,.1e-2,.1e-2,.1e-2,.1e-2,0.,0.,0.,.1e-2,0.,0.,.1e-2,.2e-2,0.,.1e-2
,0.,0.,.1e-2,.1e-2,.1e-2,.1e-2,.1e-2,.1e-2,0.,0.,.1e-2,.1e-2,.1e-2,.1e-2,.1e-2,
0.,.1e-2,.1e-2,.2e-2,.1e-2,.1e-2,0.,.1e-2,.1e-2,0.,.1e-2,0.,0.,0.,.1e-2,.1e-2,0\
.,.1e-2,0.,.2e-2,.1e-2,.1e-2,.1e-2,.1e-2,0.,.1e-2,.1e-2,.1e-2,.1e-2,.1e-2,.1e-2
,.1e-2,.1e-2,.1e-2,.1e-2,0.,.1e-2,.1e-2,0.,.1e-2,.1e-2,.1e-2,0.,.1e-2,.1e-2,.1e\
-2,0.,.1e-2,0.,0.,.1e-2,.1e-2,.1e-2,0.,.1e-2,.1e-2,.1e-2,.1e-2,0.,.1e-2,.1e-2,.\
1e-2,0.,0.,.2e-2,.1e-2,.2e-2,.1e-2,.1e-2,.1e-2,.1e-2,0.,.7e-2,0.,.1e-2,0.,.2e-2
,.1e-2,.1e-2,.1e-2,.2e-2,.1e-2,.1e-2,0.,.1e-2,.1e-2,0.,0.,0.,0.,.1e-2,.1e-2,0.,
.1e-2,.1e-2,0.,.1e-2,.1e-2,.1e-2,.1e-2,.1e-2,.1e-2,.1e-2,.1e-2,.1e-2,.1e-2,.1e-\
2,0.,.1e-2,.1e-2,0.,.1e-2,.1e-2,.2e-2,.1e-2,.1e-2,.1e-2,0.,0.,.1e-2,.1e-2,.1e-2
,.1e-2,.1e-2,.1e-2,.1e-2,.1e-2,.1e-2,.1e-2,0.,.2e-2,.1e-2,0.,0.,.1e-2,.1e-2,0.,
0.,.1e-2,.1e-2,.1e-2,.1e-2,0.,.1e-2,.1e-2,.1e-2,0.,0.,.1e-2,.1e-2,.1e-2,.1e-2,.\
1e-2,.1e-2,0.,.1e-2,.1e-2,.1e-2,.1e-2,0.,.1e-2,.1e-2,.1e-2,0.,.1e-2,.1e-2,.1e-2
,.1e-2,0.,0.,.1e-2,0.,0.,.1e-2,.1e-2,.1e-2,.1e-2,.1e-2,.3e-2,.1e-2,.1e-2,0.,0.,
.1e-2,.1e-2,.1e-2,.1e-2,.1e-2,0.,.2e-2,.1e-2,.2e-2,.1e-2,0.,.1e-2,.1e-2,.1e-2,0\
.,.1e-2,.1e-2,.2e-2,.1e-2,.1e-2,.2e-2,.1e-2,.1e-2,.1e-2,.1e-2,0.,.1e-2,0.,0.,.1\
e-2,.1e-2,.1e-2,.1e-2,.1e-2,.2e-2,.1e-2,.1e-2,.1e-2,.1e-2,.1e-2,.1e-2,0.,0.,.1e\
-2,0.,.1e-2,.1e-2,0.,.1e-2,.1e-2,.1e-2,.1e-2,.1e-2,.1e-2,.1e-2,.1e-2,.1e-2,.1e-\
2,.1e-2,.1e-2,.1e-2,.1e-2,.1e-2,.1e-2,0.,0.,.1e-2,.1e-2,.1e-2,0.,.1e-2,.1e-2,.1\
e-2,0.,.1e-2,.1e-2,.1e-2,0.,.1e-2,0.,.1e-2,.1e-2,.1e-2,0.,.1e-2,.1e-2,.1e-2,.1e\
-2,.1e-2,0.,.1e-2,0.,0.,.1e-2,.1e-2,.1e-2,0.,.1e-2,.1e-2,.1e-2,.1e-2,.1e-2,.1e-\
2,.1e-2,.1e-2,.1e-2,.1e-2,.1e-2,.1e-2,.1e-2,.1e-2,.1e-2,.1e-2,.1e-2,0.,.1e-2,0.
,0.,0.,.1e-2,.1e-2,.1e-2,.2e-2,0.,0.,.1e-2,0.,.1e-2,.1e-2,.1e-2,.1e-2,.1e-2,0.,
.1e-2,.1e-2,.1e-2,.1e-2,.1e-2,.1e-2,.1e-2,0.,0.,0.,.1e-2,.1e-2,0.,.2e-2,.1e-2,.\
1e-2,.1e-2,.1e-2,0.,.1e-2,.1e-2,.1e-2,.1e-2,.1e-2,0.,.1e-2,.1e-2,0.,.1e-2,.1e-2
,0.,0.,.1e-2,0.,.1e-2,.1e-2,.1e-2,.1e-2,0.,.1e-2,.1e-2,.1e-2,.1e-2,.1e-2,.1e-2,
.1e-2,0.,.1e-2,.1e-2,.1e-2,.1e-2,0.,.1e-2,0.,.1e-2,.1e-2,.1e-2,.1e-2,0.,0.,.1e-\
2,.1e-2,.1e-2,0.,.1e-2,.1e-2,0.,0.,0.,.1e-2,0.,.1e-2,.1e-2,.1e-2,0.,0.,.1e-2,.1\
e-2,0.,.1e-2,.1e-2,.1e-2,0.,.1e-2,0.,.1e-2,0.,0.,0.,.1e-2,0.,.1e-2,.1e-2,.1e-2,
0.,0.,.1e-2,.1e-2,0.,.2e-2,.1e-2,.1e-2,.1e-2,0.,.1e-2,.1e-2,.1e-2,.1e-2,.1e-2,.\
1e-2,.1e-2,.2e-2,.1e-2,.1e-2,.1e-2,.1e-2,.1e-2,.1e-2,.1e-2,.1e-2,0.,0.,.2e-2,.1\
e-2,.1e-2,.1e-2,.1e-2,0.,.1e-2,0.,0.,.1e-2,0.,.1e-2,0.,.1e-2,.2e-2,.1e-2,.1e-2,
0.,.1e-2,.1e-2,.1e-2,.1e-2,0.,.1e-2,.1e-2,.1e-2,0.,0.,.1e-2,0.,0.,.1e-2,.1e-2,.\
1e-2,0.,0.,.1e-2,.1e-2,.1e-2,.1e-2,.1e-2,.1e-2,.1e-2,.1e-2,0.,.1e-2,.1e-2,.1e-2
,0.,.1e-2,0.,0.,0.,0.,.1e-2,.1e-2,.1e-2,.1e-2,.1e-2,.2e-2,.1e-2,.2e-2,.1e-2,.1e\
-2,.1e-2,.1e-2,0.,.1e-2,0.,.1e-2,.1e-2,.1e-2,0.,0.,.1e-2,.1e-2,.1e-2,.1e-2,.1e-\
2,.1e-2,0.,.1e-2,0.,.1e-2,.1e-2,.1e-2,.1e-2,0.,0.,0.,.1e-2,.1e-2,.1e-2,.1e-2,.1\
e-2,.1e-2,.1e-2,0.,0.,.1e-2,.1e-2,.1e-2,.1e-2,.2e-2,0.,0.,.1e-2,0.,.1e-2,.1e-2,
.1e-2,.1e-2,.1e-2,.1e-2,.1e-2,0.,.1e-2,.1e-2,.1e-2,.1e-2,.1e-2,.1e-2,.1e-2,0.,.\
1e-2,.1e-2,0.,.1e-2,0.,.1e-2,.1e-2,.1e-2,0.,.1e-2,0.,.1e-2,.1e-2,.1e-2,0.,.1e-2
,.1e-2,0.,.1e-2,.1e-2,0.,.1e-2,.1e-2,.1e-2,.1e-2,.1e-2,.1e-2,.1e-2,.1e-2,0.,.1e\
-2,.1e-2,0.,0.,0.,.1e-2,.1e-2,0.,.1e-2,.1e-2,.1e-2,0.,.1e-2,.1e-2,.4e-2,.1e-2,.\
1e-2,.1e-2,0.,.1e-2,0.,0.,.1e-2,0.,.1e-2,.1e-2,.1e-2,.1e-2,.1e-2,.1e-2,0.,.1e-2
,.1e-2,.1e-2,0.,.1e-2,.1e-2,.1e-2,.1e-2,0.,0.,0.,.1e-2,0.,0.,.1e-2,.1e-2,0.,0.,
0.,.1e-2,.1e-2,0.,.1e-2,.1e-2,.1e-2,.1e-2,.1e-2,0.,0.,.1e-2,0.,.1e-2,.1e-2,.1e-\
2,.1e-2,0.,.2e-2,.1e-2,0.,.1e-2,0.,.1e-2,.1e-2,.1e-2,0.,.1e-2,.1e-2,0.,0.,0.,.1\
e-2,.1e-2,.1e-2,0.,.1e-2,.2e-2,.1e-2,0.,.1e-2,0.,.1e-2,0.,0.,.1e-2,.1e-2,0.,.1e\
-2,0.,.2e-2,.1e-2,.1e-2,0.,.1e-2,.1e-2,0.,.1e-2,.1e-2,.1e-2,.1e-2,0.,.1e-2,.1e-\
2,.1e-2,0.,0.,0.,.1e-2,.1e-2,.1e-2,0.,.4e-2,.1e-2,.1e-2,0.,.1e-2,0.,.1e-2,.1e-2
,.1e-2,.1e-2,0.,.1e-2,.1e-2,.1e-2,0.,0.,.1e-2,0.,0.,.1e-2,.1e-2,.1e-2,.1e-2,.1e\
-2,.1e-2,.1e-2,.1e-2,0.,.1e-2,.1e-2,.1e-2,0.,.1e-2,0.,.1e-2,.1e-2,.1e-2,.1e-2,.\
1e-2,0.,.1e-2,.1e-2,0.,.1e-2,0.,.2e-2,.1e-2,0.,.1e-2,.1e-2,0.,0.,.1e-2,0.,.1e-2
,.1e-2,.1e-2,0.,.1e-2,0.,.1e-2,.1e-2,.1e-2,.2e-2,.1e-2,.1e-2,0.,.1e-2,.1e-2,.1e\
-2,.1e-2,0.,.1e-2,0.,.1e-2,.1e-2,.1e-2,.1e-2,.1e-2,.1e-2,0.,.1e-2,0.,.1e-2,.1e-\
2,0.,.1e-2,.1e-2,0.,.1e-2,.1e-2,0.,.1e-2,.1e-2,.1e-2,.1e-2,0.,.1e-2,0.,0.,0.,0.
,0.,.1e-2,.1e-2,.1e-2,.1e-2,.1e-2,.1e-2,.1e-2,0.,.1e-2,0.,0.,.1e-2,.1e-2,0.,0.,
0.,0.,0.,.1e-2,.1e-2,0.,.1e-2,.1e-2,.1e-2,0.,0.,0.,.1e-2,.1e-2,.1e-2,.1e-2,0.,0\
.,.2e-2,.1e-2,.1e-2,.1e-2,.1e-2,0.,.1e-2,.1e-2,.1e-2,.1e-2,.1e-2,.1e-2,.1e-2,.1\
e-2,.1e-2,.1e-2,.1e-2,.1e-2,.1e-2,.1e-2,0.,0.,.1e-2,.1e-2,.2e-2,0.,.1e-2,.1e-2,
0.,.1e-2,0.,.1e-2,0.,.1e-2,.1e-2,.1e-2,0.,.1e-2,.1e-2,.1e-2,0.,.1e-2,.1e-2,.1e-\
2,.1e-2,.2e-2,0.,.1e-2,.1e-2,.1e-2,.1e-2,.1e-2,.1e-2,.1e-2,0.,.1e-2,0.,.1e-2,.1\
e-2,0.,.1e-2,.1e-2,0.,.1e-2,0.,0.,.1e-2,.1e-2,.1e-2,.1e-2,.1e-2,.1e-2,0.,.1e-2,
0.,.1e-2,0.,.1e-2,0.,.2e-2,.1e-2,.1e-2,.1e-2,.1e-2,.1e-2,.1e-2,0.,0.,.1e-2,.1e-\
2,.1e-2,.1e-2,0.,0.,.1e-2,.1e-2,.1e-2,.1e-2,.1e-2,.1e-2,0.,0.,0.,0.,0.,0.,0.,.1\
e-2,.1e-2,.1e-2,.1e-2,.1e-2,.1e-2,.1e-2,.1e-2,.1e-2,.1e-2,.1e-2,0.,.1e-2,0.,.1e\
-2,.1e-2,.1e-2,.1e-2,.1e-2,.1e-2,.1e-2,.1e-2,.1e-2,.1e-2,.1e-2,0.,.1e-2,.1e-2,.\
1e-2,0.,.1e-2,0.,0.,0.,.1e-2,.1e-2,0.,.1e-2,.1e-2,.1e-2,.2e-2,.1e-2,.1e-2,.1e-2
,.1e-2,.1e-2,.1e-2,.1e-2,.1e-2,.1e-2,.2e-2,.1e-2,.1e-2,0.,.1e-2,.1e-2,.1e-2,.2e\
-2,.1e-2,0.,0.,.1e-2,.1e-2,0.,.1e-2,0.,.1e-2,.1e-2,.1e-2,.1e-2,.1e-2,0.,.1e-2,0\
.,.1e-2,.1e-2,.1e-2,.1e-2,0.,.1e-2,.1e-2,0.,.1e-2,0.,.1e-2,.1e-2,.1e-2,.1e-2,.1\
e-2,.1e-2,.1e-2,.1e-2,.1e-2,0.,.1e-2,.1e-2,0.,0.,.1e-2,0.,.1e-2,.1e-2,.1e-2,0.,
0.,.1e-2,.1e-2,0.,.1e-2,0.,.1e-2,0.,0.,.1e-2,.1e-2,0.,0.,.1e-2,.1e-2,0.,0.,.1e-\
2,.1e-2,.1e-2,.1e-2,.2e-2,.1e-2,.1e-2,0.,.1e-2,.1e-2,0.,.2e-2,0.,0.,.1e-2,0.,.1\
e-2,0.,0.,.1e-2,0.,0.,.1e-2,.1e-2,.1e-2,0.,.1e-2,.1e-2,.1e-2,.1e-2,0.,0.,.1e-2,
0.,.1e-2,.1e-2,.1e-2,.1e-2,.1e-2,.1e-2,.2e-2,.1e-2,.1e-2,.1e-2,0.,.1e-2,0.,.1e-\
2,.1e-2,0.,.1e-2,.1e-2,.1e-2,.1e-2,.1e-2,.1e-2,.1e-2,.1e-2,0.,0.,0.,.1e-2,.1e-2
,.1e-2,.1e-2,.1e-2,.1e-2,.1e-2,0.,.1e-2,.1e-2,.1e-2,0.,.1e-2,0.,0.,.1e-2,.1e-2,
.1e-2,0.,.1e-2,.1e-2,.1e-2,.1e-2,.1e-2,.1e-2,.1e-2,.1e-2,.1e-2,.1e-2,.1e-2,0.,0\
.,0.,0.,.1e-2,.1e-2,.1e-2,.1e-2,.1e-2,.1e-2,.1e-2,.1e-2,.1e-2,0.,.1e-2,.1e-2,0.
,0.,.1e-2,.1e-2,.1e-2,.1e-2,.1e-2,.1e-2,.1e-2,.1e-2,.1e-2,.1e-2,.1e-2,.1e-2,.1e\
-2,.1e-2,.1e-2,0.,0.,.1e-2,.1e-2,.1e-2,0.,0.,.1e-2,.1e-2,.1e-2,0.,.1e-2,.1e-2,0\
.,.1e-2,.1e-2,0.],[.1e-2,.1e-2,.1e-2,.1e-2,.1e-2,.1e-2,0.,.1e-2,.1e-2,.1e-2,.1e\
-2,.1e-2,.1e-2,.1e-2,0.,.1e-2,.2e-2,.1e-2,.1e-2,.1e-2,.1e-2,.1e-2,.1e-2,.1e-2,.\
1e-2,.1e-2,.2e-2,.1e-2,.2e-2,.1e-2,.1e-2,.1e-2,.1e-2,.1e-2,0.,0.,.1e-2,.1e-2,0.
,0.,0.,0.,0.,.1e-2,.1e-2,.1e-2,0.,.1e-2,.1e-2,0.,0.,.2e-2,.1e-2,.1e-2,0.,0.,.1e\
-2,.1e-2,.1e-2,.1e-2,.1e-2,.1e-2,.1e-2,.1e-2,.1e-2,.1e-2,.1e-2,.1e-2,.1e-2,0.,.\
1e-2,0.,0.,.1e-2,.1e-2,0.,0.,.1e-2,.1e-2,.1e-2,.2e-2,.1e-2,0.,.1e-2,.1e-2,.1e-2
,.1e-2,.1e-2,.1e-2,.1e-2,0.,.1e-2,.1e-2,.1e-2,.1e-2,.1e-2,.1e-2,.2e-2,.1e-2,0.,
.1e-2,.2e-2,.1e-2,.1e-2,.1e-2,.1e-2,.1e-2,0.,.1e-2,0.,0.,0.,.1e-2,.1e-2,0.,0.,.\
1e-2,.1e-2,0.,0.,.1e-2,.1e-2,.1e-2,0.,.1e-2,.1e-2,.1e-2,.1e-2,.1e-2,.1e-2,.1e-2
,.1e-2,.1e-2,.1e-2,0.,.1e-2,.1e-2,.2e-2,.1e-2,.1e-2,.2e-2,.1e-2,.1e-2,.1e-2,0.,
0.,0.,.1e-2,.1e-2,.1e-2,0.,.1e-2,.1e-2,.1e-2,.1e-2,.1e-2,.1e-2,0.,0.,.1e-2,.1e-\
2,.1e-2,0.,.1e-2,.1e-2,.1e-2,0.,.1e-2,.1e-2,.1e-2,.1e-2,.1e-2,.1e-2,0.,0.,0.,.1\
e-2,.1e-2,0.,.1e-2,0.,0.,.1e-2,.1e-2,.1e-2,.1e-2,.1e-2,.1e-2,.1e-2,.1e-2,0.,0.,
0.,.1e-2,.1e-2,.1e-2,.1e-2,.1e-2,.1e-2,.2e-2,.1e-2,.1e-2,.1e-2,.1e-2,.1e-2,.1e-\
2,.1e-2,.1e-2,.1e-2,.1e-2,.1e-2,.1e-2,.1e-2,.1e-2,.1e-2,0.,0.,.1e-2,0.,.1e-2,.1\
e-2,.1e-2,.1e-2,.1e-2,.1e-2,.1e-2,.1e-2,.2e-2,.2e-2,0.,.1e-2,.1e-2,.1e-2,.1e-2,
.1e-2,.1e-2,.1e-2,.1e-2,0.,.1e-2,.1e-2,.1e-2,.1e-2,.1e-2,.1e-2,.1e-2,.1e-2,.1e-\
2,.1e-2,.1e-2,.1e-2,.1e-2,.1e-2,.1e-2,.1e-2,.1e-2,0.,0.,0.,.1e-2,0.,0.,0.,0.,0.
,.1e-2,.1e-2,.1e-2,.1e-2,.1e-2,.1e-2,0.,0.,0.,.1e-2,.1e-2,0.,.1e-2,.1e-2,.1e-2,
.1e-2,.1e-2,.1e-2,0.,.1e-2,.1e-2,0.,.1e-2,.1e-2,.1e-2,.2e-2,0.,.1e-2,.1e-2,0.,.\
1e-2,.1e-2,.1e-2,0.,0.,.1e-2,.1e-2,0.,.1e-2,.1e-2,.1e-2,.1e-2,.1e-2,.1e-2,0.,.1\
e-2,.1e-2,0.,.1e-2,.1e-2,0.,.1e-2,.2e-2,.1e-2,.1e-2,0.,0.,0.,0.,.1e-2,0.,.1e-2,
.1e-2,.1e-2,.1e-2,0.,.1e-2,.1e-2,.1e-2,.1e-2,.1e-2,.1e-2,.1e-2,.1e-2,0.,.1e-2,0\
.,.1e-2,0.,.1e-2,.1e-2,0.,.1e-2,.1e-2,.1e-2,0.,.1e-2,.1e-2,.1e-2,.1e-2,.1e-2,.1\
e-2,.1e-2,.1e-2,.1e-2,0.,0.,0.,0.,.2e-2,.1e-2,.1e-2,0.,.1e-2,.1e-2,0.,.2e-2,0.,
.1e-2,.1e-2,.1e-2,.1e-2,.1e-2,0.,.1e-2,.1e-2,.1e-2,.1e-2,.1e-2,.1e-2,.1e-2,.2e-\
2,0.,.1e-2,0.,.1e-2,.2e-2,.1e-2,.1e-2,.1e-2,.1e-2,.1e-2,.1e-2,.1e-2,.1e-2,0.,.2\
e-2,0.,.1e-2,.1e-2,.1e-2,.1e-2,.1e-2,0.,0.,0.,.1e-2,.1e-2,.1e-2,0.,0.,.1e-2,.1e\
-2,0.,.1e-2,0.,.1e-2,.1e-2,.1e-2,.1e-2,0.,.1e-2,.1e-2,0.,.1e-2,0.,.1e-2,.1e-2,0\
.,.1e-2,.1e-2,.1e-2,.1e-2,0.,0.,.1e-2,.1e-2,0.,.1e-2,.1e-2,0.,0.,.1e-2,.1e-2,.1\
e-2,.1e-2,0.,.1e-2,.3e-2,.1e-2,.1e-2,.1e-2,.1e-2,.1e-2,0.,0.,.1e-2,0.,0.,.1e-2,
.2e-2,.1e-2,.1e-2,.1e-2,.1e-2,.1e-2,.1e-2,.1e-2,0.,.1e-2,0.,0.,0.,0.,0.,0.,.1e-\
2,.2e-2,.1e-2,.1e-2,.2e-2,.1e-2,.2e-2,.1e-2,.1e-2,0.,.1e-2,.1e-2,.1e-2,0.,0.,.1\
e-2,.1e-2,0.,.1e-2,.1e-2,0.,.1e-2,.1e-2,.1e-2,.1e-2,.1e-2,.1e-2,.1e-2,.1e-2,.1e\
-2,.1e-2,0.,.1e-2,0.,0.,0.,.1e-2,.1e-2,.1e-2,.1e-2,.1e-2,.1e-2,.1e-2,.1e-2,0.,.\
1e-2,.1e-2,.1e-2,.1e-2,.1e-2,.1e-2,.1e-2,.1e-2,.2e-2,.1e-2,.1e-2,.1e-2,.1e-2,.1\
e-2,0.,0.,0.,.1e-2,.1e-2,.1e-2,.1e-2,.1e-2,.1e-2,.1e-2,0.,.1e-2,.1e-2,0.,0.,.1e\
-2,.1e-2,.1e-2,.1e-2,.1e-2,.1e-2,.1e-2,.1e-2,.1e-2,.1e-2,.1e-2,.1e-2,0.,.1e-2,.\
1e-2,.1e-2,.1e-2,.1e-2,0.,0.,0.,0.,.1e-2,.1e-2,0.,.1e-2,.1e-2,.1e-2,.1e-2,.1e-2
,.1e-2,.1e-2,.1e-2,.1e-2,.1e-2,0.,.1e-2,.1e-2,.1e-2,.1e-2,0.,.1e-2,.1e-2,.1e-2,
.1e-2,0.,.1e-2,0.,0.,.3e-2,.2e-2,.1e-2,.1e-2,.1e-2,.1e-2,.1e-2,.1e-2,.1e-2,0.,.\
1e-2,0.,.1e-2,.1e-2,0.,0.,.1e-2,0.,.1e-2,.1e-2,.1e-2,0.,.1e-2,.1e-2,0.,.1e-2,.1\
e-2,.1e-2,.2e-2,.1e-2,0.,.1e-2,.2e-2,0.,.1e-2,.1e-2,.1e-2,.1e-2,.1e-2,.1e-2,.1e\
-2,.1e-2,0.,0.,.1e-2,0.,0.,.1e-2,.1e-2,.1e-2,.1e-2,0.,.1e-2,.1e-2,.1e-2,0.,.1e-\
2,0.,0.,.1e-2,.1e-2,0.,0.,.1e-2,0.,.1e-2,.1e-2,0.,.1e-2,.1e-2,.1e-2,.1e-2,0.,.1\
e-2,.1e-2,.1e-2,.1e-2,.1e-2,0.,0.,.1e-2,0.,0.,0.,0.,.1e-2,.1e-2,.1e-2,.1e-2,.1e\
-2,.1e-2,.1e-2,.1e-2,0.,.1e-2,.1e-2,0.,0.,.1e-2,0.,0.,.1e-2,.1e-2,0.,.1e-2,.1e-\
2,.1e-2,0.,0.,0.,.1e-2,.1e-2,.1e-2,.1e-2,0.,0.,.2e-2,0.,.1e-2,.2e-2,.1e-2,.1e-2
,.1e-2,0.,.1e-2,.1e-2,.1e-2,.2e-2,.1e-2,.1e-2,.1e-2,0.,0.,0.,0.,.1e-2,.1e-2,.1e\
-2,.2e-2,.1e-2,0.,.1e-2,.1e-2,0.,.1e-2,0.,.1e-2,0.,.1e-2,0.,0.,.1e-2,.1e-2,.1e-\
2,.1e-2,.1e-2,0.,0.,.1e-2,.1e-2,.1e-2,.1e-2,.2e-2,.1e-2,.1e-2,.1e-2,.1e-2,.1e-2
,.1e-2,.1e-2,.1e-2,.4e-2,.1e-2,.1e-2,.1e-2,.1e-2,.1e-2,.1e-2,.1e-2,.1e-2,0.,.1e\
-2,0.,.1e-2,.1e-2,0.,0.,.1e-2,.1e-2,.1e-2,.1e-2,.2e-2,.1e-2,.1e-2,.1e-2,.1e-2,.\
1e-2,.1e-2,.1e-2,0.,.1e-2,.1e-2,.1e-2,.1e-2,.2e-2,.1e-2,.1e-2,.1e-2,.1e-2,.1e-2
,0.,.1e-2,.1e-2,0.,.1e-2,.1e-2,.1e-2,.1e-2,.1e-2,0.,.1e-2,.1e-2,.1e-2,.1e-2,0.,
.1e-2,.1e-2,.1e-2,.1e-2,.1e-2,.1e-2,0.,.1e-2,0.,0.,.1e-2,.1e-2,0.,.1e-2,.1e-2,.\
1e-2,.1e-2,0.,.1e-2,0.,0.,.1e-2,.1e-2,0.,.1e-2,0.,.1e-2,0.,.1e-2,0.,.1e-2,.1e-2
,0.,0.,.1e-2,.1e-2,0.,.1e-2,.1e-2,.1e-2,0.,.1e-2,.1e-2,.1e-2,.1e-2,.1e-2,.1e-2,
.1e-2,.1e-2,.1e-2,.1e-2,0.,.1e-2,.48e-1,.2e-2,0.,.1e-2,0.,0.,.1e-2,.1e-2,.1e-2,
.1e-2,.1e-2,0.,.1e-2,0.,.1e-2,.1e-2,.1e-2,0.,.1e-2,.1e-2,.1e-2,.1e-2,.1e-2,0.,0\
.,0.,.1e-2,.1e-2,.1e-2,.1e-2,.1e-2,.1e-2,0.,.1e-2,.1e-2,.1e-2,.1e-2,.1e-2,.1e-2
,.1e-2,0.,.1e-2,.1e-2,.1e-2,.1e-2,0.,.1e-2,0.,.1e-2,0.,0.,.1e-2,.2e-2,.2e-2,.2e\
-2,.1e-2,.2e-2,.1e-2,.1e-2,0.,0.,.1e-2,.2e-2,0.,.1e-2,0.,.1e-2,0.,0.,0.,.1e-2,.\
1e-2,.1e-2,.1e-2,.1e-2,.1e-2,0.,.1e-2,.1e-2,.1e-2,.1e-2,.1e-2,.1e-2,.1e-2,.2e-2
,.1e-2,0.,.1e-2,.1e-2,.1e-2,0.,.1e-2,.1e-2,.1e-2,0.,.1e-2,.1e-2,.2e-2,.1e-2,.1e\
-2,.1e-2,.1e-2,.1e-2,0.,0.,.1e-2,.1e-2,0.,.1e-2,.1e-2,.1e-2,.1e-2,0.,.1e-2,.2e-\
2,.1e-2,.1e-2,.1e-2,0.,.2e-2,.1e-2,.1e-2,0.,.1e-2,0.,.1e-2,.1e-2,0.,.1e-2,.1e-2
,.1e-2,.1e-2,.1e-2,0.,.2e-2,.1e-2,.1e-2,.1e-2,.1e-2,0.,0.,.1e-2,.1e-2,0.,.1e-2,
0.,.1e-2,.1e-2,0.,.1e-2,.1e-2,.1e-2,.1e-2,0.,0.,.1e-2,.1e-2,.1e-2,.1e-2,0.,.1e-\
2,.1e-2,0.,0.,.1e-2,.1e-2,.1e-2,.1e-2,0.,0.,.1e-2,.1e-2,.1e-2,.1e-2,.1e-2,.1e-2
,0.,.1e-2,.1e-2,.1e-2,.1e-2,.1e-2,.1e-2,0.,.1e-2,.1e-2,.1e-2,.2e-2,.1e-2,.1e-2,
.1e-2,.1e-2,.1e-2,0.,0.,.1e-2,0.,.1e-2,.1e-2,.1e-2,.1e-2,.1e-2,.1e-2,.1e-2,.1e-\
2,.1e-2,0.,.1e-2,.2e-2,.1e-2,.1e-2,.1e-2,.1e-2,.1e-2,.4e-2,.1e-2,.2e-2,0.,.1e-2
,.1e-2,.1e-2,.1e-2,0.,0.,.1e-2,.1e-2,.1e-2,.1e-2,0.,.1e-2,.1e-2,.1e-2,.1e-2,.1e\
-2,.1e-2,0.,.1e-2,.2e-2,.1e-2,.1e-2,.1e-2,0.,.2e-2,.1e-2,.1e-2,0.,.1e-2,.1e-2,.\
1e-2,.1e-2,.1e-2,.1e-2,.1e-2,.1e-2,.1e-2,.1e-2,0.,.1e-2,.1e-2,0.,.1e-2,.1e-2,.1\
e-2,.1e-2,0.,.1e-2,.1e-2,.1e-2,.1e-2,.1e-2,.1e-2,.1e-2,0.,0.,.1e-2,0.,.2e-2,.2e\
-2,.1e-2,0.,.1e-2,0.,.1e-2,0.,.1e-2,.1e-2,.1e-2,.1e-2,.1e-2,.2e-2,.1e-2,.1e-2,.\
1e-2,.1e-2,.1e-2,.1e-2,0.,.1e-2,.1e-2,.1e-2,.1e-2,.1e-2,.1e-2,.1e-2,.2e-2,.1e-2
,0.,.1e-2,.1e-2,.1e-2,.1e-2,.1e-2,.1e-2,.1e-2,.1e-2,.1e-2,.1e-2,.1e-2,.1e-2,.1e\
-2,0.,.1e-2,.1e-2,.1e-2,.1e-2,.1e-2,.1e-2,.1e-2,0.,.1e-2,.1e-2,.1e-2,.1e-2,0.,0\
.,.1e-2,.1e-2,.1e-2,.1e-2,.1e-2,.1e-2,.1e-2,.1e-2,.1e-2,.1e-2,0.,.1e-2,.1e-2,.1\
e-2,.1e-2,.1e-2,0.,.1e-2,.1e-2,0.,0.,.1e-2,0.,.1e-2,.1e-2,.1e-2,.1e-2,.1e-2,.1e\
-2,0.,.1e-2,0.,.1e-2,0.,.1e-2,.1e-2,0.,.1e-2,.1e-2,0.,.1e-2,.1e-2,.1e-2,.1e-2,.\
1e-2,.1e-2,.1e-2,0.,.1e-2,.1e-2,0.,0.,.1e-2,.1e-2,.1e-2,0.,.1e-2,.1e-2,0.,.1e-2
,.1e-2,.1e-2,0.,.1e-2,.1e-2,.1e-2,0.,.1e-2,.1e-2,.1e-2,0.,.1e-2,.1e-2,.1e-2,.1e\
-2,.1e-2,.1e-2,0.,.1e-2,.1e-2,.1e-2,.1e-2,.1e-2,.1e-2,.1e-2,.1e-2,.1e-2,.1e-2,.\
1e-2,.1e-2,0.,.1e-2,.1e-2,.3e-2,.1e-2,0.,.1e-2,0.,.1e-2,.2e-2,.1e-2,0.,0.,.1e-2
,.1e-2,.1e-2,.1e-2,.1e-2,.1e-2,.1e-2,0.,0.,.1e-2,0.,.1e-2,.1e-2,.1e-2,.1e-2,.1e\
-2,.1e-2,0.,.1e-2,.1e-2,.1e-2,.1e-2,0.,.1e-2,.1e-2,0.,0.,.1e-2,.1e-2,.1e-2,.1e-\
2,.1e-2,.1e-2,.2e-2,0.,.1e-2,.1e-2,0.,0.,.1e-2,.1e-2,.1e-2,.1e-2,0.,.1e-2,.1e-2
,.1e-2,.1e-2,0.,.1e-2,0.,.1e-2,.1e-2,.1e-2,.1e-2,0.,.1e-2,.1e-2,.1e-2,0.,.1e-2,
0.,.1e-2,0.,0.,0.,0.,.1e-2,.2e-2,0.,.1e-2,.1e-2,0.,.1e-2,.1e-2,0.,0.,.1e-2,0.,.\
1e-2,0.,.1e-2,0.,0.,0.,.1e-2,0.,.1e-2,0.,.1e-2,.1e-2,0.,.1e-2,0.,.1e-2,.1e-2,0.
,.2e-2,0.,.1e-2,.1e-2,.1e-2,.1e-2,.1e-2,0.,0.,.1e-2,.1e-2,.1e-2,.1e-2,0.,.1e-2,
.1e-2,.1e-2,.2e-2,0.,0.,.1e-2,.1e-2,0.,0.,0.,.1e-2,0.,0.,.1e-2,.1e-2,.1e-2,0.,.\
1e-2,0.,.2e-2,.1e-2,.1e-2,.1e-2,0.,.1e-2,.1e-2,.1e-2,.1e-2,.1e-2,0.,.1e-2,.1e-2
,0.,.1e-2,.1e-2,.1e-2,.1e-2,.1e-2,.1e-2,.1e-2,.1e-2,.1e-2,.1e-2,.1e-2,0.,0.,.1e\
-2,.1e-2,.1e-2,0.,0.,.1e-2,.1e-2,.1e-2,.1e-2,0.,.1e-2,.1e-2,0.,.1e-2,.1e-2,.1e-\
2,.1e-2,.1e-2,.1e-2,.1e-2,.1e-2,.1e-2],[.1e-2,.1e-2,.1e-2,.1e-2,.1e-2,.1e-2,.1e\
-2,0.,.1e-2,0.,0.,.1e-2,.1e-2,0.,0.,.1e-2,.1e-2,.1e-2,0.,.1e-2,0.,.1e-2,.1e-2,.\
1e-2,0.,0.,.1e-2,.1e-2,.1e-2,.2e-2,0.,.1e-2,0.,.1e-2,.1e-2,.1e-2,.1e-2,.1e-2,.1\
e-2,.1e-2,.1e-2,.1e-2,0.,.1e-2,.1e-2,.1e-2,.1e-2,.1e-2,.1e-2,.1e-2,.2e-2,.1e-2,
.1e-2,.1e-2,.1e-2,0.,0.,0.,.1e-2,.1e-2,.1e-2,0.,.1e-2,.1e-2,.1e-2,0.,.2e-2,.1e-\
2,.1e-2,0.,.1e-2,0.,0.,0.,.1e-2,.1e-2,.1e-2,0.,.1e-2,0.,.1e-2,.1e-2,0.,.1e-2,.1\
e-2,.1e-2,.1e-2,.1e-2,0.,0.,0.,.1e-2,.1e-2,.1e-2,.1e-2,0.,.1e-2,.1e-2,.1e-2,.1e\
-2,.1e-2,.1e-2,.1e-2,.1e-2,.1e-2,0.,0.,.1e-2,.1e-2,.1e-2,.1e-2,.1e-2,.1e-2,0.,0\
.,.1e-2,.1e-2,.1e-2,.1e-2,0.,0.,.1e-2,0.,.1e-2,.1e-2,.1e-2,.1e-2,.1e-2,0.,.3e-2
,.1e-2,.1e-2,.2e-2,0.,.1e-2,.1e-2,.1e-2,.1e-2,.1e-2,.1e-2,.1e-2,0.,.1e-2,.1e-2,
0.,0.,0.,0.,.1e-2,.1e-2,0.,.1e-2,.1e-2,.1e-2,.1e-2,.1e-2,.1e-2,.1e-2,.1e-2,.1e-\
2,.1e-2,.1e-2,.1e-2,.1e-2,.1e-2,.1e-2,.1e-2,.1e-2,.1e-2,.1e-2,.1e-2,0.,.1e-2,.1\
e-2,.1e-2,.1e-2,.1e-2,0.,0.,.1e-2,.1e-2,0.,.1e-2,.1e-2,.1e-2,.2e-2,.1e-2,0.,0.,
0.,.1e-2,0.,.1e-2,0.,.1e-2,.1e-2,0.,0.,.1e-2,.1e-2,.1e-2,.1e-2,0.,.1e-2,.1e-2,.\
1e-2,.1e-2,0.,0.,0.,0.,.1e-2,.1e-2,.1e-2,.1e-2,.1e-2,.1e-2,.1e-2,.1e-2,0.,.1e-2
,.1e-2,0.,0.,.1e-2,.1e-2,.1e-2,0.,0.,.1e-2,.1e-2,.1e-2,.1e-2,.1e-2,.1e-2,.1e-2,
.1e-2,.1e-2,.1e-2,0.,0.,0.,0.,.1e-2,.1e-2,.1e-2,.1e-2,.2e-2,0.,.1e-2,.1e-2,0.,.\
1e-2,0.,0.,0.,.1e-2,0.,.1e-2,0.,.1e-2,.1e-2,.1e-2,.1e-2,.1e-2,.1e-2,0.,0.,.1e-2
,.1e-2,.1e-2,0.,.1e-2,0.,.1e-2,.1e-2,.1e-2,.1e-2,.1e-2,.1e-2,0.,.1e-2,.1e-2,.1e\
-2,.1e-2,.1e-2,0.,.1e-2,.1e-2,.1e-2,.1e-2,.1e-2,.1e-2,.1e-2,0.,0.,.1e-2,.1e-2,0\
.,.1e-2,0.,0.,0.,.1e-2,0.,.1e-2,0.,.1e-2,.1e-2,0.,.1e-2,0.,0.,.1e-2,.1e-2,.1e-2
,.1e-2,.1e-2,.1e-2,0.,0.,.1e-2,.1e-2,0.,0.,0.,0.,0.,0.,.1e-2,0.,.1e-2,.1e-2,.1e\
-2,.1e-2,.1e-2,0.,0.,.1e-2,.1e-2,0.,.1e-2,.1e-2,.2e-2,.1e-2,0.,.1e-2,0.,.1e-2,0\
.,.1e-2,.1e-2,0.,.1e-2,.1e-2,.1e-2,0.,.1e-2,.1e-2,0.,.1e-2,.1e-2,.1e-2,.1e-2,.1\
e-2,.1e-2,.1e-2,.1e-2,.1e-2,0.,.1e-2,0.,.1e-2,0.,.1e-2,.1e-2,0.,.1e-2,.1e-2,0.,
0.,0.,0.,.1e-2,.1e-2,.1e-2,.1e-2,0.,.2e-2,.1e-2,0.,.1e-2,.1e-2,.1e-2,.1e-2,.1e-\
2,0.,.1e-2,.1e-2,.1e-2,.1e-2,0.,.1e-2,0.,.1e-2,.1e-2,.1e-2,0.,.1e-2,.1e-2,.1e-2
,.1e-2,.1e-2,0.,.1e-2,.1e-2,0.,0.,.1e-2,0.,.1e-2,0.,.1e-2,.2e-2,.1e-2,.1e-2,0.,
.1e-2,.1e-2,0.,.1e-2,0.,.1e-2,0.,.1e-2,0.,0.,.1e-2,.1e-2,0.,0.,0.,.1e-2,.1e-2,.\
1e-2,.1e-2,0.,.1e-2,.1e-2,.2e-2,.1e-2,0.,.1e-2,.1e-2,.2e-2,.1e-2,.1e-2,0.,.1e-2
,.1e-2,.1e-2,.1e-2,.1e-2,0.,.1e-2,.1e-2,.1e-2,0.,0.,.1e-2,.2e-2,.1e-2,.1e-2,.1e\
-2,.1e-2,.1e-2,.1e-2,.1e-2,0.,0.,0.,.1e-2,.1e-2,.1e-2,.1e-2,0.,.1e-2,.1e-2,.1e-\
2,.1e-2,.2e-2,.1e-2,0.,.1e-2,.1e-2,.1e-2,0.,0.,0.,0.,0.,.1e-2,.1e-2,.1e-2,.1e-2
,0.,.1e-2,.1e-2,.1e-2,0.,.1e-2,.1e-2,.1e-2,.2e-2,.1e-2,.1e-2,.1e-2,.1e-2,.1e-2,
0.,.1e-2,.1e-2,.1e-2,0.,0.,.1e-2,.1e-2,.1e-2,.2e-2,.1e-2,.1e-2,0.,.1e-2,.1e-2,.\
1e-2,.1e-2,.1e-2,.1e-2,.2e-2,0.,0.,.1e-2,.1e-2,0.,0.,.1e-2,.1e-2,.1e-2,.1e-2,0.
,.1e-2,0.,.1e-2,0.,.1e-2,.1e-2,.3e-2,.2e-2,.1e-2,0.,0.,.1e-2,.1e-2,0.,.1e-2,.1e\
-2,0.,.1e-2,.1e-2,.1e-2,.1e-2,.1e-2,.2e-2,0.,.1e-2,.1e-2,.1e-2,0.,.1e-2,.1e-2,0\
.,.1e-2,.1e-2,.1e-2,.1e-2,.1e-2,.1e-2,0.,.1e-2,.1e-2,0.,.1e-2,.1e-2,.1e-2,0.,0.
,.1e-2,.1e-2,.1e-2,0.,.1e-2,.1e-2,.1e-2,.1e-2,.1e-2,0.,.1e-2,.1e-2,.1e-2,.1e-2,
0.,.1e-2,.1e-2,.1e-2,.1e-2,.1e-2,.1e-2,.1e-2,.1e-2,.1e-2,0.,.1e-2,0.,.1e-2,.1e-\
2,.1e-2,.1e-2,.1e-2,0.,0.,0.,0.,.1e-2,0.,.1e-2,.1e-2,.1e-2,0.,.1e-2,0.,.1e-2,.1\
e-2,.1e-2,0.,.1e-2,.1e-2,0.,.1e-2,.2e-2,.1e-2,0.,.1e-2,.1e-2,.1e-2,.2e-2,.1e-2,
.1e-2,.1e-2,.1e-2,.1e-2,.1e-2,.1e-2,.1e-2,.1e-2,.1e-2,.2e-2,.1e-2,.1e-2,0.,.1e-\
2,.1e-2,.1e-2,.1e-2,.1e-2,.1e-2,.1e-2,.1e-2,.1e-2,0.,0.,.1e-2,0.,.1e-2,0.,.1e-2
,.1e-2,.1e-2,.1e-2,.1e-2,0.,.1e-2,.1e-2,.1e-2,0.,.1e-2,.1e-2,.1e-2,0.,.1e-2,.1e\
-2,.1e-2,0.,.1e-2,.1e-2,.1e-2,.1e-2,.1e-2,.2e-2,.1e-2,0.,.1e-2,.1e-2,.1e-2,0.,.\
1e-2,.1e-2,.1e-2,.1e-2,.1e-2,.1e-2,.1e-2,.1e-2,.1e-2,.1e-2,0.,.1e-2,.1e-2,.1e-2
,.2e-2,.1e-2,.1e-2,.1e-2,0.,0.,.1e-2,.1e-2,.1e-2,.1e-2,.1e-2,.2e-2,.1e-2,.1e-2,
.1e-2,.1e-2,.1e-2,.1e-2,.1e-2,.1e-2,.1e-2,.1e-2,0.,.1e-2,0.,0.,.1e-2,.1e-2,.1e-\
2,.1e-2,.1e-2,.2e-2,.2e-2,.3e-2,.1e-2,0.,.1e-2,.1e-2,.1e-2,0.,.1e-2,.1e-2,.1e-2
,.1e-2,.1e-2,0.,0.,.1e-2,.1e-2,.1e-2,.1e-2,.1e-2,0.,.1e-2,.1e-2,.1e-2,0.,.1e-2,
.1e-2,.1e-2,.1e-2,.1e-2,.1e-2,.1e-2,.1e-2,.1e-2,.1e-2,.1e-2,.1e-2,0.,.1e-2,.1e-\
2,.1e-2,.1e-2,.1e-2,.1e-2,.1e-2,.2e-2,.1e-2,.1e-2,.1e-2,0.,.1e-2,.1e-2,.1e-2,.1\
e-2,.1e-2,.1e-2,.1e-2,0.,.1e-2,0.,0.,.1e-2,0.,.1e-2,.1e-2,.1e-2,.2e-2,0.,.1e-2,
0.,0.,.1e-2,.1e-2,0.,.1e-2,.1e-2,.1e-2,.1e-2,.1e-2,.1e-2,0.,.1e-2,0.,.1e-2,0.,.\
1e-2,0.,0.,.1e-2,0.,0.,.1e-2,.1e-2,.1e-2,0.,.1e-2,.1e-2,0.,.1e-2,0.,.1e-2,0.,.1\
e-2,.1e-2,.1e-2,.2e-2,.1e-2,0.,.1e-2,0.,.2e-2,.2e-2,0.,0.,.1e-2,0.,.1e-2,0.,.56\
e-1,0.,.1e-2,0.,.1e-2,.1e-2,.1e-2,.1e-2,.1e-2,.1e-2,.1e-2,.1e-2,.1e-2,.1e-2,0.,
.1e-2,.1e-2,.1e-2,.2e-2,.1e-2,0.,.1e-2,.1e-2,.1e-2,.1e-2,0.,.1e-2,.1e-2,.1e-2,0\
.,.1e-2,0.,.1e-2,0.,0.,0.,.1e-2,.1e-2,0.,.1e-2,.1e-2,.1e-2,.1e-2,.1e-2,.1e-2,0.
,.1e-2,0.,.1e-2,0.,.1e-2,.1e-2,0.,0.,.1e-2,.1e-2,.1e-2,.1e-2,.1e-2,.1e-2,.1e-2,
.1e-2,.1e-2,.1e-2,.1e-2,.1e-2,.1e-2,0.,.1e-2,0.,.1e-2,.1e-2,.1e-2,.1e-2,.1e-2,.\
2e-2,.3e-2,.2e-2,.2e-2,.1e-2,.1e-2,.1e-2,.1e-2,.1e-2,.2e-2,.1e-2,.1e-2,.1e-2,.1\
e-2,.1e-2,.1e-2,.1e-2,.1e-2,.1e-2,.1e-2,.1e-2,0.,.1e-2,.1e-2,.2e-2,.1e-2,.1e-2,
.1e-2,0.,.1e-2,0.,.1e-2,.53e-1,.1e-2,.1e-2,.1e-2,.1e-2,.1e-2,.1e-2,.1e-2,0.,.1e\
-2,.1e-2,.1e-2,.1e-2,0.,.1e-2,.1e-2,.1e-2,.1e-2,0.,0.,.1e-2,.1e-2,.1e-2,0.,.2e-\
2,.2e-2,.1e-2,.1e-2,.1e-2,0.,.1e-2,.1e-2,.1e-2,.1e-2,.1e-2,.1e-2,0.,.1e-2,.1e-2
,.1e-2,.1e-2,.1e-2,.1e-2,.1e-2,0.,.1e-2,0.,.1e-2,.1e-2,0.,.1e-2,.1e-2,0.,.1e-2,
.1e-2,.1e-2,.1e-2,.1e-2,.1e-2,0.,.1e-2,.1e-2,.1e-2,0.,.1e-2,.1e-2,.1e-2,.1e-2,.\
1e-2,0.,.1e-2,.1e-2,.1e-2,0.,.2e-2,.1e-2,.1e-2,.1e-2,0.,.1e-2,.1e-2,.1e-2,.1e-2
,.1e-2,.1e-2,.1e-2,0.,0.,.1e-2,.1e-2,0.,.1e-2,0.,.1e-2,.1e-2,0.,.1e-2,0.,0.,.1e\
-2,0.,.1e-2,.1e-2,.1e-2,.1e-2,.1e-2,.1e-2,.1e-2,.1e-2,.1e-2,.1e-2,.1e-2,.1e-2,.\
1e-2,.1e-2,.1e-2,0.,.1e-2,0.,.2e-2,.1e-2,.1e-2,.1e-2,0.,.1e-2,.1e-2,0.,.1e-2,.1\
e-2,.1e-2,.1e-2,0.,.1e-2,.1e-2,.1e-2,0.,0.,.1e-2,.1e-2,.1e-2,.1e-2,.1e-2,.1e-2,
.1e-2,.1e-2,.1e-2,.1e-2,.1e-2,.1e-2,0.,.1e-2,0.,.1e-2,.1e-2,.1e-2,.1e-2,.2e-2,.\
1e-2,.1e-2,.2e-2,.1e-2,0.,.1e-2,.1e-2,.1e-2,.1e-2,.1e-2,0.,0.,.1e-2,.1e-2,0.,.1\
e-2,.1e-2,.1e-2,0.,.1e-2,.1e-2,.1e-2,.1e-2,.1e-2,.1e-2,0.,.1e-2,.1e-2,.1e-2,0.,
.1e-2,0.,0.,.1e-2,.1e-2,.1e-2,.1e-2,.1e-2,.1e-2,.1e-2,.1e-2,.1e-2,.1e-2,.1e-2,.\
1e-2,.1e-2,.1e-2,0.,.1e-2,.1e-2,0.,0.,0.,.1e-2,0.,.1e-2,.1e-2,.1e-2,.1e-2,.1e-2
,.1e-2,0.,0.,.1e-2,0.,0.,0.,.1e-2,.1e-2,.1e-2,.1e-2,.1e-2,.1e-2,0.,0.,.1e-2,.1e\
-2,.1e-2,.1e-2,.1e-2,.1e-2,.1e-2,.1e-2,.1e-2,.1e-2,.1e-2,0.,0.,0.,.1e-2,0.,0.,.\
1e-2,.1e-2,.1e-2,.1e-2,.1e-2,.1e-2,.1e-2,.1e-2,0.,.1e-2,.1e-2,0.,.1e-2,0.,.1e-2
,0.,0.,.1e-2,.1e-2,.1e-2,.2e-2,0.,.1e-2,0.,.1e-2,.1e-2,0.,0.,.1e-2,.1e-2,0.,.1e\
-2,.1e-2,.1e-2,0.,.1e-2,0.,.1e-2,.1e-2,.1e-2,.1e-2,.1e-2,.1e-2,.1e-2,.1e-2,.1e-\
2,0.,.1e-2,.1e-2,.1e-2,.1e-2,.1e-2,.1e-2,.1e-2,.1e-2,.1e-2,.2e-2,.1e-2,.2e-2,.1\
e-2,0.,.1e-2,.2e-2,.1e-2,.2e-2,.1e-2,0.,.1e-2,0.,.1e-2,.1e-2,.2e-2,0.,.1e-2,.1e\
-2,.1e-2,.1e-2,.1e-2,0.,0.,.1e-2,0.,.1e-2,.1e-2,0.,.1e-2,.1e-2,0.,0.,.1e-2,.1e-\
2,.1e-2,.1e-2,0.,.1e-2,.1e-2,0.,0.,0.,.1e-2,.1e-2,0.,.2e-2,.1e-2,.1e-2,.1e-2,.1\
e-2,.1e-2,0.,.1e-2,.1e-2,.1e-2,.1e-2,.1e-2,0.,.1e-2,0.,.2e-2,0.,.1e-2,.1e-2,0.,
.1e-2,.1e-2,.1e-2,.1e-2,.1e-2,.2e-2,.1e-2,.1e-2,.1e-2,.1e-2,0.,.2e-2,.1e-2,.2e-\
2,.1e-2,.1e-2,.1e-2,0.,.1e-2,.1e-2,.1e-2,.1e-2,.1e-2,.1e-2,.1e-2,.1e-2,.1e-2,0.
,.1e-2,0.,.1e-2,.1e-2,0.,.1e-2,.1e-2,.1e-2,.1e-2,0.,.1e-2,0.,.1e-2,.1e-2,.1e-2,
.1e-2,.1e-2,.1e-2,0.,.1e-2,.1e-2,.1e-2,.1e-2,.1e-2,.1e-2,.1e-2,.2e-2,.1e-2,.2e-\
2,.1e-2,.1e-2,0.,.1e-2,.1e-2,.1e-2,.1e-2,.1e-2,.1e-2,.1e-2,.1e-2,.1e-2,0.,.1e-2
,0.,.1e-2,.1e-2,.1e-2,0.,.1e-2,.1e-2,0.,0.,.1e-2,.1e-2,0.,0.,0.,.1e-2,.1e-2,.1e\
-2,0.,.1e-2,.1e-2,0.,.1e-2,.2e-2,.1e-2,.1e-2,.1e-2,0.,.1e-2,.1e-2,0.,.1e-2,0.,.\
1e-2,.1e-2,.1e-2,.1e-2,.1e-2,0.,.1e-2,.1e-2,.1e-2,.1e-2,.1e-2,.1e-2,.1e-2,0.,.1\
e-2,.1e-2,0.,.1e-2,.1e-2,.2e-2,0.,0.,.1e-2,0.,.1e-2,.1e-2,.1e-2,.2e-2,.1e-2,.1e\
-2,.1e-2,.1e-2,.2e-2,.1e-2,.1e-2,.1e-2,.1e-2,0.,.1e-2,0.,.1e-2],[.1e-2,.1e-2,0.
,.1e-2,.1e-2,.1e-2,.1e-2,.1e-2,0.,0.,0.,.2e-2,.1e-2,.1e-2,0.,0.,.2e-2,.1e-2,.1e\
-2,.1e-2,0.,0.,0.,.1e-2,0.,0.,0.,.1e-2,.1e-2,.1e-2,0.,.1e-2,.1e-2,.1e-2,.1e-2,.\
1e-2,.1e-2,.1e-2,.1e-2,.1e-2,.1e-2,.1e-2,.1e-2,.1e-2,0.,.1e-2,.1e-2,.1e-2,0.,.1\
e-2,.1e-2,.1e-2,.2e-2,.1e-2,.2e-2,.1e-2,0.,.1e-2,.1e-2,.1e-2,.1e-2,0.,.2e-2,.1e\
-2,.1e-2,.1e-2,.1e-2,.1e-2,0.,.1e-2,.1e-2,0.,.1e-2,.1e-2,.1e-2,.1e-2,0.,.1e-2,0\
.,.1e-2,.1e-2,.1e-2,.1e-2,.1e-2,0.,0.,.2e-2,0.,0.,.1e-2,.1e-2,0.,.1e-2,0.,.1e-2
,.1e-2,.1e-2,.1e-2,0.,0.,0.,.1e-2,.1e-2,0.,0.,.1e-2,0.,.1e-2,.2e-2,0.,.1e-2,.1e\
-2,.1e-2,.1e-2,.1e-2,.1e-2,.1e-2,.1e-2,.1e-2,.1e-2,.1e-2,0.,.1e-2,0.,.3e-2,.1e-\
2,0.,.1e-2,.1e-2,.1e-2,.1e-2,.1e-2,.1e-2,.1e-2,0.,0.,0.,.1e-2,0.,0.,.1e-2,.1e-2
,0.,0.,0.,0.,0.,.1e-2,0.,0.,.1e-2,.1e-2,.1e-2,0.,.1e-2,.1e-2,.1e-2,0.,0.,.1e-2,
.1e-2,.1e-2,0.,.1e-2,.1e-2,.1e-2,.1e-2,.1e-2,.1e-2,.1e-2,.1e-2,.1e-2,.1e-2,.1e-\
2,0.,.1e-2,.1e-2,.1e-2,.1e-2,0.,.1e-2,.1e-2,.1e-2,.1e-2,.2e-2,.1e-2,.1e-2,.2e-2
,0.,0.,.1e-2,.1e-2,.1e-2,0.,.1e-2,.1e-2,.1e-2,.2e-2,.1e-2,.1e-2,.1e-2,.1e-2,.1e\
-2,.1e-2,.1e-2,.1e-2,.1e-2,0.,0.,.1e-2,.1e-2,0.,.1e-2,.1e-2,.1e-2,.2e-2,.1e-2,.\
1e-2,.1e-2,0.,.1e-2,.1e-2,0.,.1e-2,.1e-2,.1e-2,.1e-2,.1e-2,.1e-2,.1e-2,0.,.1e-2
,.53e-1,.1e-2,.1e-2,.2e-2,.1e-2,.1e-2,.1e-2,.1e-2,.1e-2,.1e-2,.1e-2,.1e-2,0.,0.
,0.,.2e-2,0.,.1e-2,.1e-2,.1e-2,.1e-2,.1e-2,.1e-2,0.,.1e-2,.1e-2,.1e-2,.1e-2,0.,
.1e-2,.1e-2,.1e-2,.1e-2,.1e-2,.1e-2,0.,0.,0.,.1e-2,.1e-2,.1e-2,.1e-2,.1e-2,.1e-\
2,.1e-2,.1e-2,.1e-2,.1e-2,0.,0.,.1e-2,0.,.1e-2,.1e-2,.1e-2,0.,0.,.1e-2,.1e-2,.1\
e-2,.1e-2,.1e-2,0.,.1e-2,.1e-2,.1e-2,.1e-2,.1e-2,0.,0.,.1e-2,.1e-2,.1e-2,.1e-2,
.1e-2,.1e-2,0.,0.,.1e-2,.1e-2,.1e-2,.1e-2,.2e-2,.1e-2,0.,.1e-2,0.,0.,.1e-2,.1e-\
2,.1e-2,.1e-2,0.,0.,.1e-2,0.,.1e-2,0.,0.,.2e-2,0.,.1e-2,.1e-2,.1e-2,.1e-2,0.,.1\
e-2,.4e-2,.1e-2,.1e-2,0.,.1e-2,.1e-2,.1e-2,.1e-2,.1e-2,.1e-2,0.,.1e-2,.1e-2,.1e\
-2,.1e-2,.1e-2,.1e-2,.2e-2,.1e-2,.1e-2,.2e-2,.2e-2,.2e-2,.2e-2,.1e-2,.3e-2,.2e-\
2,.2e-2,.3e-2,.1e-2,.2e-2,.1e-2,.1e-2,.1e-2,.1e-2,.1e-2,.2e-2,.1e-2,.1e-2,.1e-2
,.1e-2,.2e-2,.1e-2,.1e-2,.1e-2,.1e-2,.1e-2,.1e-2,.1e-2,.1e-2,.1e-2,.2e-2,.1e-2,
.1e-2,.1e-2,.1e-2,.1e-2,.2e-2,.1e-2,.1e-2,.1e-2,.1e-2,.2e-2,.2e-2,.2e-2,.1e-2,.\
2e-2,.1e-2,.1e-2,.1e-2,.1e-2,.1e-2,.1e-2,.1e-2,.1e-2,.2e-2,.2e-2,.1e-2,.1e-2,.1\
e-2,.1e-2,.1e-2,0.,.1e-2,.1e-2,.3e-2,.1e-2,.1e-2,.1e-2,0.,0.,.1e-2,.1e-2,.1e-2,
0.,.1e-2,0.,.1e-2,.2e-2,.1e-2,.1e-2,0.,.1e-2,.2e-2,.1e-2,.1e-2,.4e-2,.2e-2,.1e-\
2,.1e-2,.1e-2,.1e-2,.1e-2,.1e-2,.1e-2,.1e-2,.1e-2,.1e-2,.1e-2,.1e-2,0.,.1e-2,.1\
e-2,0.,.1e-2,.1e-2,.1e-2,.1e-2,.1e-2,.2e-2,.1e-2,.1e-2,.1e-2,0.,.2e-2,.1e-2,.2e\
-2,.2e-2,.2e-2,.1e-2,.2e-2,.1e-2,.1e-2,.1e-2,.1e-2,.1e-2,.1e-2,.1e-2,.1e-2,.2e-\
2,.1e-2,.1e-2,.1e-2,.1e-2,.1e-2,.1e-2,.2e-2,.1e-2,.1e-2,.1e-2,.1e-2,.1e-2,0.,.2\
e-2,.1e-2,.1e-2,.3e-2,.1e-2,.1e-2,0.,.3e-2,.1e-2,.1e-2,.1e-2,.1e-2,.1e-2,0.,.1e\
-2,.1e-2,.2e-2,.1e-2,.1e-2,0.,.1e-2,.1e-2,0.,.1e-2,.1e-2,0.,.1e-2,.1e-2,0.,.1e-\
2,.2e-2,0.,.1e-2,.1e-2,.1e-2,.1e-2,.1e-2,.1e-2,.1e-2,.1e-2,.1e-2,.1e-2,.1e-2,.2\
e-2,.1e-2,.1e-2,.1e-2,.2e-2,.1e-2,.1e-2,.1e-2,.1e-2,.1e-2,0.,.1e-2,.1e-2,.1e-2,
.1e-2,.1e-2,.1e-2,0.,.1e-2,0.,.1e-2,.1e-2,0.,0.,.1e-2,.1e-2,.1e-2,0.,0.,.1e-2,0\
.,.1e-2,.1e-2,.1e-2,0.,.1e-2,.1e-2,.1e-2,.1e-2,.1e-2,.1e-2,.1e-2,.1e-2,.1e-2,0.
,.1e-2,.1e-2,.1e-2,.1e-2,.1e-2,.1e-2,0.,.1e-2,.1e-2,.1e-2,.1e-2,0.,0.,.1e-2,.1e\
-2,.1e-2,.1e-2,0.,.1e-2,0.,.1e-2,.1e-2,.1e-2,.1e-2,.1e-2,.1e-2,.1e-2,.1e-2,.1e-\
2,.1e-2,.1e-2,.1e-2,.1e-2,.1e-2,.1e-2,.1e-2,0.,.1e-2,0.,.1e-2,.1e-2,0.,.1e-2,0.
,.1e-2,.1e-2,.1e-2,.1e-2,.1e-2,.1e-2,.1e-2,.1e-2,.1e-2,.1e-2,.1e-2,.1e-2,.1e-2,
.2e-2,.1e-2,0.,.1e-2,.1e-2,0.,.2e-2,.1e-2,0.,.1e-2,.1e-2,.2e-2,0.,.1e-2,.1e-2,.\
1e-2,.2e-2,.1e-2,.1e-2,0.,0.,.1e-2,.1e-2,0.,.1e-2,.1e-2,.1e-2,.1e-2,.1e-2,.1e-2
,0.,.1e-2,.1e-2,.1e-2,.1e-2,.1e-2,.1e-2,.1e-2,.1e-2,0.,.1e-2,.1e-2,.1e-2,.1e-2,
.1e-2,0.,.1e-2,.1e-2,0.,.1e-2,.1e-2,.1e-2,.1e-2,.1e-2,.1e-2,.1e-2,.1e-2,.1e-2,0\
.,0.,.1e-2,.1e-2,0.,.1e-2,.1e-2,0.,.1e-2,.1e-2,0.,.1e-2,0.,.1e-2,0.,.1e-2,.1e-2
,0.,.1e-2,0.,.1e-2,0.,.1e-2,.1e-2,.1e-2,.2e-2,.1e-2,.1e-2,0.,0.,.1e-2,0.,.1e-2,
.1e-2,0.,.1e-2,.1e-2,.1e-2,.1e-2,.1e-2,.1e-2,.1e-2,.1e-2,.1e-2,0.,.1e-2,.1e-2,.\
1e-2,.1e-2,.1e-2,0.,.1e-2,0.,.1e-2,0.,.1e-2,.1e-2,.1e-2,.1e-2,.1e-2,.1e-2,.2e-2
,.45e-1,.1e-2,.1e-2,0.,0.,.1e-2,.1e-2,.1e-2,.1e-2,.1e-2,.1e-2,0.,.1e-2,.1e-2,.1\
e-2,0.,.1e-2,0.,.1e-2,.1e-2,.1e-2,0.,.1e-2,.1e-2,.1e-2,.1e-2,.1e-2,.1e-2,.1e-2,
.1e-2,.1e-2,.1e-2,.1e-2,.1e-2,.1e-2,.1e-2,.1e-2,.1e-2,.1e-2,.1e-2,0.,.1e-2,0.,.\
1e-2,.1e-2,.2e-2,.1e-2,.1e-2,.1e-2,.1e-2,.1e-2,.1e-2,.1e-2,.1e-2,0.,.2e-2,.1e-2
,.1e-2,.1e-2,.1e-2,.1e-2,.2e-2,0.,0.,.1e-2,.1e-2,.1e-2,.1e-2,.1e-2,0.,.1e-2,0.,
0.,0.,.2e-2,0.,.1e-2,.1e-2,.2e-2,.1e-2,.1e-2,.1e-2,0.,.1e-2,.1e-2,.1e-2,.1e-2,.\
1e-2,.1e-2,.1e-2,.1e-2,.1e-2,0.,0.,.1e-2,0.,.1e-2,.1e-2,.1e-2,.1e-2,0.,.1e-2,0.
,.1e-2,.1e-2,.1e-2,.1e-2,.1e-2,.1e-2,.1e-2,0.,.1e-2,.1e-2,.1e-2,.1e-2,.1e-2,0.,
0.,.1e-2,.1e-2,.1e-2,.1e-2,.1e-2,.1e-2,.2e-2,.1e-2,.1e-2,.1e-2,0.,0.,.1e-2,.1e-\
2,0.,.1e-2,.1e-2,.1e-2,0.,0.,.1e-2,.1e-2,.1e-2,.1e-2,.1e-2,0.,0.,0.,.1e-2,.1e-2
,.1e-2,.1e-2,0.,.1e-2,.1e-2,.1e-2,0.,.1e-2,.1e-2,.1e-2,.1e-2,.1e-2,.1e-2,.1e-2,
.1e-2,.1e-2,.1e-2,.1e-2,.1e-2,.1e-2,.1e-2,.1e-2,.1e-2,.1e-2,0.,.1e-2,.1e-2,.1e-\
2,.1e-2,0.,0.,.1e-2,.1e-2,.1e-2,0.,0.,0.,.1e-2,.1e-2,.1e-2,.1e-2,0.,0.,0.,.2e-2
,.1e-2,.1e-2,0.,.1e-2,0.,.1e-2,.1e-2,0.,.1e-2,.1e-2,.1e-2,0.,.1e-2,.1e-2,0.,.1e\
-2,.1e-2,0.,0.,.1e-2,.1e-2,.1e-2,.2e-2,.1e-2,0.,.1e-2,.1e-2,.1e-2,.1e-2,0.,.1e-\
2,.1e-2,.1e-2,.1e-2,.1e-2,.1e-2,0.,.1e-2,.1e-2,.1e-2,.1e-2,.1e-2,.1e-2,.1e-2,.1\
e-2,0.,.1e-2,.1e-2,0.,.1e-2,0.,.1e-2,.1e-2,.1e-2,.1e-2,.1e-2,.1e-2,.1e-2,.1e-2,
.1e-2,.2e-2,.1e-2,.1e-2,.1e-2,0.,.1e-2,0.,0.,.1e-2,.1e-2,.1e-2,.1e-2,.1e-2,0.,.\
1e-2,.1e-2,.1e-2,.1e-2,.1e-2,0.,.1e-2,0.,0.,0.,.1e-2,.1e-2,.1e-2,.1e-2,.2e-2,0.
,0.,.1e-2,0.,0.,.1e-2,.1e-2,0.,.1e-2,.1e-2,0.,.1e-2,.1e-2,.1e-2,.1e-2,0.,0.,.1e\
-2,.1e-2,.1e-2,.1e-2,0.,0.,.1e-2,.1e-2,.1e-2,.1e-2,.1e-2,.1e-2,0.,.1e-2,.1e-2,.\
1e-2,.1e-2,0.,.1e-2,.1e-2,.1e-2,0.,.1e-2,.1e-2,0.,.1e-2,0.,.1e-2,.1e-2,0.,.1e-2
,0.,0.,.1e-2,0.,.1e-2,.1e-2,.1e-2,.1e-2,.1e-2,.1e-2,.1e-2,.1e-2,0.,.1e-2,0.,.1e\
-2,.1e-2,.1e-2,.1e-2,.1e-2,0.,.1e-2,.1e-2,.1e-2,0.,0.,.1e-2,.1e-2,.1e-2,0.,.1e-\
2,.1e-2,0.,.1e-2,.1e-2,0.,.1e-2,.1e-2,.1e-2,0.,0.,0.,.1e-2,.1e-2,.1e-2,.1e-2,0.
,.1e-2,0.,.1e-2,.1e-2,.1e-2,.1e-2,0.,.1e-2,.1e-2,.1e-2,.1e-2,0.,.1e-2,.1e-2,.1e\
-2,0.,0.,.1e-2,0.,.1e-2,0.,.1e-2,.1e-2,.1e-2,0.,0.,0.,.1e-2,0.,.1e-2,0.,.1e-2,.\
1e-2,.1e-2,.2e-2,.1e-2,.1e-2,.1e-2,0.,.1e-2,.1e-2,.1e-2,.1e-2,.1e-2,.1e-2,.1e-2
,.1e-2,.1e-2,0.,.1e-2,.1e-2,.1e-2,.1e-2,.1e-2,.1e-2,0.,0.,.1e-2,.1e-2,0.,.1e-2,
.1e-2,.1e-2,0.,0.,.2e-2,.1e-2,0.,0.,.1e-2,.1e-2,.1e-2,0.,0.,.1e-2,.1e-2,.1e-2,.\
1e-2,.1e-2,.1e-2,.1e-2,.1e-2,.1e-2,.1e-2,.2e-2,0.,.1e-2,.1e-2,.1e-2,.2e-2,0.,0.
,.1e-2,.1e-2,.1e-2,0.,.1e-2,.1e-2,.1e-2,.1e-2,.1e-2,.1e-2,.1e-2,.1e-2,.1e-2,.1e\
-2,0.,.1e-2,0.,.1e-2,.1e-2,.1e-2,.1e-2,.1e-2,.1e-2,0.,0.,.1e-2,.1e-2,0.,0.,.1e-\
2,0.,.2e-2,.1e-2,.1e-2,0.,.1e-2,0.,0.,.1e-2,.1e-2,0.,.1e-2,.1e-2,0.,.1e-2,.1e-2
,0.,0.,.1e-2,0.,.1e-2,0.,0.,.1e-2,.1e-2,0.,0.,.1e-2,.1e-2,.1e-2,.1e-2,.1e-2,.1e\
-2,.1e-2,.1e-2,.1e-2,.1e-2,.1e-2,.1e-2,.1e-2,.1e-2,.1e-2,.2e-2,.1e-2,.1e-2,.1e-\
2,.1e-2,.1e-2,.1e-2,.1e-2,.1e-2,0.,.2e-2,.2e-2,.1e-2,0.,.1e-2,0.,.1e-2,.1e-2,.1\
e-2,.1e-2,.2e-2,.1e-2,.1e-2,.1e-2,.1e-2,.1e-2,.1e-2,.1e-2,.1e-2,.1e-2,.1e-2,0.,
.1e-2,0.,.1e-2,0.,.1e-2,.1e-2,0.,0.,.2e-2,.1e-2,.1e-2,.1e-2,.1e-2,.2e-2,.1e-2,.\
1e-2,0.,.1e-2,.1e-2,.1e-2,.1e-2,0.,.1e-2,.1e-2,.1e-2,.1e-2,0.,.1e-2,.1e-2,.1e-2
,.1e-2,0.,.2e-2,.1e-2,.1e-2,.1e-2,.1e-2,.1e-2,.1e-2,0.,.1e-2,.1e-2,.1e-2,0.,0.,
.1e-2,.1e-2,.1e-2,0.,.1e-2,.1e-2,.2e-2,.1e-2,.1e-2,.1e-2,.2e-2,.2e-2,0.,.2e-2,.\
1e-2,.1e-2,.1e-2,.1e-2,.1e-2,0.,.1e-2,0.,.2e-2,.1e-2,.1e-2,.1e-2,.1e-2,.1e-2,.1\
e-2,.1e-2,.1e-2,0.,0.,0.,0.,.1e-2,0.,.1e-2,0.,.1e-2,.1e-2,.1e-2,.1e-2,.1e-2,.1e\
-2,0.,0.,.1e-2,.1e-2,0.,.1e-2,.1e-2,.1e-2,.1e-2,0.,0.,.1e-2,.1e-2,0.,.1e-2,.1e-\
2,.1e-2,.1e-2,.1e-2,.1e-2,0.,.1e-2,.1e-2,.1e-2,0.,.1e-2,0.,.1e-2,.1e-2,0.,.1e-2
,.1e-2,0.,.1e-2,0.,.1e-2,0.,.1e-2,0.,.1e-2,.1e-2,.1e-2,.1e-2,0.,.1e-2,0.,.1e-2,
.1e-2,0.,.1e-2,.1e-2,.1e-2,.1e-2,.1e-2,.1e-2,.1e-2,.1e-2,.1e-2,0.,.1e-2,.1e-2,.\
1e-2,0.,.1e-2,.1e-2,0.,.1e-2,.1e-2,.1e-2,.1e-2]]);
