TIMES1 := Matrix(5, 2000, [[.5e-2,.4e-2,.3e-2,.4e-2,.4e-2,.4e-2,.4e-2,.5e-2,.4e\
-2,.4e-2,.3e-2,.5e-2,.5e-2,.49e-1,.5e-2,.7e-2,.5e-2,.4e-2,.4e-2,.3e-2,.4e-2,.7e\
-2,.3e-2,.3e-2,.3e-2,.4e-2,.4e-2,.4e-2,.4e-2,.4e-2,.3e-2,.6e-2,.5e-2,.3e-2,.4e-\
2,.4e-2,.3e-2,.4e-2,.4e-2,.4e-2,.3e-2,.4e-2,.5e-2,.5e-2,.4e-2,.4e-2,.3e-2,.3e-2
,.3e-2,.4e-2,.4e-2,.3e-2,.4e-2,.4e-2,.5e-2,.3e-2,.3e-2,.3e-2,.3e-2,.4e-2,.4e-2,
.4e-2,.4e-2,.4e-2,.4e-2,.4e-2,.5e-2,.5e-2,.4e-2,.5e-2,.4e-2,.3e-2,.5e-2,.4e-2,.\
3e-2,.4e-2,.4e-2,.5e-2,.3e-2,.4e-2,.3e-2,.5e-2,.5e-2,.4e-2,.4e-2,.4e-2,.5e-2,.5\
e-2,.5e-2,.5e-2,.5e-2,.5e-2,.3e-2,.7e-2,.5e-2,.4e-2,.4e-2,.5e-2,.3e-2,.4e-2,.4e\
-2,.4e-2,.4e-2,.6e-2,.5e-2,.4e-2,.3e-2,.4e-2,.4e-2,.4e-2,.3e-2,.4e-2,.3e-2,.6e-\
2,.5e-2,.4e-2,.4e-2,.3e-2,.3e-2,.3e-2,.5e-2,.4e-2,.54e-1,.4e-2,.5e-2,.5e-2,.4e-\
2,.5e-2,.5e-2,.4e-2,.5e-2,.4e-2,.4e-2,.4e-2,.4e-2,.3e-2,.4e-2,.4e-2,.3e-2,.4e-2
,.3e-2,.3e-2,.5e-2,.4e-2,.4e-2,.5e-2,.6e-2,.3e-2,.4e-2,.4e-2,.5e-2,.4e-2,.4e-2,
.4e-2,.5e-2,.6e-2,.7e-2,.5e-2,.7e-2,.7e-2,.6e-2,.10e-1,.7e-2,.8e-2,.9e-2,.6e-2,
.7e-2,.6e-2,.5e-2,.7e-2,.3e-2,.4e-2,.4e-2,.3e-2,.4e-2,.4e-2,.4e-2,.4e-2,.3e-2,.\
6e-2,.3e-2,.5e-2,.3e-2,.4e-2,.3e-2,.3e-2,.4e-2,.3e-2,.4e-2,.3e-2,.4e-2,.3e-2,.5\
e-2,.4e-2,.4e-2,.3e-2,.3e-2,.4e-2,.4e-2,.5e-2,.3e-2,.4e-2,.3e-2,.5e-2,.6e-2,.3e\
-2,.5e-2,.4e-2,.6e-2,.7e-2,.8e-2,.8e-2,.8e-2,.7e-2,.6e-2,.4e-2,.3e-2,.4e-2,.4e-\
2,.4e-2,.3e-2,.3e-2,.5e-2,.4e-2,.5e-2,.7e-2,.3e-2,.3e-2,.4e-2,.5e-2,.59e-1,.5e-\
2,.7e-2,.4e-2,.5e-2,.4e-2,.4e-2,.4e-2,.4e-2,.4e-2,.4e-2,.3e-2,.5e-2,.5e-2,.5e-2
,.5e-2,.4e-2,.5e-2,.3e-2,.3e-2,.3e-2,.4e-2,.4e-2,.4e-2,.4e-2,.3e-2,.3e-2,.3e-2,
.3e-2,.3e-2,.3e-2,.4e-2,.6e-2,.4e-2,.4e-2,.5e-2,.3e-2,.4e-2,.3e-2,.6e-2,.5e-2,.\
6e-2,.6e-2,.7e-2,.6e-2,.4e-2,.5e-2,.5e-2,.6e-2,.5e-2,.7e-2,.6e-2,.7e-2,.5e-2,.5\
e-2,.4e-2,.5e-2,.4e-2,.5e-2,.5e-2,.6e-2,.7e-2,.9e-2,.5e-2,.8e-2,.9e-2,.8e-2,.8e\
-2,.7e-2,.4e-2,.5e-2,.4e-2,.5e-2,.3e-2,.6e-2,.4e-2,.7e-2,.7e-2,.4e-2,.5e-2,.4e-\
2,.9e-2,.6e-2,.9e-2,.4e-2,.4e-2,.3e-2,.4e-2,.4e-2,.3e-2,.4e-2,.4e-2,.4e-2,.5e-2
,.4e-2,.4e-2,.6e-2,.4e-2,.3e-2,.3e-2,.4e-2,.3e-2,.3e-2,.3e-2,.4e-2,.3e-2,.4e-2,
.5e-2,.4e-2,.5e-2,.3e-2,.4e-2,.4e-2,.3e-2,.5e-2,.3e-2,.3e-2,.4e-2,.5e-2,.5e-2,.\
5e-2,.4e-2,.6e-2,.5e-2,.3e-2,.5e-2,.5e-2,.4e-2,.4e-2,.3e-2,.4e-2,.3e-2,.3e-2,.4\
e-2,.3e-2,.4e-2,.6e-2,.4e-2,.3e-2,.4e-2,.4e-2,.4e-2,.4e-2,.4e-2,.5e-2,.3e-2,.5e\
-2,.6e-2,.4e-2,.4e-2,.4e-2,.3e-2,.4e-2,.3e-2,.3e-2,.3e-2,.4e-2,.6e-2,.4e-2,.4e-\
2,.5e-2,.5e-2,.3e-2,.4e-2,.4e-2,.3e-2,.3e-2,.4e-2,.4e-2,.3e-2,.3e-2,.4e-2,.5e-2
,.3e-2,.4e-2,.6e-2,.4e-2,.4e-2,.4e-2,.4e-2,.3e-2,.3e-2,.5e-2,.4e-2,.4e-2,.4e-2,
.6e-2,.4e-2,.3e-2,.4e-2,.4e-2,.3e-2,.5e-2,.4e-2,.4e-2,.5e-2,.3e-2,.4e-2,.3e-2,.\
4e-2,.3e-2,.4e-2,.4e-2,.5e-2,.4e-2,.3e-2,.4e-2,.3e-2,.5e-2,.5e-2,.4e-2,.4e-2,.3\
e-2,.53e-1,.5e-2,.5e-2,.5e-2,.4e-2,.3e-2,.4e-2,.3e-2,.3e-2,.4e-2,.4e-2,.4e-2,.5\
e-2,.6e-2,.5e-2,.3e-2,.5e-2,.3e-2,.4e-2,.7e-2,.5e-2,.4e-2,.5e-2,.3e-2,.3e-2,.4e\
-2,.4e-2,.3e-2,.4e-2,.4e-2,.4e-2,.4e-2,.3e-2,.5e-2,.4e-2,.4e-2,.4e-2,.7e-2,.4e-\
2,.5e-2,.7e-2,.4e-2,.8e-2,.6e-2,.4e-2,.6e-2,.5e-2,.4e-2,.4e-2,.3e-2,.3e-2,.5e-2
,.5e-2,.4e-2,.5e-2,.4e-2,.5e-2,.4e-2,.4e-2,.4e-2,.3e-2,.4e-2,.4e-2,.4e-2,.6e-2,
.4e-2,.5e-2,.5e-2,.6e-2,.4e-2,.6e-2,.4e-2,.4e-2,.5e-2,.5e-2,.3e-2,.3e-2,.4e-2,.\
3e-2,.3e-2,.4e-2,.4e-2,.3e-2,.3e-2,.4e-2,.3e-2,.4e-2,.3e-2,.4e-2,.4e-2,.3e-2,.7\
e-2,.4e-2,.4e-2,.4e-2,.6e-2,.5e-2,.4e-2,.6e-2,.6e-2,.4e-2,.3e-2,.6e-2,.4e-2,.4e\
-2,.4e-2,.4e-2,.59e-1,.6e-2,.5e-2,.3e-2,.5e-2,.5e-2,.4e-2,.4e-2,.4e-2,.4e-2,.3e\
-2,.3e-2,.4e-2,.4e-2,.3e-2,.5e-2,.5e-2,.3e-2,.3e-2,.3e-2,.4e-2,.3e-2,.3e-2,.3e-\
2,.4e-2,.4e-2,.4e-2,.5e-2,.7e-2,.4e-2,.4e-2,.3e-2,.3e-2,.5e-2,.5e-2,.3e-2,.4e-2
,.4e-2,.3e-2,.3e-2,.4e-2,.5e-2,.4e-2,.4e-2,.5e-2,.5e-2,.4e-2,.4e-2,.4e-2,.4e-2,
.4e-2,.7e-2,.3e-2,.6e-2,.9e-2,.6e-2,.7e-2,.9e-2,.4e-2,.3e-2,.5e-2,.3e-2,.4e-2,.\
7e-2,.4e-2,.4e-2,.3e-2,.5e-2,.4e-2,.4e-2,.4e-2,.3e-2,.6e-2,.6e-2,.4e-2,.4e-2,.4\
e-2,.5e-2,.3e-2,.5e-2,.4e-2,.4e-2,.6e-2,.5e-2,.6e-2,.6e-2,.4e-2,.5e-2,.5e-2,.3e\
-2,.4e-2,.5e-2,.4e-2,.5e-2,.4e-2,.4e-2,.5e-2,.3e-2,.4e-2,.4e-2,.4e-2,.4e-2,.4e-\
2,.4e-2,.4e-2,.4e-2,.6e-2,.4e-2,.5e-2,.6e-2,.5e-2,.3e-2,.5e-2,.5e-2,.3e-2,.3e-2
,.4e-2,.4e-2,.3e-2,.4e-2,.4e-2,.4e-2,.3e-2,.5e-2,.5e-2,.4e-2,.4e-2,.3e-2,.4e-2,
.4e-2,.4e-2,.4e-2,.4e-2,.3e-2,.3e-2,.5e-2,.5e-2,.5e-2,.5e-2,.3e-2,.6e-2,.6e-2,.\
4e-2,.3e-2,.4e-2,.4e-2,.3e-2,.4e-2,.5e-2,.4e-2,.3e-2,.3e-2,.4e-2,.4e-2,.4e-2,.4\
e-2,.3e-2,.3e-2,.6e-2,.4e-2,.3e-2,.5e-2,.5e-2,.3e-2,.4e-2,.5e-2,.4e-2,.4e-2,.3e\
-2,.5e-2,.5e-2,.6e-2,.4e-2,.5e-2,.5e-2,.4e-2,.4e-2,.4e-2,.4e-2,.4e-2,.3e-2,.5e-\
2,.4e-2,.5e-2,.5e-2,.4e-2,.4e-2,.6e-2,.5e-2,.3e-2,.5e-2,.4e-2,.5e-2,.3e-2,.5e-2
,.4e-2,.4e-2,.3e-2,.5e-2,.4e-2,.5e-2,.5e-2,.4e-2,.4e-2,.3e-2,.4e-2,.4e-2,.3e-2,
.3e-2,.4e-2,.3e-2,.4e-2,.3e-2,.4e-2,.3e-2,.59e-1,.4e-2,.5e-2,.4e-2,.4e-2,.4e-2,
.3e-2,.4e-2,.4e-2,.4e-2,.3e-2,.3e-2,.4e-2,.4e-2,.3e-2,.4e-2,.4e-2,.4e-2,.5e-2,.\
3e-2,.3e-2,.3e-2,.3e-2,.4e-2,.3e-2,.3e-2,.4e-2,.3e-2,.4e-2,.5e-2,.4e-2,.3e-2,.3\
e-2,.4e-2,.3e-2,.4e-2,.4e-2,.3e-2,.4e-2,.4e-2,.4e-2,.3e-2,.4e-2,.4e-2,.3e-2,.3e\
-2,.4e-2,.3e-2,.3e-2,.3e-2,.4e-2,.4e-2,.4e-2,.4e-2,.5e-2,.4e-2,.3e-2,.6e-2,.3e-\
2,.4e-2,.4e-2,.5e-2,.4e-2,.4e-2,.4e-2,.4e-2,.5e-2,.5e-2,.3e-2,.4e-2,.3e-2,.4e-2
,.4e-2,.4e-2,.5e-2,.3e-2,.4e-2,.5e-2,.3e-2,.4e-2,.4e-2,.4e-2,.5e-2,.5e-2,.4e-2,
.4e-2,.5e-2,.5e-2,.4e-2,.3e-2,.5e-2,.3e-2,.4e-2,.5e-2,.4e-2,.3e-2,.4e-2,.5e-2,.\
4e-2,.4e-2,.4e-2,.4e-2,.4e-2,.7e-2,.3e-2,.4e-2,.3e-2,.55e-1,.7e-2,.4e-2,.4e-2,.\
4e-2,.6e-2,.4e-2,.5e-2,.5e-2,.4e-2,.4e-2,.4e-2,.3e-2,.4e-2,.4e-2,.4e-2,.4e-2,.4\
e-2,.4e-2,.3e-2,.4e-2,.4e-2,.5e-2,.3e-2,.4e-2,.4e-2,.3e-2,.4e-2,.3e-2,.4e-2,.4e\
-2,.4e-2,.4e-2,.4e-2,.6e-2,.5e-2,.3e-2,.4e-2,.3e-2,.4e-2,.5e-2,.4e-2,.4e-2,.3e-\
2,.5e-2,.4e-2,.3e-2,.4e-2,.3e-2,.4e-2,.3e-2,.5e-2,.6e-2,.4e-2,.4e-2,.3e-2,.4e-2
,.6e-2,.4e-2,.3e-2,.3e-2,.5e-2,.4e-2,.3e-2,.5e-2,.4e-2,.6e-2,.5e-2,.3e-2,.4e-2,
.4e-2,.3e-2,.4e-2,.4e-2,.4e-2,.4e-2,.8e-2,.4e-2,.4e-2,.3e-2,.4e-2,.4e-2,.4e-2,.\
4e-2,.4e-2,.4e-2,.5e-2,.4e-2,.5e-2,.5e-2,.4e-2,.4e-2,.4e-2,.4e-2,.4e-2,.6e-2,.5\
e-2,.6e-2,.4e-2,.5e-2,.5e-2,.4e-2,.4e-2,.4e-2,.5e-2,.4e-2,.4e-2,.59e-1,.5e-2,.6\
e-2,.3e-2,.6e-2,.6e-2,.3e-2,.4e-2,.4e-2,.3e-2,.4e-2,.3e-2,.4e-2,.4e-2,.4e-2,.4e\
-2,.3e-2,.6e-2,.6e-2,.3e-2,.4e-2,.4e-2,.4e-2,.3e-2,.4e-2,.3e-2,.4e-2,.4e-2,.4e-\
2,.4e-2,.3e-2,.6e-2,.5e-2,.4e-2,.3e-2,.4e-2,.5e-2,.3e-2,.3e-2,.5e-2,.4e-2,.5e-2
,.5e-2,.3e-2,.4e-2,.4e-2,.3e-2,.5e-2,.5e-2,.4e-2,.3e-2,.4e-2,.5e-2,.3e-2,.4e-2,
.5e-2,.4e-2,.3e-2,.4e-2,.5e-2,.3e-2,.4e-2,.5e-2,.4e-2,.4e-2,.4e-2,.3e-2,.4e-2,.\
4e-2,.5e-2,.4e-2,.4e-2,.7e-2,.4e-2,.4e-2,.3e-2,.4e-2,.3e-2,.4e-2,.3e-2,.4e-2,.4\
e-2,.4e-2,.5e-2,.4e-2,.5e-2,.6e-2,.10e-1,.7e-2,.7e-2,.7e-2,.4e-2,.5e-2,.6e-2,.3\
e-2,.4e-2,.4e-2,.3e-2,.4e-2,.3e-2,.4e-2,.3e-2,.4e-2,.4e-2,.3e-2,.4e-2,.3e-2,.61\
e-1,.5e-2,.8e-2,.6e-2,.3e-2,.4e-2,.4e-2,.3e-2,.4e-2,.4e-2,.4e-2,.4e-2,.4e-2,.4e\
-2,.4e-2,.5e-2,.3e-2,.3e-2,.3e-2,.4e-2,.4e-2,.3e-2,.4e-2,.4e-2,.4e-2,.4e-2,.4e-\
2,.3e-2,.3e-2,.3e-2,.4e-2,.4e-2,.4e-2,.3e-2,.5e-2,.3e-2,.5e-2,.6e-2,.5e-2,.4e-2
,.5e-2,.4e-2,.5e-2,.4e-2,.4e-2,.3e-2,.3e-2,.3e-2,.4e-2,.3e-2,.4e-2,.4e-2,.6e-2,
.5e-2,.4e-2,.5e-2,.4e-2,.5e-2,.4e-2,.4e-2,.3e-2,.4e-2,.4e-2,.4e-2,.3e-2,.4e-2,.\
3e-2,.4e-2,.4e-2,.4e-2,.5e-2,.5e-2,.3e-2,.5e-2,.3e-2,.4e-2,.3e-2,.4e-2,.3e-2,.4\
e-2,.5e-2,.4e-2,.4e-2,.4e-2,.4e-2,.4e-2,.3e-2,.3e-2,.3e-2,.4e-2,.4e-2,.4e-2,.3e\
-2,.3e-2,.4e-2,.4e-2,.4e-2,.5e-2,.4e-2,.4e-2,.3e-2,.5e-2,.3e-2,.4e-2,.3e-2,.4e-\
2,.57e-1,.6e-2,.4e-2,.4e-2,.4e-2,.4e-2,.4e-2,.5e-2,.4e-2,.5e-2,.8e-2,.13e-1,.5e\
-2,.6e-2,.4e-2,.3e-2,.4e-2,.3e-2,.3e-2,.4e-2,.4e-2,.4e-2,.3e-2,.4e-2,.3e-2,.4e-\
2,.3e-2,.4e-2,.4e-2,.5e-2,.4e-2,.4e-2,.4e-2,.3e-2,.3e-2,.4e-2,.4e-2,.3e-2,.5e-2
,.5e-2,.4e-2,.4e-2,.4e-2,.3e-2,.3e-2,.4e-2,.5e-2,.6e-2,.5e-2,.4e-2,.5e-2,.5e-2,
.4e-2,.4e-2,.5e-2,.7e-2,.4e-2,.6e-2,.4e-2,.4e-2,.4e-2,.3e-2,.4e-2,.4e-2,.4e-2,.\
5e-2,.4e-2,.3e-2,.6e-2,.4e-2,.4e-2,.4e-2,.4e-2,.4e-2,.4e-2,.4e-2,.3e-2,.4e-2,.4\
e-2,.4e-2,.3e-2,.4e-2,.5e-2,.4e-2,.4e-2,.4e-2,.5e-2,.4e-2,.3e-2,.4e-2,.4e-2,.5e\
-2,.3e-2,.5e-2,.5e-2,.3e-2,.5e-2,.4e-2,.6e-2,.4e-2,.4e-2,.3e-2,.5e-2,.3e-2,.4e-\
2,.5e-2,.55e-1,.6e-2,.3e-2,.4e-2,.4e-2,.5e-2,.4e-2,.4e-2,.3e-2,.4e-2,.4e-2,.4e-\
2,.5e-2,.3e-2,.5e-2,.3e-2,.4e-2,.4e-2,.5e-2,.5e-2,.3e-2,.4e-2,.4e-2,.4e-2,.7e-2
,.4e-2,.3e-2,.5e-2,.4e-2,.6e-2,.6e-2,.4e-2,.4e-2,.4e-2,.3e-2,.3e-2,.5e-2,.4e-2,
.5e-2,.5e-2,.4e-2,.4e-2,.4e-2,.3e-2,.4e-2,.4e-2,.5e-2,.4e-2,.4e-2,.5e-2,.3e-2,.\
6e-2,.4e-2,.4e-2,.4e-2,.4e-2,.4e-2,.5e-2,.4e-2,.5e-2,.3e-2,.4e-2,.4e-2,.3e-2,.6\
e-2,.4e-2,.4e-2,.3e-2,.5e-2,.5e-2,.5e-2,.6e-2,.4e-2,.3e-2,.4e-2,.3e-2,.3e-2,.3e\
-2,.4e-2,.4e-2,.4e-2,.4e-2,.3e-2,.4e-2,.5e-2,.5e-2,.4e-2,.3e-2,.4e-2,.4e-2,.4e-\
2,.4e-2,.4e-2,.4e-2,.8e-2,.6e-2,.9e-2,.9e-2,.6e-2,.9e-2,.8e-2,.5e-2,.6e-2,.6e-2
,.9e-2,.7e-2,.90e-1,.5e-2,.4e-2,.5e-2,.5e-2,.4e-2,.5e-2,.7e-2,.5e-2,.5e-2,.6e-2
,.6e-2,.6e-2,.6e-2,.6e-2,.4e-2,.5e-2,.6e-2,.6e-2,.6e-2,.4e-2,.5e-2,.5e-2,.5e-2,
.6e-2,.5e-2,.5e-2,.4e-2,.5e-2,.6e-2,.4e-2,.8e-2,.6e-2,.6e-2,.5e-2,.5e-2,.4e-2,.\
6e-2,.5e-2,.5e-2,.5e-2,.3e-2,.6e-2,.6e-2,.4e-2,.7e-2,.5e-2,.5e-2,.5e-2,.5e-2,.5\
e-2,.6e-2,.5e-2,.5e-2,.6e-2,.6e-2,.6e-2,.6e-2,.6e-2,.5e-2,.5e-2,.5e-2,.6e-2,.5e\
-2,.6e-2,.5e-2,.7e-2,.5e-2,.6e-2,.6e-2,.5e-2,.6e-2,.5e-2,.7e-2,.5e-2,.6e-2,.5e-\
2,.5e-2,.5e-2,.6e-2,.6e-2,.5e-2,.6e-2,.5e-2,.4e-2,.5e-2,.5e-2,.6e-2,.6e-2,.5e-2
,.5e-2,.5e-2,.5e-2,.5e-2,.6e-2,.6e-2,.5e-2,.5e-2,.5e-2,.6e-2,.6e-2,.5e-2,.6e-2,
.6e-2,.5e-2,.5e-2,.89e-1,.6e-2,.3e-2,.5e-2,.5e-2,.6e-2,.7e-2,.6e-2,.6e-2,.5e-2,
.5e-2,.5e-2,.6e-2,.5e-2,.5e-2,.4e-2,.6e-2,.5e-2,.5e-2,.5e-2,.5e-2,.4e-2,.5e-2,.\
4e-2,.4e-2,.4e-2,.4e-2,.5e-2,.5e-2,.4e-2,.4e-2,.5e-2,.4e-2,.5e-2,.5e-2,.4e-2,.4\
e-2,.6e-2,.3e-2,.4e-2,.6e-2,.4e-2,.6e-2,.6e-2,.4e-2,.4e-2,.4e-2,.5e-2,.4e-2,.4e\
-2,.4e-2,.6e-2,.5e-2,.3e-2,.3e-2,.4e-2,.5e-2,.4e-2,.4e-2,.4e-2,.4e-2,.4e-2,.4e-\
2,.4e-2,.4e-2,.4e-2,.4e-2,.4e-2,.4e-2,.4e-2,.4e-2,.5e-2,.4e-2,.4e-2,.5e-2,.4e-2
,.4e-2,.6e-2,.5e-2,.4e-2,.5e-2,.5e-2,.4e-2,.5e-2,.4e-2,.6e-2,.6e-2,.4e-2,.4e-2,
.5e-2,.5e-2,.4e-2,.5e-2,.4e-2,.6e-2,.5e-2,.4e-2,.4e-2,.4e-2,.5e-2,.4e-2,.4e-2,.\
4e-2,.5e-2,.4e-2,.54e-1,.6e-2,.4e-2,.4e-2,.5e-2,.3e-2,.5e-2,.5e-2,.3e-2,.4e-2,.\
4e-2,.4e-2,.4e-2,.6e-2,.3e-2,.5e-2,.5e-2,.4e-2,.3e-2,.4e-2,.4e-2,.4e-2,.4e-2,.4\
e-2,.4e-2,.6e-2,.4e-2,.4e-2,.4e-2,.4e-2,.4e-2,.4e-2,.4e-2,.4e-2,.7e-2,.4e-2,.4e\
-2,.4e-2,.4e-2,.5e-2,.3e-2,.5e-2,.4e-2,.7e-2,.4e-2,.4e-2,.4e-2,.4e-2,.4e-2,.6e-\
2,.3e-2,.4e-2,.4e-2,.4e-2,.5e-2,.4e-2,.4e-2,.4e-2,.6e-2,.4e-2,.4e-2,.4e-2,.5e-2
,.4e-2,.4e-2,.4e-2,.4e-2,.6e-2,.4e-2,.4e-2,.4e-2,.4e-2,.4e-2,.4e-2,.4e-2,.4e-2,
.6e-2,.5e-2,.4e-2,.4e-2,.5e-2,.4e-2,.6e-2,.4e-2,.4e-2,.6e-2,.4e-2,.5e-2,.5e-2,.\
4e-2,.4e-2,.4e-2,.4e-2,.4e-2,.4e-2,.5e-2,.5e-2,.4e-2,.4e-2,.4e-2,.6e-2,.4e-2,.5\
e-2,.5e-2,.4e-2,.65e-1,.4e-2,.4e-2,.5e-2,.4e-2,.6e-2,.4e-2,.4e-2,.4e-2,.6e-2,.4\
e-2,.5e-2,.4e-2,.4e-2,.4e-2,.5e-2,.3e-2,.5e-2,.4e-2,.4e-2,.4e-2,.5e-2,.4e-2,.4e\
-2,.6e-2,.3e-2,.4e-2,.4e-2,.4e-2,.4e-2,.3e-2,.4e-2,.3e-2,.4e-2,.3e-2,.5e-2,.4e-\
2,.6e-2,.4e-2,.4e-2,.6e-2,.4e-2,.5e-2,.4e-2,.4e-2,.5e-2,.8e-2,.4e-2,.5e-2,.5e-2
,.5e-2,.5e-2,.4e-2,.4e-2,.4e-2,.4e-2,.3e-2,.4e-2,.5e-2,.5e-2,.5e-2,.5e-2,.4e-2,
.4e-2,.4e-2,.4e-2,.4e-2,.5e-2,.4e-2,.6e-2,.5e-2,.4e-2,.4e-2,.4e-2,.4e-2,.4e-2,.\
4e-2,.5e-2,.5e-2,.5e-2,.4e-2,.5e-2,.4e-2,.4e-2,.4e-2,.4e-2,.4e-2,.5e-2,.4e-2,.4\
e-2,.5e-2,.5e-2,.4e-2,.5e-2,.4e-2,.4e-2,.4e-2,.5e-2,.4e-2,.4e-2,.6e-2,.4e-2,.4e\
-2,.5e-2,.3e-2,.59e-1,.3e-2,.5e-2,.5e-2,.4e-2,.3e-2,.4e-2,.4e-2,.3e-2,.4e-2,.5e\
-2,.4e-2,.4e-2,.6e-2,.4e-2,.4e-2,.4e-2,.4e-2,.3e-2,.4e-2,.5e-2,.3e-2,.4e-2,.6e-\
2,.4e-2,.4e-2,.3e-2,.4e-2,.4e-2,.4e-2,.5e-2,.3e-2,.4e-2,.5e-2,.3e-2,.4e-2,.6e-2
,.3e-2,.4e-2,.4e-2,.4e-2,.3e-2,.4e-2,.4e-2,.4e-2,.4e-2,.5e-2,.5e-2,.3e-2,.4e-2,
.3e-2,.3e-2,.4e-2,.6e-2,.4e-2,.4e-2,.5e-2,.4e-2,.3e-2,.5e-2,.4e-2,.4e-2,.5e-2,.\
5e-2,.3e-2,.6e-2,.6e-2,.5e-2,.6e-2,.3e-2,.5e-2,.6e-2,.3e-2,.5e-2,.5e-2,.4e-2,.3\
e-2,.4e-2,.6e-2,.4e-2,.4e-2,.3e-2,.4e-2,.4e-2,.4e-2,.3e-2,.4e-2,.3e-2,.6e-2,.4e\
-2,.4e-2,.4e-2,.3e-2,.3e-2,.4e-2,.3e-2,.6e-2,.4e-2,.4e-2,.5e-2,.4e-2,.4e-2,.4e-\
2,.3e-2,.3e-2,.57e-1,.6e-2,.3e-2,.4e-2,.5e-2,.4e-2,.5e-2,.4e-2,.4e-2,.4e-2,.3e-\
2,.3e-2,.4e-2,.4e-2,.4e-2,.3e-2,.3e-2,.4e-2,.3e-2,.4e-2,.3e-2,.4e-2,.4e-2,.4e-2
,.5e-2,.4e-2,.4e-2,.3e-2,.4e-2,.3e-2,.3e-2,.4e-2,.4e-2,.4e-2,.3e-2,.4e-2,.4e-2,
.3e-2,.3e-2,.4e-2,.3e-2,.3e-2,.4e-2,.4e-2,.4e-2,.4e-2,.4e-2,.5e-2,.5e-2,.4e-2,.\
4e-2,.4e-2,.5e-2,.3e-2,.3e-2,.4e-2,.3e-2,.5e-2,.6e-2,.6e-2,.4e-2,.4e-2,.4e-2,.7\
e-2,.3e-2,.3e-2,.5e-2,.5e-2,.4e-2,.4e-2],[.4e-2,.4e-2,.3e-2,.4e-2,.4e-2,.4e-2,.\
5e-2,.6e-2,.5e-2,.3e-2,.4e-2,.4e-2,.4e-2,.4e-2,.4e-2,.5e-2,.3e-2,.5e-2,.4e-2,.5\
e-2,.4e-2,.4e-2,.4e-2,.3e-2,.3e-2,.4e-2,.4e-2,.3e-2,.3e-2,.3e-2,.4e-2,.4e-2,.4e\
-2,.4e-2,.3e-2,.5e-2,.14e-1,.4e-2,.9e-2,.5e-2,.4e-2,.6e-2,.7e-2,.5e-2,.5e-2,.4e\
-2,.5e-2,.5e-2,.5e-2,.5e-2,.3e-2,.3e-2,.4e-2,.4e-2,.3e-2,.3e-2,.4e-2,.4e-2,.6e-\
2,.5e-2,.4e-2,.4e-2,.4e-2,.5e-2,.4e-2,.5e-2,.5e-2,.8e-2,.6e-2,.3e-2,.4e-2,.4e-2
,.3e-2,.4e-2,.4e-2,.4e-2,.4e-2,.4e-2,.3e-2,.5e-2,.7e-2,.4e-2,.5e-2,.3e-2,.3e-2,
.3e-2,.4e-2,.3e-2,.4e-2,.3e-2,.4e-2,.4e-2,.4e-2,.4e-2,.4e-2,.4e-2,.5e-2,.4e-2,.\
3e-2,.3e-2,.4e-2,.5e-2,.4e-2,.3e-2,.4e-2,.5e-2,.4e-2,.5e-2,.3e-2,.3e-2,.3e-2,.4\
e-2,.3e-2,.3e-2,.4e-2,.4e-2,.5e-2,.4e-2,.4e-2,.3e-2,.4e-2,.4e-2,.4e-2,.3e-2,.3e\
-2,.4e-2,.4e-2,.4e-2,.3e-2,.5e-2,.4e-2,.4e-2,.4e-2,.3e-2,.4e-2,.4e-2,.5e-2,.4e-\
2,.4e-2,.4e-2,.5e-2,.4e-2,.3e-2,.5e-2,.53e-1,.5e-2,.5e-2,.3e-2,.3e-2,.5e-2,.5e-\
2,.3e-2,.3e-2,.3e-2,.3e-2,.4e-2,.3e-2,.3e-2,.4e-2,.4e-2,.6e-2,.5e-2,.4e-2,.3e-2
,.5e-2,.4e-2,.4e-2,.4e-2,.5e-2,.3e-2,.4e-2,.5e-2,.4e-2,.4e-2,.4e-2,.4e-2,.3e-2,
.4e-2,.4e-2,.4e-2,.3e-2,.3e-2,.4e-2,.4e-2,.4e-2,.3e-2,.4e-2,.5e-2,.5e-2,.4e-2,.\
4e-2,.4e-2,.5e-2,.4e-2,.4e-2,.3e-2,.4e-2,.4e-2,.7e-2,.5e-2,.3e-2,.7e-2,.5e-2,.4\
e-2,.4e-2,.4e-2,.5e-2,.3e-2,.5e-2,.4e-2,.4e-2,.4e-2,.4e-2,.5e-2,.5e-2,.4e-2,.4e\
-2,.4e-2,.5e-2,.4e-2,.4e-2,.4e-2,.3e-2,.3e-2,.4e-2,.5e-2,.4e-2,.4e-2,.5e-2,.4e-\
2,.4e-2,.3e-2,.4e-2,.4e-2,.3e-2,.3e-2,.4e-2,.3e-2,.3e-2,.3e-2,.4e-2,.4e-2,.4e-2
,.4e-2,.4e-2,.4e-2,.4e-2,.4e-2,.4e-2,.7e-2,.4e-2,.54e-1,.4e-2,.4e-2,.4e-2,.8e-2
,.4e-2,.4e-2,.5e-2,.4e-2,.5e-2,.3e-2,.4e-2,.4e-2,.4e-2,.4e-2,.4e-2,.3e-2,.3e-2,
.4e-2,.3e-2,.5e-2,.4e-2,.5e-2,.4e-2,.4e-2,.4e-2,.3e-2,.3e-2,.4e-2,.4e-2,.3e-2,.\
5e-2,.3e-2,.4e-2,.3e-2,.3e-2,.4e-2,.4e-2,.4e-2,.4e-2,.4e-2,.4e-2,.4e-2,.3e-2,.4\
e-2,.4e-2,.5e-2,.4e-2,.4e-2,.3e-2,.4e-2,.3e-2,.5e-2,.3e-2,.4e-2,.5e-2,.4e-2,.6e\
-2,.4e-2,.5e-2,.4e-2,.4e-2,.3e-2,.4e-2,.4e-2,.4e-2,.3e-2,.3e-2,.3e-2,.4e-2,.5e-\
2,.4e-2,.4e-2,.4e-2,.6e-2,.5e-2,.3e-2,.4e-2,.3e-2,.3e-2,.4e-2,.3e-2,.4e-2,.3e-2
,.5e-2,.4e-2,.3e-2,.3e-2,.4e-2,.4e-2,.3e-2,.3e-2,.4e-2,.5e-2,.3e-2,.3e-2,.4e-2,
.4e-2,.4e-2,.4e-2,.5e-2,.3e-2,.4e-2,.4e-2,.4e-2,.3e-2,.4e-2,.59e-1,.7e-2,.6e-2,
.3e-2,.5e-2,.5e-2,.4e-2,.4e-2,.3e-2,.4e-2,.4e-2,.4e-2,.4e-2,.4e-2,.6e-2,.5e-2,.\
4e-2,.4e-2,.4e-2,.3e-2,.4e-2,.3e-2,.5e-2,.4e-2,.4e-2,.5e-2,.4e-2,.3e-2,.4e-2,.4\
e-2,.3e-2,.4e-2,.4e-2,.4e-2,.4e-2,.3e-2,.4e-2,.4e-2,.4e-2,.3e-2,.5e-2,.4e-2,.5e\
-2,.5e-2,.4e-2,.4e-2,.4e-2,.4e-2,.5e-2,.5e-2,.4e-2,.7e-2,.3e-2,.4e-2,.4e-2,.4e-\
2,.3e-2,.4e-2,.4e-2,.6e-2,.3e-2,.6e-2,.4e-2,.5e-2,.5e-2,.4e-2,.3e-2,.5e-2,.4e-2
,.4e-2,.6e-2,.4e-2,.6e-2,.6e-2,.3e-2,.4e-2,.4e-2,.5e-2,.7e-2,.4e-2,.6e-2,.4e-2,
.4e-2,.3e-2,.4e-2,.4e-2,.4e-2,.4e-2,.4e-2,.4e-2,.5e-2,.3e-2,.4e-2,.4e-2,.7e-2,.\
4e-2,.5e-2,.4e-2,.5e-2,.5e-2,.4e-2,.3e-2,.3e-2,.5e-2,.5e-2,.4e-2,.51e-1,.4e-2,.\
5e-2,.4e-2,.3e-2,.5e-2,.3e-2,.4e-2,.6e-2,.4e-2,.3e-2,.3e-2,.4e-2,.4e-2,.4e-2,.3\
e-2,.4e-2,.4e-2,.5e-2,.5e-2,.4e-2,.4e-2,.5e-2,.5e-2,.5e-2,.5e-2,.4e-2,.4e-2,.5e\
-2,.4e-2,.3e-2,.4e-2,.4e-2,.3e-2,.4e-2,.5e-2,.4e-2,.5e-2,.5e-2,.4e-2,.3e-2,.3e-\
2,.4e-2,.3e-2,.4e-2,.4e-2,.5e-2,.4e-2,.3e-2,.5e-2,.6e-2,.3e-2,.4e-2,.4e-2,.5e-2
,.3e-2,.5e-2,.4e-2,.4e-2,.4e-2,.4e-2,.4e-2,.4e-2,.3e-2,.5e-2,.4e-2,.4e-2,.4e-2,
.3e-2,.4e-2,.5e-2,.4e-2,.3e-2,.4e-2,.5e-2,.5e-2,.5e-2,.3e-2,.4e-2,.5e-2,.6e-2,.\
6e-2,.4e-2,.6e-2,.5e-2,.4e-2,.3e-2,.3e-2,.4e-2,.3e-2,.3e-2,.4e-2,.3e-2,.4e-2,.4\
e-2,.4e-2,.5e-2,.3e-2,.4e-2,.4e-2,.5e-2,.6e-2,.3e-2,.4e-2,.4e-2,.6e-2,.68e-1,.4\
e-2,.5e-2,.4e-2,.4e-2,.6e-2,.5e-2,.4e-2,.4e-2,.4e-2,.3e-2,.4e-2,.3e-2,.6e-2,.4e\
-2,.4e-2,.5e-2,.3e-2,.3e-2,.3e-2,.4e-2,.4e-2,.4e-2,.4e-2,.3e-2,.4e-2,.3e-2,.4e-\
2,.3e-2,.4e-2,.5e-2,.5e-2,.4e-2,.4e-2,.4e-2,.3e-2,.3e-2,.4e-2,.3e-2,.4e-2,.3e-2
,.4e-2,.4e-2,.4e-2,.5e-2,.5e-2,.3e-2,.3e-2,.4e-2,.4e-2,.4e-2,.4e-2,.5e-2,.4e-2,
.4e-2,.6e-2,.6e-2,.4e-2,.7e-2,.4e-2,.4e-2,.4e-2,.4e-2,.3e-2,.5e-2,.5e-2,.4e-2,.\
5e-2,.5e-2,.4e-2,.6e-2,.6e-2,.4e-2,.3e-2,.5e-2,.4e-2,.5e-2,.8e-2,.4e-2,.3e-2,.5\
e-2,.3e-2,.6e-2,.3e-2,.4e-2,.4e-2,.4e-2,.4e-2,.4e-2,.4e-2,.4e-2,.4e-2,.4e-2,.4e\
-2,.3e-2,.4e-2,.5e-2,.4e-2,.4e-2,.4e-2,.3e-2,.4e-2,.3e-2,.4e-2,.3e-2,.4e-2,.5e-\
2,.5e-2,.63e-1,.4e-2,.5e-2,.5e-2,.4e-2,.4e-2,.5e-2,.3e-2,.3e-2,.3e-2,.4e-2,.4e-\
2,.4e-2,.3e-2,.4e-2,.5e-2,.4e-2,.5e-2,.3e-2,.3e-2,.4e-2,.3e-2,.4e-2,.3e-2,.3e-2
,.4e-2,.3e-2,.4e-2,.4e-2,.5e-2,.3e-2,.3e-2,.4e-2,.4e-2,.4e-2,.4e-2,.4e-2,.3e-2,
.3e-2,.4e-2,.3e-2,.4e-2,.3e-2,.3e-2,.3e-2,.3e-2,.7e-2,.6e-2,.6e-2,.6e-2,.7e-2,.\
5e-2,.3e-2,.4e-2,.5e-2,.4e-2,.4e-2,.3e-2,.4e-2,.4e-2,.5e-2,.3e-2,.4e-2,.5e-2,.5\
e-2,.3e-2,.4e-2,.3e-2,.4e-2,.4e-2,.3e-2,.3e-2,.4e-2,.4e-2,.4e-2,.3e-2,.4e-2,.4e\
-2,.3e-2,.4e-2,.3e-2,.4e-2,.4e-2,.4e-2,.4e-2,.4e-2,.5e-2,.5e-2,.8e-2,.8e-2,.5e-\
2,.3e-2,.4e-2,.4e-2,.5e-2,.3e-2,.3e-2,.4e-2,.6e-2,.8e-2,.3e-2,.4e-2,.4e-2,.4e-2
,.3e-2,.3e-2,.4e-2,.55e-1,.4e-2,.5e-2,.3e-2,.4e-2,.3e-2,.4e-2,.3e-2,.3e-2,.4e-2
,.4e-2,.4e-2,.5e-2,.5e-2,.4e-2,.4e-2,.4e-2,.3e-2,.4e-2,.3e-2,.3e-2,.4e-2,.4e-2,
.5e-2,.5e-2,.3e-2,.3e-2,.3e-2,.4e-2,.4e-2,.4e-2,.4e-2,.3e-2,.3e-2,.5e-2,.4e-2,.\
4e-2,.4e-2,.3e-2,.4e-2,.6e-2,.5e-2,.3e-2,.5e-2,.5e-2,.4e-2,.4e-2,.3e-2,.4e-2,.3\
e-2,.4e-2,.6e-2,.3e-2,.3e-2,.6e-2,.3e-2,.5e-2,.6e-2,.3e-2,.3e-2,.4e-2,.3e-2,.4e\
-2,.5e-2,.5e-2,.4e-2,.4e-2,.4e-2,.4e-2,.6e-2,.5e-2,.4e-2,.4e-2,.3e-2,.4e-2,.3e-\
2,.4e-2,.5e-2,.5e-2,.4e-2,.5e-2,.3e-2,.4e-2,.4e-2,.3e-2,.4e-2,.3e-2,.5e-2,.4e-2
,.5e-2,.4e-2,.5e-2,.4e-2,.3e-2,.4e-2,.4e-2,.5e-2,.4e-2,.6e-2,.5e-2,.3e-2,.3e-2,
.4e-2,.3e-2,.4e-2,.4e-2,.6e-2,.3e-2,.5e-2,.5e-2,.4e-2,.5e-2,.4e-2,.4e-2,.3e-2,.\
4e-2,.3e-2,.4e-2,.4e-2,.5e-2,.3e-2,.3e-2,.3e-2,.4e-2,.3e-2,.4e-2,.5e-2,.4e-2,.6\
e-2,.4e-2,.4e-2,.3e-2,.4e-2,.6e-2,.5e-2,.4e-2,.6e-2,.5e-2,.6e-2,.3e-2,.6e-2,.5e\
-2,.3e-2,.4e-2,.4e-2,.5e-2,.4e-2,.3e-2,.4e-2,.3e-2,.6e-2,.5e-2,.3e-2,.4e-2,.3e-\
2,.4e-2,.4e-2,.4e-2,.4e-2,.4e-2,.5e-2,.5e-2,.4e-2,.5e-2,.4e-2,.4e-2,.3e-2,.3e-2
,.4e-2,.4e-2,.4e-2,.5e-2,.3e-2,.4e-2,.3e-2,.5e-2,.4e-2,.4e-2,.5e-2,.3e-2,.4e-2,
.4e-2,.4e-2,.4e-2,.4e-2,.4e-2,.3e-2,.4e-2,.5e-2,.5e-2,.4e-2,.3e-2,.4e-2,.3e-2,.\
4e-2,.3e-2,.4e-2,.4e-2,.5e-2,.5e-2,.4e-2,.4e-2,.4e-2,.4e-2,.8e-2,.5e-2,.3e-2,.3\
e-2,.4e-2,.3e-2,.4e-2,.3e-2,.4e-2,.4e-2,.4e-2,.59e-1,.4e-2,.4e-2,.5e-2,.4e-2,.3\
e-2,.5e-2,.4e-2,.3e-2,.6e-2,.4e-2,.3e-2,.5e-2,.4e-2,.4e-2,.4e-2,.3e-2,.3e-2,.3e\
-2,.4e-2,.3e-2,.3e-2,.4e-2,.7e-2,.4e-2,.4e-2,.4e-2,.3e-2,.4e-2,.4e-2,.4e-2,.5e-\
2,.3e-2,.4e-2,.5e-2,.4e-2,.7e-2,.4e-2,.5e-2,.5e-2,.4e-2,.4e-2,.4e-2,.4e-2,.4e-2
,.3e-2,.4e-2,.3e-2,.5e-2,.4e-2,.3e-2,.4e-2,.4e-2,.5e-2,.4e-2,.4e-2,.4e-2,.4e-2,
.5e-2,.5e-2,.4e-2,.4e-2,.3e-2,.4e-2,.3e-2,.4e-2,.5e-2,.5e-2,.4e-2,.5e-2,.3e-2,.\
6e-2,.4e-2,.4e-2,.4e-2,.4e-2,.4e-2,.6e-2,.5e-2,.5e-2,.4e-2,.4e-2,.4e-2,.4e-2,.3\
e-2,.4e-2,.4e-2,.3e-2,.4e-2,.4e-2,.4e-2,.4e-2,.4e-2,.3e-2,.6e-2,.5e-2,.3e-2,.4e\
-2,.4e-2,.4e-2,.3e-2,.3e-2,.4e-2,.5e-2,.4e-2,.5e-2,.51e-1,.6e-2,.4e-2,.3e-2,.5e\
-2,.4e-2,.4e-2,.5e-2,.6e-2,.4e-2,.5e-2,.6e-2,.3e-2,.5e-2,.4e-2,.4e-2,.3e-2,.4e-\
2,.4e-2,.4e-2,.3e-2,.3e-2,.4e-2,.4e-2,.4e-2,.7e-2,.3e-2,.3e-2,.6e-2,.4e-2,.4e-2
,.3e-2,.3e-2,.4e-2,.3e-2,.8e-2,.6e-2,.6e-2,.3e-2,.4e-2,.4e-2,.3e-2,.5e-2,.4e-2,
.5e-2,.4e-2,.5e-2,.5e-2,.3e-2,.5e-2,.4e-2,.4e-2,.5e-2,.5e-2,.6e-2,.5e-2,.6e-2,.\
4e-2,.7e-2,.4e-2,.4e-2,.6e-2,.5e-2,.3e-2,.5e-2,.5e-2,.4e-2,.4e-2,.6e-2,.4e-2,.4\
e-2,.3e-2,.3e-2,.4e-2,.3e-2,.4e-2,.4e-2,.4e-2,.5e-2,.5e-2,.4e-2,.3e-2,.3e-2,.4e\
-2,.4e-2,.5e-2,.4e-2,.4e-2,.5e-2,.5e-2,.4e-2,.4e-2,.3e-2,.4e-2,.4e-2,.4e-2,.4e-\
2,.4e-2,.3e-2,.4e-2,.5e-2,.3e-2,.5e-2,.5e-2,.4e-2,.4e-2,.4e-2,.63e-1,.6e-2,.3e-\
2,.6e-2,.4e-2,.4e-2,.3e-2,.4e-2,.4e-2,.3e-2,.6e-2,.4e-2,.4e-2,.4e-2,.3e-2,.3e-2
,.3e-2,.3e-2,.5e-2,.4e-2,.4e-2,.4e-2,.4e-2,.4e-2,.3e-2,.4e-2,.4e-2,.4e-2,.4e-2,
.4e-2,.3e-2,.3e-2,.4e-2,.5e-2,.4e-2,.4e-2,.5e-2,.4e-2,.3e-2,.4e-2,.4e-2,.4e-2,.\
4e-2,.5e-2,.4e-2,.4e-2,.4e-2,.4e-2,.4e-2,.3e-2,.4e-2,.4e-2,.4e-2,.5e-2,.4e-2,.4\
e-2,.5e-2,.3e-2,.3e-2,.3e-2,.3e-2,.4e-2,.4e-2,.4e-2,.4e-2,.3e-2,.4e-2,.3e-2,.5e\
-2,.4e-2,.4e-2,.6e-2,.4e-2,.4e-2,.4e-2,.4e-2,.6e-2,.5e-2,.3e-2,.4e-2,.4e-2,.4e-\
2,.6e-2,.3e-2,.4e-2,.3e-2,.4e-2,.5e-2,.3e-2,.5e-2,.3e-2,.4e-2,.7e-2,.3e-2,.4e-2
,.4e-2,.4e-2,.5e-2,.3e-2,.4e-2,.3e-2,.4e-2,.5e-2,.3e-2,.4e-2,.4e-2,.49e-1,.6e-2
,.4e-2,.4e-2,.3e-2,.4e-2,.4e-2,.5e-2,.4e-2,.3e-2,.3e-2,.3e-2,.4e-2,.3e-2,.4e-2,
.3e-2,.4e-2,.5e-2,.5e-2,.4e-2,.3e-2,.3e-2,.3e-2,.4e-2,.4e-2,.4e-2,.4e-2,.5e-2,.\
4e-2,.3e-2,.5e-2,.4e-2,.4e-2,.4e-2,.4e-2,.4e-2,.5e-2,.5e-2,.3e-2,.4e-2,.3e-2,.3\
e-2,.3e-2,.4e-2,.4e-2,.4e-2,.4e-2,.6e-2,.4e-2,.4e-2,.4e-2,.3e-2,.3e-2,.4e-2,.4e\
-2,.4e-2,.5e-2,.3e-2,.3e-2,.4e-2,.5e-2,.4e-2,.4e-2,.3e-2,.6e-2,.4e-2,.3e-2,.4e-\
2,.3e-2,.4e-2,.3e-2,.4e-2,.4e-2,.3e-2,.5e-2,.4e-2,.4e-2,.3e-2,.3e-2,.4e-2,.3e-2
,.3e-2,.4e-2,.3e-2,.4e-2,.4e-2,.4e-2,.4e-2,.4e-2,.3e-2,.4e-2,.5e-2,.5e-2,.5e-2,
.5e-2,.6e-2,.4e-2,.5e-2,.3e-2,.4e-2,.4e-2,.3e-2,.5e-2,.5e-2,.3e-2,.4e-2,.48e-1,
.5e-2,.4e-2,.5e-2,.5e-2,.4e-2,.4e-2,.5e-2,.4e-2,.3e-2,.3e-2,.3e-2,.3e-2,.3e-2,.\
5e-2,.4e-2,.4e-2,.4e-2,.4e-2,.3e-2,.4e-2,.3e-2,.3e-2,.3e-2,.3e-2,.4e-2,.4e-2,.4\
e-2,.3e-2,.3e-2,.4e-2,.3e-2,.5e-2,.4e-2,.4e-2,.4e-2,.4e-2,.4e-2,.3e-2,.4e-2,.4e\
-2,.4e-2,.5e-2,.5e-2,.4e-2,.4e-2,.3e-2,.4e-2,.3e-2,.5e-2,.3e-2,.4e-2,.4e-2,.5e-\
2,.4e-2,.4e-2,.4e-2,.4e-2,.3e-2,.3e-2,.4e-2,.4e-2,.5e-2,.4e-2,.4e-2,.6e-2,.5e-2
,.4e-2,.4e-2,.6e-2,.3e-2,.4e-2,.3e-2,.5e-2,.3e-2,.4e-2,.4e-2,.4e-2,.6e-2,.5e-2,
.3e-2,.5e-2,.3e-2,.4e-2,.3e-2,.3e-2,.4e-2,.4e-2,.4e-2,.4e-2,.3e-2,.5e-2,.5e-2,.\
3e-2,.4e-2,.4e-2,.4e-2,.4e-2,.4e-2,.4e-2,.4e-2,.5e-2,.4e-2,.4e-2,.3e-2,.3e-2,.\
53e-1,.4e-2,.5e-2,.4e-2,.4e-2,.3e-2,.3e-2,.3e-2,.4e-2,.3e-2,.4e-2,.4e-2,.3e-2,.\
5e-2,.4e-2,.3e-2,.4e-2,.3e-2,.3e-2,.4e-2,.3e-2,.4e-2,.4e-2,.3e-2,.4e-2,.4e-2,.3\
e-2,.5e-2,.4e-2,.4e-2,.4e-2,.4e-2,.4e-2,.5e-2,.4e-2,.6e-2,.4e-2,.5e-2,.4e-2,.4e\
-2,.5e-2,.5e-2,.3e-2,.6e-2,.4e-2,.4e-2,.4e-2,.4e-2,.3e-2,.6e-2,.4e-2,.3e-2,.3e-\
2,.4e-2,.4e-2,.4e-2,.3e-2,.4e-2,.3e-2,.5e-2,.5e-2,.3e-2,.3e-2,.3e-2,.4e-2,.3e-2
,.3e-2,.3e-2,.3e-2,.4e-2,.5e-2,.5e-2,.4e-2,.3e-2,.5e-2,.4e-2,.4e-2,.6e-2,.3e-2,
.4e-2,.3e-2,.6e-2,.3e-2,.4e-2,.3e-2,.4e-2,.3e-2,.4e-2,.4e-2,.4e-2,.4e-2,.4e-2,.\
3e-2,.4e-2,.5e-2,.3e-2,.6e-2,.4e-2,.4e-2,.4e-2,.4e-2,.3e-2,.3e-2,.4e-2,.4e-2,.5\
e-2,.56e-1,.4e-2,.4e-2,.4e-2,.5e-2,.3e-2,.3e-2,.3e-2,.3e-2,.4e-2,.4e-2,.4e-2,.3\
e-2,.5e-2,.5e-2,.3e-2,.3e-2,.4e-2,.3e-2,.3e-2,.4e-2,.4e-2,.3e-2,.7e-2,.6e-2,.4e\
-2,.3e-2,.5e-2,.4e-2,.3e-2,.4e-2,.4e-2,.4e-2,.3e-2,.3e-2,.4e-2,.3e-2,.5e-2,.4e-\
2,.4e-2,.3e-2,.3e-2,.4e-2,.5e-2,.3e-2,.7e-2,.4e-2,.4e-2,.4e-2,.5e-2,.5e-2,.3e-2
,.4e-2,.6e-2,.4e-2,.6e-2,.4e-2,.5e-2,.3e-2,.4e-2,.3e-2,.4e-2,.3e-2,.3e-2,.3e-2,
.4e-2,.3e-2,.3e-2,.4e-2,.3e-2,.4e-2,.4e-2,.3e-2,.4e-2,.4e-2,.4e-2,.4e-2,.4e-2,.\
4e-2,.3e-2,.4e-2,.4e-2,.4e-2,.4e-2,.5e-2,.5e-2,.5e-2,.3e-2,.4e-2,.3e-2,.4e-2,.3\
e-2,.4e-2,.5e-2,.3e-2,.6e-2,.4e-2,.3e-2,.4e-2,.4e-2,.4e-2,.4e-2,.4e-2,.3e-2,.4e\
-2,.65e-1,.6e-2,.5e-2,.4e-2,.3e-2,.4e-2,.3e-2,.4e-2,.7e-2,.3e-2,.5e-2,.5e-2,.3e\
-2,.5e-2,.3e-2,.4e-2,.4e-2,.4e-2,.4e-2,.3e-2,.4e-2,.4e-2,.3e-2,.4e-2,.4e-2,.5e-\
2,.4e-2,.6e-2,.4e-2,.3e-2,.4e-2,.4e-2,.4e-2,.4e-2,.3e-2,.3e-2,.5e-2,.3e-2,.3e-2
,.3e-2,.4e-2,.4e-2,.4e-2,.5e-2,.4e-2,.4e-2,.4e-2,.4e-2,.3e-2,.4e-2,.5e-2,.3e-2,
.4e-2,.4e-2,.3e-2,.5e-2,.5e-2,.4e-2,.4e-2,.3e-2,.3e-2,.4e-2,.4e-2,.4e-2,.3e-2,.\
4e-2,.4e-2,.4e-2,.3e-2,.3e-2,.4e-2,.3e-2,.5e-2,.5e-2,.4e-2,.3e-2,.5e-2,.4e-2,.3\
e-2,.4e-2,.4e-2,.4e-2,.4e-2,.4e-2,.4e-2,.4e-2,.4e-2,.5e-2,.3e-2,.5e-2,.6e-2,.5e\
-2,.4e-2,.4e-2,.4e-2,.6e-2,.3e-2,.4e-2,.4e-2,.4e-2,.4e-2,.5e-2,.3e-2,.4e-2,.3e-\
2,.63e-1,.4e-2,.5e-2,.3e-2,.4e-2,.4e-2,.5e-2,.4e-2,.5e-2,.3e-2,.4e-2,.4e-2,.4e-\
2,.3e-2,.3e-2,.3e-2,.4e-2,.4e-2,.3e-2,.5e-2,.3e-2,.5e-2,.5e-2,.3e-2,.4e-2,.4e-2
,.5e-2,.3e-2,.4e-2,.5e-2,.3e-2,.4e-2,.4e-2,.4e-2,.3e-2,.4e-2,.4e-2,.4e-2,.3e-2,
.4e-2,.3e-2,.4e-2,.4e-2,.6e-2,.3e-2,.4e-2,.4e-2,.4e-2,.3e-2,.6e-2,.6e-2,.5e-2,.\
6e-2,.4e-2,.5e-2,.4e-2,.5e-2,.4e-2,.3e-2,.4e-2,.4e-2,.4e-2,.3e-2,.4e-2,.4e-2,.3\
e-2,.5e-2,.4e-2,.5e-2,.4e-2,.4e-2,.5e-2,.3e-2,.5e-2,.4e-2,.5e-2,.5e-2,.4e-2,.3e\
-2,.4e-2,.4e-2,.3e-2,.4e-2,.4e-2,.3e-2,.5e-2,.4e-2,.3e-2,.4e-2,.3e-2,.4e-2,.4e-\
2,.5e-2,.3e-2,.6e-2,.4e-2,.3e-2,.4e-2,.4e-2,.4e-2,.5e-2,.4e-2,.4e-2,.4e-2,.4e-2
,.62e-1,.6e-2,.4e-2,.4e-2,.3e-2,.4e-2,.4e-2,.5e-2,.5e-2,.3e-2,.4e-2,.3e-2,.3e-2
,.3e-2,.4e-2,.4e-2,.4e-2,.4e-2,.5e-2,.4e-2,.4e-2,.4e-2,.3e-2,.4e-2,.4e-2,.4e-2,
.4e-2,.3e-2,.6e-2,.4e-2,.4e-2,.3e-2,.3e-2,.4e-2,.3e-2,.3e-2,.3e-2,.4e-2,.4e-2,.\
3e-2,.3e-2,.3e-2,.4e-2,.3e-2,.4e-2,.4e-2,.4e-2,.5e-2],[.4e-2,.3e-2,.4e-2,.5e-2,
.3e-2,.4e-2,.4e-2,.3e-2,.4e-2,.7e-2,.4e-2,.4e-2,.3e-2,.3e-2,.4e-2,.3e-2,.4e-2,.\
3e-2,.3e-2,.5e-2,.4e-2,.4e-2,.3e-2,.4e-2,.3e-2,.3e-2,.4e-2,.5e-2,.3e-2,.3e-2,.5\
e-2,.6e-2,.4e-2,.4e-2,.5e-2,.4e-2,.5e-2,.7e-2,.4e-2,.4e-2,.5e-2,.4e-2,.4e-2,.4e\
-2,.7e-2,.3e-2,.5e-2,.6e-2,.4e-2,.5e-2,.4e-2,.5e-2,.4e-2,.4e-2,.6e-2,.5e-2,.4e-\
2,.3e-2,.4e-2,.60e-1,.5e-2,.4e-2,.3e-2,.4e-2,.4e-2,.5e-2,.4e-2,.3e-2,.3e-2,.3e-\
2,.3e-2,.3e-2,.4e-2,.3e-2,.3e-2,.3e-2,.5e-2,.3e-2,.5e-2,.3e-2,.5e-2,.3e-2,.3e-2
,.4e-2,.4e-2,.4e-2,.3e-2,.4e-2,.3e-2,.4e-2,.4e-2,.4e-2,.4e-2,.4e-2,.4e-2,.4e-2,
.3e-2,.4e-2,.4e-2,.4e-2,.4e-2,.4e-2,.4e-2,.3e-2,.3e-2,.4e-2,.5e-2,.3e-2,.3e-2,.\
4e-2,.4e-2,.3e-2,.5e-2,.5e-2,.4e-2,.3e-2,.4e-2,.4e-2,.4e-2,.4e-2,.5e-2,.3e-2,.5\
e-2,.5e-2,.5e-2,.3e-2,.4e-2,.4e-2,.6e-2,.6e-2,.4e-2,.6e-2,.3e-2,.3e-2,.4e-2,.4e\
-2,.5e-2,.4e-2,.4e-2,.3e-2,.5e-2,.4e-2,.4e-2,.3e-2,.4e-2,.3e-2,.3e-2,.4e-2,.4e-\
2,.4e-2,.3e-2,.3e-2,.4e-2,.4e-2,.4e-2,.3e-2,.3e-2,.5e-2,.4e-2,.4e-2,.7e-2,.6e-2
,.6e-2,.7e-2,.6e-2,.5e-2,.4e-2,.52e-1,.5e-2,.3e-2,.5e-2,.4e-2,.3e-2,.3e-2,.3e-2
,.3e-2,.3e-2,.4e-2,.3e-2,.4e-2,.4e-2,.6e-2,.4e-2,.4e-2,.3e-2,.3e-2,.3e-2,.3e-2,
.3e-2,.3e-2,.3e-2,.4e-2,.4e-2,.4e-2,.4e-2,.4e-2,.4e-2,.5e-2,.4e-2,.6e-2,.5e-2,.\
4e-2,.3e-2,.3e-2,.3e-2,.4e-2,.3e-2,.3e-2,.4e-2,.4e-2,.5e-2,.4e-2,.4e-2,.4e-2,.4\
e-2,.4e-2,.3e-2,.4e-2,.4e-2,.4e-2,.5e-2,.6e-2,.4e-2,.6e-2,.5e-2,.4e-2,.4e-2,.3e\
-2,.4e-2,.4e-2,.4e-2,.5e-2,.3e-2,.4e-2,.4e-2,.3e-2,.3e-2,.4e-2,.4e-2,.3e-2,.4e-\
2,.5e-2,.4e-2,.4e-2,.4e-2,.4e-2,.3e-2,.3e-2,.4e-2,.3e-2,.4e-2,.3e-2,.4e-2,.3e-2
,.4e-2,.4e-2,.3e-2,.4e-2,.3e-2,.5e-2,.5e-2,.6e-2,.4e-2,.6e-2,.5e-2,.6e-2,.4e-2,
.6e-2,.4e-2,.4e-2,.4e-2,.3e-2,.4e-2,.4e-2,.54e-1,.5e-2,.5e-2,.3e-2,.5e-2,.5e-2,
.4e-2,.4e-2,.5e-2,.3e-2,.3e-2,.3e-2,.3e-2,.3e-2,.3e-2,.5e-2,.4e-2,.4e-2,.4e-2,.\
5e-2,.4e-2,.4e-2,.3e-2,.3e-2,.3e-2,.3e-2,.4e-2,.4e-2,.4e-2,.4e-2,.3e-2,.4e-2,.4\
e-2,.3e-2,.4e-2,.6e-2,.4e-2,.3e-2,.5e-2,.4e-2,.4e-2,.4e-2,.4e-2,.3e-2,.3e-2,.4e\
-2,.4e-2,.3e-2,.6e-2,.4e-2,.3e-2,.6e-2,.5e-2,.4e-2,.5e-2,.4e-2,.4e-2,.7e-2,.4e-\
2,.4e-2,.5e-2,.6e-2,.4e-2,.5e-2,.4e-2,.4e-2,.4e-2,.4e-2,.4e-2,.3e-2,.3e-2,.3e-2
,.6e-2,.3e-2,.5e-2,.3e-2,.4e-2,.4e-2,.3e-2,.4e-2,.3e-2,.4e-2,.5e-2,.4e-2,.5e-2,
.4e-2,.3e-2,.4e-2,.3e-2,.3e-2,.4e-2,.4e-2,.5e-2,.4e-2,.4e-2,.3e-2,.4e-2,.4e-2,.\
4e-2,.4e-2,.3e-2,.4e-2,.4e-2,.4e-2,.4e-2,.4e-2,.5e-2,.54e-1,.4e-2,.5e-2,.5e-2,.\
4e-2,.3e-2,.3e-2,.4e-2,.4e-2,.4e-2,.4e-2,.3e-2,.4e-2,.3e-2,.3e-2,.3e-2,.3e-2,.4\
e-2,.4e-2,.4e-2,.5e-2,.3e-2,.4e-2,.3e-2,.4e-2,.4e-2,.4e-2,.3e-2,.3e-2,.3e-2,.4e\
-2,.4e-2,.4e-2,.5e-2,.3e-2,.3e-2,.3e-2,.5e-2,.4e-2,.3e-2,.4e-2,.3e-2,.3e-2,.4e-\
2,.5e-2,.3e-2,.4e-2,.5e-2,.3e-2,.7e-2,.5e-2,.3e-2,.3e-2,.5e-2,.4e-2,.4e-2,.4e-2
,.4e-2,.4e-2,.6e-2,.6e-2,.4e-2,.3e-2,.5e-2,.4e-2,.4e-2,.4e-2,.4e-2,.4e-2,.7e-2,
.3e-2,.4e-2,.3e-2,.4e-2,.4e-2,.4e-2,.4e-2,.3e-2,.6e-2,.4e-2,.4e-2,.4e-2,.3e-2,.\
4e-2,.3e-2,.3e-2,.3e-2,.4e-2,.4e-2,.4e-2,.4e-2,.4e-2,.4e-2,.6e-2,.5e-2,.4e-2,.3\
e-2,.4e-2,.6e-2,.3e-2,.5e-2,.4e-2,.5e-2,.5e-2,.6e-2,.3e-2,.49e-1,.7e-2,.6e-2,.5\
e-2,.3e-2,.4e-2,.4e-2,.5e-2,.3e-2,.3e-2,.3e-2,.4e-2,.3e-2,.3e-2,.3e-2,.5e-2,.4e\
-2,.4e-2,.5e-2,.3e-2,.4e-2,.5e-2,.3e-2,.6e-2,.5e-2,.4e-2,.5e-2,.4e-2,.5e-2,.4e-\
2,.3e-2,.3e-2,.4e-2,.4e-2,.4e-2,.5e-2,.5e-2,.4e-2,.4e-2,.3e-2,.4e-2,.3e-2,.3e-2
,.3e-2,.4e-2,.4e-2,.3e-2,.3e-2,.4e-2,.4e-2,.4e-2,.4e-2,.3e-2,.5e-2,.3e-2,.4e-2,
.3e-2,.4e-2,.5e-2,.5e-2,.3e-2,.4e-2,.5e-2,.5e-2,.5e-2,.4e-2,.6e-2,.5e-2,.4e-2,.\
4e-2,.4e-2,.4e-2,.5e-2,.5e-2,.4e-2,.4e-2,.3e-2,.4e-2,.4e-2,.4e-2,.5e-2,.4e-2,.6\
e-2,.4e-2,.4e-2,.4e-2,.4e-2,.3e-2,.4e-2,.4e-2,.4e-2,.3e-2,.3e-2,.4e-2,.3e-2,.4e\
-2,.4e-2,.4e-2,.4e-2,.4e-2,.4e-2,.5e-2,.4e-2,.4e-2,.4e-2,.4e-2,.4e-2,.3e-2,.52e\
-1,.5e-2,.4e-2,.5e-2,.5e-2,.3e-2,.5e-2,.4e-2,.5e-2,.4e-2,.4e-2,.4e-2,.7e-2,.4e-\
2,.3e-2,.7e-2,.4e-2,.4e-2,.3e-2,.3e-2,.4e-2,.4e-2,.4e-2,.4e-2,.3e-2,.3e-2,.4e-2
,.4e-2,.3e-2,.5e-2,.5e-2,.3e-2,.4e-2,.4e-2,.4e-2,.3e-2,.4e-2,.4e-2,.4e-2,.5e-2,
.4e-2,.4e-2,.4e-2,.4e-2,.3e-2,.3e-2,.3e-2,.4e-2,.4e-2,.3e-2,.3e-2,.4e-2,.4e-2,.\
4e-2,.5e-2,.5e-2,.4e-2,.4e-2,.4e-2,.4e-2,.4e-2,.4e-2,.4e-2,.4e-2,.4e-2,.5e-2,.4\
e-2,.4e-2,.3e-2,.5e-2,.4e-2,.3e-2,.5e-2,.5e-2,.4e-2,.5e-2,.4e-2,.6e-2,.4e-2,.4e\
-2,.5e-2,.4e-2,.3e-2,.4e-2,.4e-2,.4e-2,.4e-2,.6e-2,.6e-2,.4e-2,.3e-2,.6e-2,.4e-\
2,.3e-2,.5e-2,.4e-2,.5e-2,.5e-2,.3e-2,.4e-2,.4e-2,.4e-2,.4e-2,.4e-2,.4e-2,.3e-2
,.4e-2,.4e-2,.61e-1,.6e-2,.5e-2,.3e-2,.4e-2,.3e-2,.3e-2,.4e-2,.4e-2,.4e-2,.3e-2
,.4e-2,.4e-2,.3e-2,.3e-2,.3e-2,.3e-2,.3e-2,.4e-2,.5e-2,.4e-2,.4e-2,.4e-2,.5e-2,
.5e-2,.3e-2,.3e-2,.4e-2,.3e-2,.4e-2,.5e-2,.4e-2,.3e-2,.4e-2,.3e-2,.5e-2,.4e-2,.\
4e-2,.4e-2,.3e-2,.4e-2,.4e-2,.4e-2,.3e-2,.5e-2,.5e-2,.3e-2,.3e-2,.4e-2,.4e-2,.3\
e-2,.5e-2,.5e-2,.4e-2,.3e-2,.4e-2,.4e-2,.3e-2,.5e-2,.5e-2,.5e-2,.4e-2,.4e-2,.5e\
-2,.5e-2,.5e-2,.4e-2,.5e-2,.4e-2,.3e-2,.4e-2,.3e-2,.4e-2,.4e-2,.4e-2,.4e-2,.3e-\
2,.4e-2,.4e-2,.5e-2,.4e-2,.6e-2,.4e-2,.4e-2,.4e-2,.4e-2,.3e-2,.4e-2,.4e-2,.5e-2
,.4e-2,.6e-2,.5e-2,.4e-2,.3e-2,.4e-2,.4e-2,.3e-2,.4e-2,.5e-2,.3e-2,.4e-2,.3e-2,
.5e-2,.4e-2,.5e-2,.54e-1,.6e-2,.5e-2,.4e-2,.4e-2,.3e-2,.3e-2,.4e-2,.4e-2,.4e-2,
.3e-2,.3e-2,.3e-2,.3e-2,.3e-2,.5e-2,.4e-2,.4e-2,.3e-2,.4e-2,.3e-2,.5e-2,.4e-2,.\
3e-2,.3e-2,.4e-2,.4e-2,.4e-2,.3e-2,.4e-2,.4e-2,.4e-2,.5e-2,.3e-2,.4e-2,.4e-2,.4\
e-2,.4e-2,.4e-2,.4e-2,.4e-2,.3e-2,.5e-2,.5e-2,.3e-2,.3e-2,.3e-2,.4e-2,.4e-2,.3e\
-2,.4e-2,.3e-2,.3e-2,.6e-2,.6e-2,.3e-2,.5e-2,.5e-2,.3e-2,.4e-2,.5e-2,.4e-2,.4e-\
2,.7e-2,.4e-2,.4e-2,.3e-2,.4e-2,.3e-2,.3e-2,.4e-2,.3e-2,.3e-2,.4e-2,.4e-2,.5e-2
,.4e-2,.4e-2,.6e-2,.4e-2,.4e-2,.4e-2,.4e-2,.3e-2,.4e-2,.4e-2,.4e-2,.4e-2,.7e-2,
.3e-2,.4e-2,.5e-2,.4e-2,.4e-2,.5e-2,.3e-2,.6e-2,.5e-2,.5e-2,.4e-2,.5e-2,.3e-2,.\
4e-2,.3e-2,.4e-2,.5e-2,.3e-2,.58e-1,.6e-2,.4e-2,.4e-2,.4e-2,.6e-2,.4e-2,.4e-2,.\
3e-2,.5e-2,.4e-2,.5e-2,.4e-2,.3e-2,.4e-2,.3e-2,.4e-2,.4e-2,.5e-2,.5e-2,.4e-2,.6\
e-2,.4e-2,.3e-2,.3e-2,.3e-2,.3e-2,.4e-2,.4e-2,.4e-2,.5e-2,.4e-2,.4e-2,.4e-2,.4e\
-2,.3e-2,.4e-2,.4e-2,.3e-2,.4e-2,.5e-2,.4e-2,.4e-2,.4e-2,.5e-2,.4e-2,.3e-2,.3e-\
2,.4e-2,.4e-2,.6e-2,.6e-2,.4e-2,.4e-2,.4e-2,.4e-2,.4e-2,.4e-2,.4e-2,.3e-2,.4e-2
,.4e-2,.4e-2,.4e-2,.3e-2,.4e-2,.5e-2,.5e-2,.4e-2,.6e-2,.5e-2,.3e-2,.4e-2,.3e-2,
.4e-2,.4e-2,.3e-2,.4e-2,.4e-2,.6e-2,.5e-2,.4e-2,.4e-2,.3e-2,.4e-2,.3e-2,.3e-2,.\
5e-2,.4e-2,.4e-2,.6e-2,.4e-2,.5e-2,.4e-2,.4e-2,.3e-2,.4e-2,.4e-2,.3e-2,.3e-2,.4\
e-2,.3e-2,.4e-2,.4e-2,.5e-2,.4e-2,.3e-2,.58e-1,.4e-2,.5e-2,.5e-2,.3e-2,.4e-2,.4\
e-2,.4e-2,.4e-2,.3e-2,.5e-2,.3e-2,.5e-2,.8e-2,.5e-2,.4e-2,.4e-2,.3e-2,.4e-2,.3e\
-2,.4e-2,.3e-2,.3e-2,.5e-2,.4e-2,.3e-2,.4e-2,.4e-2,.4e-2,.3e-2,.4e-2,.4e-2,.4e-\
2,.3e-2,.4e-2,.3e-2,.5e-2,.4e-2,.4e-2,.4e-2,.4e-2,.4e-2,.4e-2,.5e-2,.5e-2,.5e-2
,.5e-2,.4e-2,.4e-2,.4e-2,.4e-2,.6e-2,.5e-2,.4e-2,.6e-2,.4e-2,.4e-2,.3e-2,.5e-2,
.4e-2,.6e-2,.5e-2,.4e-2,.8e-2,.4e-2,.6e-2,.4e-2,.4e-2,.4e-2,.4e-2,.4e-2,.4e-2,.\
4e-2,.4e-2,.3e-2,.4e-2,.4e-2,.4e-2,.5e-2,.4e-2,.4e-2,.3e-2,.4e-2,.4e-2,.3e-2,.4\
e-2,.4e-2,.4e-2,.4e-2,.5e-2,.3e-2,.4e-2,.4e-2,.4e-2,.4e-2,.4e-2,.4e-2,.4e-2,.5e\
-2,.5e-2,.3e-2,.4e-2,.5e-2,.4e-2,.3e-2,.4e-2,.9e-2,.4e-2,.5e-2,.4e-2,.3e-2,.4e-\
2,.3e-2,.3e-2,.4e-2,.4e-2,.4e-2,.3e-2,.5e-2,.5e-2,.3e-2,.4e-2,.3e-2,.3e-2,.4e-2
,.4e-2,.4e-2,.4e-2,.3e-2,.4e-2,.6e-2,.4e-2,.3e-2,.4e-2,.4e-2,.6e-2,.4e-2,.4e-2,
.6e-2,.3e-2,.4e-2,.3e-2,.5e-2,.4e-2,.3e-2,.4e-2,.4e-2,.3e-2,.3e-2,.3e-2,.3e-2,.\
4e-2,.4e-2,.4e-2,.4e-2,.4e-2,.5e-2,.4e-2,.4e-2,.4e-2,.5e-2,.6e-2,.5e-2,.4e-2,.5\
e-2,.5e-2,.3e-2,.4e-2,.7e-2,.3e-2,.4e-2,.5e-2,.4e-2,.5e-2,.4e-2,.4e-2,.4e-2,.4e\
-2,.3e-2,.4e-2,.4e-2,.3e-2,.5e-2,.4e-2,.4e-2,.4e-2,.4e-2,.6e-2,.4e-2,.3e-2,.4e-\
2,.3e-2,.4e-2,.4e-2,.3e-2,.4e-2,.4e-2,.3e-2,.4e-2,.4e-2,.5e-2,.5e-2,.4e-2,.4e-2
,.4e-2,.4e-2,.5e-2,.4e-2,.4e-2,.4e-2,.6e-2,.5e-2,.56e-1,.5e-2,.5e-2,.4e-2,.5e-2
,.4e-2,.4e-2,.4e-2,.4e-2,.4e-2,.4e-2,.4e-2,.5e-2,.4e-2,.4e-2,.4e-2,.3e-2,.3e-2,
.4e-2,.3e-2,.3e-2,.3e-2,.3e-2,.3e-2,.4e-2,.4e-2,.4e-2,.4e-2,.4e-2,.5e-2,.5e-2,.\
3e-2,.4e-2,.3e-2,.3e-2,.4e-2,.4e-2,.4e-2,.4e-2,.8e-2,.5e-2,.5e-2,.6e-2,.7e-2,.7\
e-2,.6e-2,.8e-2,.3e-2,.5e-2,.4e-2,.3e-2,.3e-2,.4e-2,.4e-2,.4e-2,.4e-2,.4e-2,.4e\
-2,.4e-2,.4e-2,.5e-2,.3e-2,.4e-2,.5e-2,.5e-2,.4e-2,.5e-2,.4e-2,.4e-2,.6e-2,.3e-\
2,.4e-2,.5e-2,.3e-2,.4e-2,.4e-2,.4e-2,.3e-2,.4e-2,.6e-2,.3e-2,.4e-2,.5e-2,.4e-2
,.4e-2,.4e-2,.3e-2,.4e-2,.5e-2,.4e-2,.5e-2,.5e-2,.3e-2,.4e-2,.3e-2,.4e-2,.4e-2,
.4e-2,.5e-2,.4e-2,.5e-2,.4e-2,.5e-2,.4e-2,.4e-2,.4e-2,.54e-1,.6e-2,.4e-2,.4e-2,
.4e-2,.4e-2,.4e-2,.4e-2,.4e-2,.4e-2,.4e-2,.3e-2,.5e-2,.4e-2,.5e-2,.5e-2,.5e-2,.\
4e-2,.5e-2,.4e-2,.6e-2,.4e-2,.4e-2,.4e-2,.4e-2,.3e-2,.6e-2,.4e-2,.4e-2,.4e-2,.5\
e-2,.4e-2,.3e-2,.4e-2,.3e-2,.4e-2,.7e-2,.4e-2,.4e-2,.3e-2,.4e-2,.4e-2,.3e-2,.4e\
-2,.4e-2,.4e-2,.3e-2,.4e-2,.4e-2,.3e-2,.4e-2,.4e-2,.5e-2,.6e-2,.7e-2,.8e-2,.5e-\
2,.5e-2,.3e-2,.4e-2,.4e-2,.4e-2,.4e-2,.4e-2,.4e-2,.4e-2,.3e-2,.5e-2,.3e-2,.4e-2
,.5e-2,.3e-2,.4e-2,.4e-2,.4e-2,.3e-2,.4e-2,.5e-2,.4e-2,.5e-2,.6e-2,.4e-2,.4e-2,
.3e-2,.6e-2,.3e-2,.4e-2,.5e-2,.5e-2,.6e-2,.4e-2,.6e-2,.5e-2,.3e-2,.4e-2,.5e-2,.\
4e-2,.4e-2,.3e-2,.4e-2,.4e-2,.4e-2,.5e-2,.3e-2,.5e-2,.4e-2,.63e-1,.6e-2,.4e-2,.\
4e-2,.5e-2,.6e-2,.3e-2,.4e-2,.5e-2,.3e-2,.5e-2,.3e-2,.3e-2,.4e-2,.4e-2,.3e-2,.4\
e-2,.3e-2,.4e-2,.4e-2,.3e-2,.5e-2,.3e-2,.3e-2,.4e-2,.3e-2,.4e-2,.4e-2,.4e-2,.4e\
-2,.5e-2,.4e-2,.4e-2,.3e-2,.3e-2,.3e-2,.4e-2,.3e-2,.4e-2,.4e-2,.3e-2,.3e-2,.3e-\
2,.6e-2,.4e-2,.4e-2,.4e-2,.5e-2,.4e-2,.5e-2,.5e-2,.4e-2,.5e-2,.4e-2,.4e-2,.4e-2
,.4e-2,.5e-2,.4e-2,.4e-2,.3e-2,.3e-2,.4e-2,.4e-2,.3e-2,.4e-2,.4e-2,.4e-2,.5e-2,
.5e-2,.4e-2,.4e-2,.4e-2,.4e-2,.3e-2,.5e-2,.4e-2,.4e-2,.5e-2,.5e-2,.4e-2,.3e-2,.\
4e-2,.4e-2,.4e-2,.5e-2,.4e-2,.4e-2,.6e-2,.5e-2,.3e-2,.4e-2,.3e-2,.5e-2,.3e-2,.4\
e-2,.5e-2,.4e-2,.8e-2,.4e-2,.6e-2,.5e-2,.4e-2,.4e-2,.4e-2,.3e-2,.55e-1,.5e-2,.4\
e-2,.4e-2,.3e-2,.4e-2,.3e-2,.4e-2,.4e-2,.3e-2,.3e-2,.3e-2,.4e-2,.4e-2,.5e-2,.4e\
-2,.4e-2,.4e-2,.4e-2,.4e-2,.3e-2,.3e-2,.4e-2,.4e-2,.4e-2,.5e-2,.3e-2,.4e-2,.4e-\
2,.4e-2,.4e-2,.4e-2,.4e-2,.3e-2,.4e-2,.4e-2,.4e-2,.3e-2,.5e-2,.4e-2,.4e-2,.4e-2
,.3e-2,.4e-2,.3e-2,.4e-2,.4e-2,.5e-2,.3e-2,.6e-2,.4e-2,.4e-2,.6e-2,.5e-2,.3e-2,
.4e-2,.4e-2,.4e-2,.3e-2,.5e-2,.4e-2,.4e-2,.5e-2,.4e-2,.3e-2,.5e-2,.4e-2,.4e-2,.\
6e-2,.4e-2,.5e-2,.5e-2,.3e-2,.4e-2,.4e-2,.4e-2,.3e-2,.4e-2,.4e-2,.4e-2,.6e-2,.4\
e-2,.4e-2,.5e-2,.3e-2,.5e-2,.3e-2,.5e-2,.4e-2,.4e-2,.5e-2,.4e-2,.3e-2,.5e-2,.3e\
-2,.4e-2,.5e-2,.3e-2,.4e-2,.4e-2,.5e-2,.4e-2,.3e-2,.4e-2,.5e-2,.55e-1,.6e-2,.5e\
-2,.4e-2,.6e-2,.3e-2,.5e-2,.4e-2,.4e-2,.4e-2,.3e-2,.4e-2,.5e-2,.3e-2,.3e-2,.4e-\
2,.3e-2,.4e-2,.4e-2,.4e-2,.4e-2,.4e-2,.3e-2,.4e-2,.6e-2,.6e-2,.6e-2,.5e-2,.3e-2
,.4e-2,.3e-2,.4e-2,.4e-2,.3e-2,.4e-2,.4e-2,.5e-2,.6e-2,.3e-2,.4e-2,.3e-2,.4e-2,
.3e-2,.3e-2,.4e-2,.3e-2,.5e-2,.5e-2,.3e-2,.4e-2,.4e-2,.4e-2,.6e-2,.3e-2,.4e-2,.\
5e-2,.4e-2,.5e-2,.4e-2,.4e-2,.5e-2,.4e-2,.4e-2,.4e-2,.3e-2,.4e-2,.6e-2,.3e-2,.4\
e-2,.3e-2,.5e-2,.5e-2,.3e-2,.4e-2,.3e-2,.4e-2,.5e-2,.3e-2,.3e-2,.4e-2,.5e-2,.4e\
-2,.5e-2,.4e-2,.3e-2,.4e-2,.4e-2,.3e-2,.4e-2,.4e-2,.4e-2,.5e-2,.5e-2,.4e-2,.3e-\
2,.4e-2,.3e-2,.4e-2,.4e-2,.5e-2,.4e-2,.5e-2,.5e-2,.4e-2,.4e-2,.4e-2,.12e-1,.7e-\
2,.6e-2,.4e-2,.3e-2,.4e-2,.4e-2,.4e-2,.5e-2,.4e-2,.4e-2,.5e-2,.4e-2,.4e-2,.4e-2
,.4e-2,.3e-2,.4e-2,.4e-2,.3e-2,.4e-2,.4e-2,.4e-2,.3e-2,.4e-2,.4e-2,.3e-2,.3e-2,
.4e-2,.4e-2,.3e-2,.6e-2,.5e-2,.3e-2,.4e-2,.4e-2,.3e-2,.3e-2,.4e-2,.4e-2,.4e-2,.\
3e-2,.5e-2,.5e-2,.3e-2,.5e-2,.5e-2,.4e-2,.6e-2,.4e-2,.5e-2,.6e-2,.4e-2,.4e-2,.5\
e-2,.4e-2,.4e-2,.4e-2,.4e-2,.3e-2,.4e-2,.4e-2,.4e-2,.4e-2,.6e-2,.6e-2,.4e-2,.3e\
-2,.4e-2,.3e-2,.4e-2,.3e-2,.4e-2,.4e-2,.4e-2,.4e-2,.5e-2,.5e-2,.4e-2,.4e-2,.4e-\
2,.3e-2,.4e-2,.3e-2,.4e-2,.4e-2,.3e-2,.4e-2,.4e-2,.4e-2,.5e-2,.4e-2,.3e-2,.4e-2
,.4e-2,.4e-2,.4e-2,.4e-2,.4e-2,.5e-2,.4e-2,.5e-2,.3e-2,.4e-2,.5e-2,.13e-1,.6e-2
,.3e-2,.4e-2,.7e-2,.3e-2,.4e-2,.5e-2,.4e-2,.3e-2,.5e-2,.3e-2,.3e-2,.4e-2,.3e-2,
.3e-2,.3e-2,.3e-2,.4e-2,.4e-2,.4e-2,.6e-2,.5e-2,.4e-2,.3e-2,.6e-2,.5e-2,.3e-2,.\
4e-2,.3e-2,.3e-2,.4e-2,.4e-2,.5e-2,.4e-2,.5e-2,.5e-2,.4e-2,.3e-2,.4e-2,.3e-2,.3\
e-2,.4e-2,.5e-2,.4e-2,.10e-1,.5e-2,.4e-2,.5e-2,.3e-2,.3e-2,.4e-2,.3e-2,.4e-2,.4\
e-2,.4e-2,.3e-2,.4e-2,.4e-2,.4e-2,.3e-2,.5e-2,.5e-2,.5e-2,.5e-2,.5e-2,.4e-2,.3e\
-2,.4e-2,.3e-2,.4e-2,.4e-2,.4e-2,.3e-2,.4e-2,.5e-2,.5e-2,.4e-2,.4e-2,.4e-2,.4e-\
2,.4e-2,.3e-2,.4e-2,.3e-2,.3e-2,.3e-2,.5e-2,.3e-2,.3e-2,.4e-2,.4e-2,.5e-2,.5e-2
,.4e-2,.4e-2,.4e-2,.6e-2,.3e-2,.4e-2,.4e-2,.6e-2,.5e-2,.3e-2,.64e-1,.7e-2,.6e-2
,.3e-2,.4e-2,.5e-2,.3e-2,.5e-2,.5e-2,.4e-2,.3e-2,.3e-2,.3e-2,.4e-2,.3e-2,.4e-2,
.6e-2,.5e-2,.5e-2,.4e-2,.7e-2,.3e-2,.4e-2,.5e-2,.3e-2,.4e-2,.3e-2],[.3e-2,.4e-2
,.3e-2,.4e-2,.4e-2,.6e-2,.5e-2,.4e-2,.4e-2,.3e-2,.4e-2,.4e-2,.4e-2,.3e-2,.4e-2,
.3e-2,.4e-2,.3e-2,.4e-2,.4e-2,.4e-2,.4e-2,.4e-2,.4e-2,.5e-2,.4e-2,.5e-2,.3e-2,.\
5e-2,.3e-2,.4e-2,.4e-2,.3e-2,.4e-2,.4e-2,.4e-2,.3e-2,.4e-2,.5e-2,.4e-2,.4e-2,.4\
e-2,.4e-2,.3e-2,.3e-2,.4e-2,.3e-2,.4e-2,.4e-2,.3e-2,.4e-2,.3e-2,.4e-2,.3e-2,.4e\
-2,.5e-2,.6e-2,.4e-2,.4e-2,.3e-2,.3e-2,.5e-2,.4e-2,.5e-2,.4e-2,.5e-2,.5e-2,.4e-\
2,.3e-2,.4e-2,.4e-2,.3e-2,.4e-2,.6e-2,.4e-2,.8e-2,.6e-2,.4e-2,.4e-2,.4e-2,.5e-2
,.5e-2,.4e-2,.6e-2,.5e-2,.4e-2,.5e-2,.5e-2,.4e-2,.4e-2,.3e-2,.4e-2,.4e-2,.4e-2,
.4e-2,.4e-2,.4e-2,.4e-2,.4e-2,.5e-2,.5e-2,.4e-2,.4e-2,.5e-2,.4e-2,.4e-2,.4e-2,.\
4e-2,.4e-2,.4e-2,.4e-2,.6e-2,.3e-2,.4e-2,.3e-2,.4e-2,.5e-2,.85e-1,.5e-2,.5e-2,.\
5e-2,.4e-2,.4e-2,.6e-2,.4e-2,.4e-2,.3e-2,.4e-2,.3e-2,.3e-2,.4e-2,.4e-2,.3e-2,.3\
e-2,.5e-2,.3e-2,.4e-2,.3e-2,.4e-2,.3e-2,.3e-2,.3e-2,.3e-2,.3e-2,.4e-2,.4e-2,.4e\
-2,.4e-2,.3e-2,.4e-2,.4e-2,.4e-2,.5e-2,.3e-2,.5e-2,.3e-2,.4e-2,.3e-2,.4e-2,.4e-\
2,.3e-2,.5e-2,.4e-2,.5e-2,.4e-2,.3e-2,.4e-2,.4e-2,.4e-2,.3e-2,.4e-2,.3e-2,.4e-2
,.4e-2,.4e-2,.5e-2,.4e-2,.4e-2,.4e-2,.5e-2,.4e-2,.5e-2,.5e-2,.3e-2,.4e-2,.5e-2,
.4e-2,.4e-2,.6e-2,.5e-2,.4e-2,.3e-2,.6e-2,.4e-2,.7e-2,.6e-2,.4e-2,.5e-2,.4e-2,.\
4e-2,.3e-2,.5e-2,.4e-2,.3e-2,.3e-2,.4e-2,.4e-2,.3e-2,.4e-2,.4e-2,.3e-2,.4e-2,.6\
e-2,.4e-2,.3e-2,.4e-2,.3e-2,.3e-2,.4e-2,.4e-2,.4e-2,.3e-2,.4e-2,.4e-2,.4e-2,.5e\
-2,.4e-2,.3e-2,.4e-2,.4e-2,.4e-2,.4e-2,.4e-2,.5e-2,.4e-2,.5e-2,.4e-2,.4e-2,.3e-\
2,.4e-2,.4e-2,.4e-2,.5e-2,.4e-2,.3e-2,.4e-2,.4e-2,.4e-2,.3e-2,.4e-2,.4e-2,.3e-2
,.4e-2,.4e-2,.5e-2,.3e-2,.5e-2,.3e-2,.4e-2,.4e-2,.3e-2,.4e-2,.82e-1,.5e-2,.5e-2
,.5e-2,.4e-2,.4e-2,.3e-2,.4e-2,.3e-2,.4e-2,.3e-2,.4e-2,.4e-2,.4e-2,.4e-2,.3e-2,
.3e-2,.4e-2,.3e-2,.4e-2,.4e-2,.4e-2,.5e-2,.4e-2,.4e-2,.5e-2,.4e-2,.3e-2,.3e-2,.\
3e-2,.3e-2,.4e-2,.4e-2,.4e-2,.4e-2,.4e-2,.4e-2,.4e-2,.3e-2,.4e-2,.4e-2,.4e-2,.4\
e-2,.4e-2,.3e-2,.4e-2,.3e-2,.3e-2,.7e-2,.3e-2,.3e-2,.5e-2,.4e-2,.6e-2,.6e-2,.6e\
-2,.8e-2,.5e-2,.4e-2,.4e-2,.6e-2,.3e-2,.3e-2,.4e-2,.3e-2,.3e-2,.4e-2,.4e-2,.5e-\
2,.4e-2,.5e-2,.4e-2,.4e-2,.3e-2,.4e-2,.3e-2,.3e-2,.4e-2,.4e-2,.4e-2,.3e-2,.3e-2
,.3e-2,.4e-2,.4e-2,.3e-2,.4e-2,.3e-2,.4e-2,.4e-2,.4e-2,.4e-2,.4e-2,.5e-2,.4e-2,
.4e-2,.4e-2,.3e-2,.4e-2,.5e-2,.5e-2,.4e-2,.4e-2,.4e-2,.4e-2,.4e-2,.4e-2,.4e-2,.\
3e-2,.4e-2,.5e-2,.4e-2,.4e-2,.4e-2,.4e-2,.4e-2,.3e-2,.4e-2,.4e-2,.6e-2,.5e-2,.4\
e-2,.4e-2,.4e-2,.4e-2,.4e-2,.6e-2,.6e-2,.4e-2,.4e-2,.7e-2,.4e-2,.4e-2,.4e-2,.6e\
-2,.5e-2,.4e-2,.4e-2,.4e-2,.5e-2,.5e-2,.4e-2,.4e-2,.81e-1,.6e-2,.3e-2,.5e-2,.4e\
-2,.4e-2,.3e-2,.3e-2,.5e-2,.3e-2,.4e-2,.4e-2,.4e-2,.5e-2,.4e-2,.6e-2,.3e-2,.3e-\
2,.5e-2,.4e-2,.5e-2,.5e-2,.4e-2,.3e-2,.4e-2,.4e-2,.4e-2,.5e-2,.4e-2,.4e-2,.3e-2
,.4e-2,.3e-2,.3e-2,.3e-2,.3e-2,.4e-2,.4e-2,.4e-2,.5e-2,.6e-2,.5e-2,.4e-2,.3e-2,
.3e-2,.4e-2,.4e-2,.4e-2,.3e-2,.3e-2,.4e-2,.4e-2,.4e-2,.4e-2,.4e-2,.5e-2,.4e-2,.\
4e-2,.4e-2,.5e-2,.3e-2,.4e-2,.5e-2,.3e-2,.3e-2,.3e-2,.4e-2,.3e-2,.4e-2,.7e-2,.4\
e-2,.5e-2,.4e-2,.3e-2,.4e-2,.4e-2,.3e-2,.4e-2,.4e-2,.3e-2,.3e-2,.4e-2,.4e-2,.4e\
-2,.3e-2,.3e-2,.4e-2,.4e-2,.5e-2,.4e-2,.4e-2,.5e-2,.4e-2,.4e-2,.3e-2,.3e-2,.4e-\
2,.3e-2,.5e-2,.4e-2,.6e-2,.5e-2,.4e-2,.3e-2,.4e-2,.3e-2,.4e-2,.4e-2,.4e-2,.4e-2
,.5e-2,.5e-2,.4e-2,.4e-2,.3e-2,.3e-2,.4e-2,.4e-2,.5e-2,.3e-2,.4e-2,.4e-2,.5e-2,
.3e-2,.4e-2,.4e-2,.3e-2,.4e-2,.4e-2,.4e-2,.4e-2,.5e-2,.4e-2,.3e-2,.3e-2,.6e-2,.\
4e-2,.4e-2,.3e-2,.4e-2,.4e-2,.3e-2,.4e-2,.5e-2,.96e-1,.5e-2,.5e-2,.4e-2,.3e-2,.\
3e-2,.5e-2,.4e-2,.5e-2,.3e-2,.4e-2,.4e-2,.3e-2,.4e-2,.4e-2,.3e-2,.3e-2,.4e-2,.3\
e-2,.5e-2,.5e-2,.4e-2,.5e-2,.3e-2,.6e-2,.4e-2,.4e-2,.5e-2,.4e-2,.4e-2,.4e-2,.3e\
-2,.4e-2,.7e-2,.4e-2,.4e-2,.4e-2,.5e-2,.3e-2,.3e-2,.3e-2,.4e-2,.4e-2,.4e-2,.4e-\
2,.4e-2,.4e-2,.5e-2,.5e-2,.3e-2,.4e-2,.4e-2,.5e-2,.4e-2,.5e-2,.4e-2,.4e-2,.3e-2
,.5e-2,.3e-2,.4e-2,.4e-2,.3e-2,.4e-2,.3e-2,.6e-2,.3e-2,.4e-2,.6e-2,.4e-2,.4e-2,
.3e-2,.4e-2,.3e-2,.4e-2,.3e-2,.3e-2,.3e-2,.5e-2,.5e-2,.4e-2,.4e-2,.3e-2,.4e-2,.\
5e-2,.3e-2,.4e-2,.3e-2,.5e-2,.5e-2,.4e-2,.3e-2,.3e-2,.4e-2,.3e-2,.4e-2,.5e-2,.3\
e-2,.4e-2,.3e-2,.4e-2,.4e-2,.3e-2,.4e-2,.4e-2,.4e-2,.5e-2,.5e-2,.4e-2,.3e-2,.3e\
-2,.4e-2,.5e-2,.4e-2,.4e-2,.4e-2,.6e-2,.4e-2,.4e-2,.4e-2,.4e-2,.4e-2,.7e-2,.4e-\
2,.6e-2,.5e-2,.4e-2,.4e-2,.4e-2,.3e-2,.4e-2,.4e-2,.6e-2,.4e-2,.3e-2,.5e-2,.4e-2
,.4e-2,.3e-2,.4e-2,.4e-2,.5e-2,.4e-2,.5e-2,.3e-2,.81e-1,.4e-2,.4e-2,.3e-2,.4e-2
,.4e-2,.5e-2,.4e-2,.4e-2,.5e-2,.3e-2,.3e-2,.3e-2,.3e-2,.4e-2,.4e-2,.4e-2,.4e-2,
.3e-2,.5e-2,.5e-2,.3e-2,.3e-2,.3e-2,.4e-2,.3e-2,.3e-2,.3e-2,.4e-2,.4e-2,.3e-2,.\
4e-2,.5e-2,.4e-2,.4e-2,.4e-2,.3e-2,.4e-2,.4e-2,.4e-2,.3e-2,.3e-2,.3e-2,.4e-2,.3\
e-2,.5e-2,.5e-2,.3e-2,.3e-2,.4e-2,.4e-2,.4e-2,.4e-2,.3e-2,.4e-2,.4e-2,.4e-2,.4e\
-2,.3e-2,.5e-2,.4e-2,.3e-2,.4e-2,.3e-2,.4e-2,.4e-2,.4e-2,.5e-2,.4e-2,.4e-2,.6e-\
2,.4e-2,.4e-2,.4e-2,.5e-2,.3e-2,.4e-2,.5e-2,.4e-2,.4e-2,.6e-2,.4e-2,.5e-2,.4e-2
,.4e-2,.7e-2,.3e-2,.3e-2,.4e-2,.5e-2,.5e-2,.3e-2,.5e-2,.4e-2,.4e-2,.4e-2,.5e-2,
.4e-2,.3e-2,.4e-2,.6e-2,.3e-2,.4e-2,.3e-2,.4e-2,.3e-2,.3e-2,.4e-2,.4e-2,.3e-2,.\
4e-2,.4e-2,.4e-2,.4e-2,.4e-2,.4e-2,.5e-2,.4e-2,.3e-2,.4e-2,.4e-2,.3e-2,.4e-2,.4\
e-2,.4e-2,.4e-2,.4e-2,.3e-2,.5e-2,.3e-2,.6e-2,.4e-2,.4e-2,.4e-2,.4e-2,.3e-2,.4e\
-2,.4e-2,.4e-2,.4e-2,.5e-2,.4e-2,.4e-2,.4e-2,.5e-2,.7e-2,.6e-2,.4e-2,.4e-2,.4e-\
2,.5e-2,.4e-2,.3e-2,.3e-2,.4e-2,.3e-2,.4e-2,.3e-2,.3e-2,.3e-2,.3e-2,.4e-2,.4e-2
,.4e-2,.3e-2,.6e-2,.4e-2,.4e-2,.4e-2,.4e-2,.4e-2,.3e-2,.4e-2,.4e-2,.6e-2,.4e-2,
.4e-2,.5e-2,.3e-2,.4e-2,.4e-2,.4e-2,.4e-2,.4e-2,.4e-2,.4e-2,.4e-2,.3e-2,.3e-2,.\
4e-2,.5e-2,.7e-2,.5e-2,.6e-2,.3e-2,.4e-2,.3e-2,.5e-2,.6e-2,.3e-2,.6e-2,.5e-2,.3\
e-2,.4e-2,.4e-2,.3e-2,.4e-2,.3e-2,.4e-2,.3e-2,.3e-2,.3e-2,.4e-2,.6e-2,.7e-2,.3e\
-2,.4e-2,.3e-2,.4e-2,.4e-2,.3e-2,.4e-2,.3e-2,.5e-2,.5e-2,.4e-2,.4e-2,.3e-2,.4e-\
2,.4e-2,.5e-2,.4e-2,.6e-2,.4e-2,.6e-2,.4e-2,.5e-2,.4e-2,.4e-2,.3e-2,.4e-2,.3e-2
,.5e-2,.8e-2,.4e-2,.3e-2,.5e-2,.4e-2,.5e-2,.6e-2,.3e-2,.5e-2,.4e-2,.5e-2,.5e-2,
.3e-2,.4e-2,.4e-2,.4e-2,.5e-2,.5e-2,.4e-2,.4e-2,.5e-2,.4e-2,.3e-2,.6e-2,.5e-2,.\
4e-2,.4e-2,.4e-2,.3e-2,.4e-2,.4e-2,.4e-2,.4e-2,.5e-2,.5e-2,.4e-2,.3e-2,.4e-2,.3\
e-2,.4e-2,.3e-2,.4e-2,.4e-2,.4e-2,.4e-2,.4e-2,.86e-1,.5e-2,.4e-2,.4e-2,.4e-2,.5\
e-2,.4e-2,.5e-2,.3e-2,.3e-2,.4e-2,.3e-2,.3e-2,.3e-2,.4e-2,.4e-2,.3e-2,.4e-2,.5e\
-2,.3e-2,.3e-2,.3e-2,.4e-2,.3e-2,.3e-2,.4e-2,.4e-2,.3e-2,.4e-2,.5e-2,.4e-2,.3e-\
2,.3e-2,.3e-2,.3e-2,.3e-2,.4e-2,.4e-2,.3e-2,.3e-2,.3e-2,.4e-2,.4e-2,.5e-2,.5e-2
,.4e-2,.3e-2,.4e-2,.4e-2,.4e-2,.3e-2,.5e-2,.6e-2,.5e-2,.4e-2,.4e-2,.6e-2,.4e-2,
.5e-2,.3e-2,.4e-2,.4e-2,.7e-2,.4e-2,.4e-2,.4e-2,.4e-2,.5e-2,.5e-2,.7e-2,.7e-2,.\
5e-2,.3e-2,.5e-2,.4e-2,.4e-2,.6e-2,.4e-2,.3e-2,.4e-2,.14e-1,.14e-1,.9e-2,.6e-2,
.4e-2,.3e-2,.4e-2,.3e-2,.4e-2,.4e-2,.4e-2,.3e-2,.6e-2,.5e-2,.3e-2,.4e-2,.5e-2,.\
4e-2,.4e-2,.3e-2,.3e-2,.5e-2,.7e-2,.3e-2,.5e-2,.4e-2,.4e-2,.4e-2,.4e-2,.5e-2,.3\
e-2,.4e-2,.5e-2,.4e-2,.5e-2,.6e-2,.3e-2,.4e-2,.4e-2,.4e-2,.4e-2,.3e-2,.6e-2,.4e\
-2,.4e-2,.6e-2,.5e-2,.4e-2,.6e-2,.6e-2,.6e-2,.6e-2,.7e-2,.6e-2,.7e-2,.6e-2,.6e-\
2,.4e-2,.9e-2,.6e-2,.7e-2,.6e-2,.125,.8e-2,.5e-2,.4e-2,.5e-2,.4e-2,.5e-2,.5e-2,
.3e-2,.4e-2,.3e-2,.4e-2,.3e-2,.4e-2,.4e-2,.4e-2,.4e-2,.5e-2,.3e-2,.3e-2,.4e-2,.\
3e-2,.4e-2,.4e-2,.3e-2,.4e-2,.3e-2,.3e-2,.3e-2,.4e-2,.4e-2,.4e-2,.4e-2,.4e-2,.3\
e-2,.7e-2,.6e-2,.4e-2,.4e-2,.4e-2,.4e-2,.5e-2,.4e-2,.5e-2,.4e-2,.4e-2,.5e-2,.6e\
-2,.4e-2,.3e-2,.4e-2,.4e-2,.4e-2,.4e-2,.4e-2,.4e-2,.4e-2,.3e-2,.3e-2,.4e-2,.3e-\
2,.4e-2,.3e-2,.5e-2,.5e-2,.4e-2,.4e-2,.4e-2,.5e-2,.4e-2,.4e-2,.4e-2,.4e-2,.6e-2
,.4e-2,.3e-2,.4e-2,.4e-2,.6e-2,.5e-2,.4e-2,.3e-2,.4e-2,.4e-2,.4e-2,.3e-2,.4e-2,
.3e-2,.7e-2,.5e-2,.4e-2,.4e-2,.3e-2,.4e-2,.5e-2,.4e-2,.5e-2,.5e-2,.4e-2,.6e-2,.\
4e-2,.5e-2,.4e-2,.6e-2,.5e-2,.4e-2,.4e-2,.4e-2,.4e-2,.4e-2,.4e-2,.4e-2,.3e-2,.5\
e-2,.3e-2,.7e-2,.5e-2,.4e-2,.4e-2,.3e-2,.4e-2,.3e-2,.4e-2,.4e-2,.4e-2,.4e-2,.4e\
-2,.4e-2,.4e-2,.4e-2,.4e-2,.5e-2,.4e-2,.5e-2,.5e-2,.5e-2,.4e-2,.4e-2,.5e-2,.4e-\
2,.5e-2,.5e-2,.4e-2,.86e-1,.10e-1,.4e-2,.4e-2,.3e-2,.3e-2,.4e-2,.4e-2,.5e-2,.5e\
-2,.4e-2,.5e-2,.4e-2,.3e-2,.3e-2,.3e-2,.4e-2,.4e-2,.3e-2,.3e-2,.3e-2,.3e-2,.4e-\
2,.3e-2,.4e-2,.3e-2,.5e-2,.4e-2,.4e-2,.4e-2,.4e-2,.4e-2,.3e-2,.4e-2,.4e-2,.4e-2
,.4e-2,.4e-2,.5e-2,.3e-2,.3e-2,.3e-2,.4e-2,.4e-2,.4e-2,.4e-2,.4e-2,.5e-2,.4e-2,
.4e-2,.4e-2,.6e-2,.3e-2,.4e-2,.3e-2,.4e-2,.4e-2,.4e-2,.5e-2,.5e-2,.5e-2,.5e-2,.\
3e-2,.6e-2,.4e-2,.4e-2,.3e-2,.5e-2,.3e-2,.4e-2,.3e-2,.5e-2,.4e-2,.6e-2,.5e-2,.3\
e-2,.4e-2,.4e-2,.4e-2,.4e-2,.4e-2,.4e-2,.5e-2,.6e-2,.4e-2,.3e-2,.3e-2,.4e-2,.3e\
-2,.5e-2,.8e-2,.4e-2,.3e-2,.5e-2,.3e-2,.4e-2,.3e-2,.4e-2,.3e-2,.4e-2,.3e-2,.4e-\
2,.4e-2,.4e-2,.4e-2,.5e-2,.4e-2,.5e-2,.4e-2,.4e-2,.4e-2,.3e-2,.3e-2,.4e-2,.4e-2
,.5e-2,.4e-2,.5e-2,.4e-2,.4e-2,.4e-2,.3e-2,.4e-2,.5e-2,.5e-2,.4e-2,.6e-2,.4e-2,
.6e-2,.5e-2,.4e-2,.4e-2,.4e-2,.4e-2,.4e-2,.4e-2,.3e-2,.4e-2,.4e-2,.4e-2,.6e-2,.\
5e-2,.4e-2,.96e-1,.8e-2,.4e-2,.4e-2,.4e-2,.3e-2,.6e-2,.5e-2,.3e-2,.4e-2,.3e-2,.\
3e-2,.3e-2,.3e-2,.4e-2,.4e-2,.3e-2,.4e-2,.4e-2,.3e-2,.5e-2,.4e-2,.5e-2,.4e-2,.3\
e-2,.4e-2,.3e-2,.3e-2,.4e-2,.4e-2,.4e-2,.3e-2,.4e-2,.5e-2,.3e-2,.5e-2,.4e-2,.4e\
-2,.3e-2,.3e-2,.5e-2,.3e-2,.3e-2,.5e-2,.3e-2,.4e-2,.4e-2,.5e-2,.4e-2,.5e-2,.5e-\
2,.4e-2,.3e-2,.5e-2,.4e-2,.6e-2,.5e-2,.4e-2,.4e-2,.3e-2,.3e-2,.4e-2,.4e-2,.4e-2
,.4e-2,.5e-2,.5e-2,.4e-2,.3e-2,.4e-2,.4e-2,.3e-2,.4e-2,.3e-2,.4e-2,.3e-2,.3e-2,
.4e-2,.4e-2,.4e-2,.3e-2,.5e-2,.5e-2,.5e-2,.4e-2,.4e-2,.6e-2,.3e-2,.4e-2,.4e-2,.\
5e-2,.4e-2,.4e-2,.4e-2,.4e-2,.3e-2,.4e-2,.4e-2,.4e-2,.5e-2,.3e-2,.5e-2,.6e-2,.3\
e-2,.5e-2,.4e-2,.5e-2,.4e-2,.5e-2,.3e-2,.5e-2,.5e-2,.4e-2,.3e-2,.5e-2,.4e-2,.4e\
-2,.6e-2,.3e-2,.4e-2,.4e-2,.4e-2,.4e-2,.3e-2,.6e-2,.4e-2,.4e-2,.4e-2,.4e-2,.3e-\
2,.4e-2,.4e-2,.4e-2,.3e-2,.6e-2,.4e-2,.6e-2,.6e-2,.3e-2,.4e-2,.4e-2,.5e-2,.4e-2
,.89e-1,.4e-2,.4e-2,.4e-2,.4e-2,.5e-2,.4e-2,.4e-2,.3e-2,.5e-2,.4e-2,.4e-2,.5e-2
,.4e-2,.3e-2,.3e-2,.3e-2,.4e-2,.4e-2,.4e-2,.3e-2,.4e-2,.4e-2,.4e-2,.4e-2,.4e-2,
.3e-2,.3e-2,.4e-2,.3e-2,.4e-2,.4e-2,.3e-2,.5e-2,.4e-2,.4e-2,.5e-2,.4e-2,.5e-2,.\
4e-2,.6e-2,.4e-2,.4e-2,.3e-2,.4e-2,.4e-2,.3e-2,.4e-2,.4e-2,.4e-2,.4e-2,.5e-2,.4\
e-2,.5e-2,.5e-2,.3e-2,.6e-2,.5e-2,.4e-2,.3e-2,.5e-2,.3e-2,.4e-2,.4e-2,.4e-2,.4e\
-2,.3e-2,.3e-2,.4e-2,.4e-2,.4e-2,.4e-2,.4e-2,.4e-2,.4e-2,.3e-2,.5e-2,.4e-2,.4e-\
2,.3e-2,.4e-2,.4e-2,.4e-2,.4e-2,.4e-2,.4e-2,.3e-2,.4e-2,.4e-2,.3e-2,.4e-2,.3e-2
,.4e-2,.4e-2,.3e-2,.5e-2,.3e-2,.3e-2,.5e-2,.3e-2,.4e-2,.4e-2,.4e-2,.3e-2,.4e-2,
.4e-2,.5e-2,.4e-2,.5e-2,.4e-2,.4e-2,.5e-2,.4e-2,.3e-2,.4e-2,.3e-2,.4e-2,.3e-2,.\
4e-2,.3e-2,.4e-2,.4e-2,.4e-2,.4e-2,.5e-2,.5e-2,.4e-2,.4e-2,.4e-2,.3e-2,.7e-2,.5\
e-2,.6e-2,.6e-2,.4e-2,.6e-2,.5e-2,.4e-2,.4e-2,.6e-2,.4e-2,.4e-2,.93e-1,.3e-2,.6\
e-2,.5e-2,.3e-2,.4e-2,.3e-2,.4e-2,.3e-2,.4e-2,.4e-2,.4e-2,.6e-2,.5e-2,.5e-2,.3e\
-2,.4e-2,.3e-2,.6e-2,.5e-2,.3e-2,.4e-2,.3e-2,.4e-2,.4e-2,.5e-2,.5e-2,.4e-2,.3e-\
2,.4e-2,.4e-2,.4e-2,.4e-2,.3e-2,.4e-2,.4e-2,.4e-2,.4e-2,.4e-2,.3e-2,.4e-2,.3e-2
,.3e-2,.4e-2,.4e-2,.5e-2,.3e-2,.4e-2,.4e-2,.4e-2,.5e-2,.4e-2,.5e-2,.5e-2,.4e-2,
.5e-2,.4e-2,.4e-2,.4e-2,.4e-2,.5e-2,.4e-2,.4e-2,.4e-2,.3e-2,.3e-2,.4e-2,.4e-2,.\
3e-2,.4e-2,.5e-2,.4e-2,.4e-2,.3e-2,.4e-2,.4e-2,.5e-2,.3e-2,.4e-2,.3e-2,.5e-2,.3\
e-2,.4e-2,.4e-2,.4e-2,.4e-2,.5e-2,.4e-2,.4e-2,.4e-2,.4e-2,.4e-2,.4e-2,.4e-2,.4e\
-2,.4e-2,.5e-2,.4e-2,.3e-2,.4e-2,.3e-2,.4e-2,.4e-2,.5e-2,.4e-2,.5e-2,.6e-2,.5e-\
2,.4e-2,.4e-2,.4e-2,.7e-2,.4e-2,.4e-2,.4e-2,.5e-2,.3e-2,.4e-2,.4e-2,.4e-2,.6e-2
,.3e-2,.5e-2,.5e-2,.3e-2,.5e-2,.6e-2,.4e-2,.4e-2,.5e-2,.3e-2,.4e-2,.4e-2,.4e-2,
.4e-2,.4e-2,.3e-2,.5e-2,.4e-2,.4e-2,.4e-2,.88e-1,.10e-1,.3e-2,.4e-2,.5e-2,.5e-2
,.4e-2,.3e-2,.4e-2,.4e-2,.5e-2,.6e-2,.4e-2,.4e-2,.5e-2,.3e-2,.4e-2,.4e-2,.4e-2,
.4e-2,.5e-2,.5e-2,.3e-2,.5e-2,.5e-2,.4e-2,.5e-2,.4e-2,.4e-2,.4e-2,.3e-2,.4e-2,.\
4e-2,.3e-2,.4e-2,.4e-2,.3e-2,.3e-2,.4e-2,.3e-2,.4e-2,.5e-2,.3e-2,.4e-2,.5e-2,.4\
e-2,.3e-2,.3e-2,.3e-2,.4e-2,.4e-2,.3e-2,.5e-2,.9e-2,.6e-2,.4e-2,.4e-2,.4e-2,.4e\
-2,.3e-2,.4e-2,.4e-2,.3e-2,.4e-2,.4e-2,.4e-2,.5e-2,.4e-2,.3e-2,.5e-2,.8e-2,.4e-\
2,.4e-2,.4e-2,.4e-2,.6e-2,.4e-2,.4e-2,.6e-2,.3e-2,.3e-2,.5e-2,.4e-2,.3e-2,.4e-2
,.6e-2,.4e-2,.3e-2,.4e-2,.4e-2,.3e-2,.4e-2,.4e-2,.4e-2,.5e-2,.6e-2,.5e-2,.4e-2,
.3e-2,.4e-2,.3e-2,.4e-2,.3e-2,.4e-2,.4e-2,.3e-2,.4e-2,.4e-2,.6e-2,.5e-2,.4e-2,.\
4e-2,.3e-2,.4e-2,.4e-2,.3e-2,.4e-2,.3e-2,.4e-2,.4e-2,.7e-2,.5e-2,.6e-2,.3e-2,.4\
e-2,.4e-2,.4e-2,.4e-2,.4e-2,.5e-2,.3e-2,.3e-2,.5e-2,.4e-2,.5e-2,.5e-2,.4e-2,.4e\
-2,.5e-2,.5e-2,.3e-2,.13e-1,.6e-2,.5e-2,.5e-2,.4e-2,.4e-2,.4e-2,.4e-2,.6e-2,.4e\
-2,.4e-2,.4e-2,.4e-2,.4e-2,.3e-2,.5e-2,.4e-2,.6e-2,.5e-2,.4e-2,.14e-1,.3e-2],[.\
4e-2,.5e-2,.4e-2,.5e-2,.3e-2,.3e-2,.3e-2,.4e-2,.4e-2,.3e-2,.4e-2,.4e-2,.4e-2,.5\
e-2,.6e-2,.5e-2,.6e-2,.4e-2,.4e-2,.4e-2,.3e-2,.5e-2,.3e-2,.5e-2,.3e-2,.3e-2,.4e\
-2,.4e-2,.4e-2,.4e-2,.5e-2,.4e-2,.3e-2,.3e-2,.5e-2,.4e-2,.4e-2,.5e-2,.3e-2,.3e-\
2,.3e-2,.3e-2,.4e-2,.4e-2,.3e-2,.4e-2,.4e-2,.5e-2,.6e-2,.4e-2,.4e-2,.5e-2,.4e-2
,.3e-2,.4e-2,.4e-2,.5e-2,.4e-2,.3e-2,.4e-2,.4e-2,.5e-2,.5e-2,.3e-2,.4e-2,.3e-2,
.5e-2,.4e-2,.3e-2,.5e-2,.5e-2,.5e-2,.5e-2,.4e-2,.6e-2,.4e-2,.6e-2,.8e-2,.3e-2,.\
4e-2,.4e-2,.4e-2,.4e-2,.4e-2,.4e-2,.4e-2,.4e-2,.5e-2,.4e-2,.6e-2,.5e-2,.3e-2,.3\
e-2,.4e-2,.5e-2,.4e-2,.3e-2,.4e-2,.4e-2,.4e-2,.3e-2,.3e-2,.4e-2,.5e-2,.3e-2,.4e\
-2,.4e-2,.5e-2,.5e-2,.3e-2,.4e-2,.3e-2,.4e-2,.4e-2,.4e-2,.5e-2,.5e-2,.5e-2,.5e-\
2,.4e-2,.4e-2,.3e-2,.3e-2,.4e-2,.4e-2,.5e-2,.3e-2,.5e-2,.4e-2,.4e-2,.4e-2,.4e-2
,.4e-2,.3e-2,.4e-2,.6e-2,.4e-2,.5e-2,.5e-2,.4e-2,.4e-2,.3e-2,.4e-2,.4e-2,.3e-2,
.3e-2,.6e-2,.3e-2,.4e-2,.5e-2,.6e-2,.4e-2,.5e-2,.4e-2,.93e-1,.6e-2,.4e-2,.4e-2,
.5e-2,.4e-2,.3e-2,.4e-2,.5e-2,.3e-2,.5e-2,.4e-2,.4e-2,.3e-2,.3e-2,.3e-2,.3e-2,.\
3e-2,.3e-2,.3e-2,.4e-2,.3e-2,.3e-2,.5e-2,.3e-2,.5e-2,.3e-2,.5e-2,.3e-2,.3e-2,.4\
e-2,.5e-2,.4e-2,.4e-2,.5e-2,.3e-2,.5e-2,.4e-2,.5e-2,.3e-2,.4e-2,.4e-2,.5e-2,.4e\
-2,.3e-2,.4e-2,.4e-2,.4e-2,.3e-2,.5e-2,.4e-2,.4e-2,.3e-2,.4e-2,.4e-2,.4e-2,.4e-\
2,.4e-2,.3e-2,.5e-2,.5e-2,.3e-2,.4e-2,.4e-2,.4e-2,.3e-2,.5e-2,.5e-2,.3e-2,.4e-2
,.3e-2,.4e-2,.4e-2,.3e-2,.5e-2,.3e-2,.5e-2,.5e-2,.4e-2,.4e-2,.5e-2,.3e-2,.3e-2,
.4e-2,.4e-2,.4e-2,.3e-2,.4e-2,.4e-2,.3e-2,.6e-2,.5e-2,.4e-2,.5e-2,.4e-2,.5e-2,.\
5e-2,.5e-2,.4e-2,.6e-2,.5e-2,.4e-2,.4e-2,.6e-2,.4e-2,.5e-2,.4e-2,.3e-2,.4e-2,.4\
e-2,.4e-2,.5e-2,.4e-2,.5e-2,.5e-2,.4e-2,.4e-2,.5e-2,.4e-2,.4e-2,.4e-2,.5e-2,.4e\
-2,.4e-2,.3e-2,.4e-2,.4e-2,.4e-2,.3e-2,.4e-2,.4e-2,.4e-2,.5e-2,.4e-2,.6e-2,.5e-\
2,.3e-2,.4e-2,.4e-2,.3e-2,.4e-2,.5e-2,.5e-2,.5e-2,.3e-2,.6e-2,.4e-2,.3e-2,.3e-2
,.4e-2,.3e-2,.4e-2,.5e-2,.5e-2,.3e-2,.5e-2,.4e-2,.91e-1,.4e-2,.4e-2,.5e-2,.4e-2
,.5e-2,.4e-2,.3e-2,.4e-2,.3e-2,.5e-2,.5e-2,.3e-2,.4e-2,.4e-2,.4e-2,.3e-2,.3e-2,
.3e-2,.3e-2,.3e-2,.3e-2,.3e-2,.3e-2,.3e-2,.4e-2,.3e-2,.4e-2,.4e-2,.5e-2,.3e-2,.\
4e-2,.5e-2,.3e-2,.4e-2,.3e-2,.4e-2,.3e-2,.4e-2,.4e-2,.3e-2,.4e-2,.4e-2,.4e-2,.4\
e-2,.4e-2,.4e-2,.4e-2,.4e-2,.3e-2,.4e-2,.3e-2,.4e-2,.7e-2,.3e-2,.3e-2,.3e-2,.5e\
-2,.4e-2,.4e-2,.5e-2,.4e-2,.4e-2,.4e-2,.4e-2,.4e-2,.3e-2,.4e-2,.4e-2,.3e-2,.3e-\
2,.4e-2,.5e-2,.3e-2,.5e-2,.4e-2,.5e-2,.5e-2,.3e-2,.6e-2,.4e-2,.4e-2,.3e-2,.3e-2
,.4e-2,.5e-2,.4e-2,.4e-2,.3e-2,.5e-2,.5e-2,.4e-2,.3e-2,.4e-2,.4e-2,.3e-2,.4e-2,
.3e-2,.4e-2,.4e-2,.3e-2,.5e-2,.5e-2,.3e-2,.4e-2,.5e-2,.4e-2,.5e-2,.3e-2,.5e-2,.\
5e-2,.4e-2,.3e-2,.4e-2,.4e-2,.4e-2,.7e-2,.4e-2,.4e-2,.6e-2,.3e-2,.4e-2,.3e-2,.4\
e-2,.3e-2,.3e-2,.4e-2,.4e-2,.4e-2,.4e-2,.4e-2,.3e-2,.4e-2,.4e-2,.4e-2,.4e-2,.5e\
-2,.4e-2,.3e-2,.4e-2,.3e-2,.4e-2,.4e-2,.4e-2,.4e-2,.3e-2,.6e-2,.4e-2,.3e-2,.4e-\
2,.4e-2,.3e-2,.4e-2,.4e-2,.5e-2,.4e-2,.4e-2,.4e-2,.4e-2,.4e-2,.4e-2,.3e-2,.4e-2
,.3e-2,.4e-2,.5e-2,.4e-2,.5e-2,.6e-2,.17e-1,.4e-2,.4e-2,.3e-2,.3e-2,.4e-2,.4e-2
,.3e-2,.4e-2,.4e-2,.4e-2,.120,.5e-2,.4e-2,.4e-2,.3e-2,.4e-2,.4e-2,.5e-2,.4e-2,.\
3e-2,.4e-2,.5e-2,.4e-2,.4e-2,.5e-2,.3e-2,.3e-2,.3e-2,.4e-2,.3e-2,.3e-2,.4e-2,.6\
e-2,.3e-2,.4e-2,.4e-2,.3e-2,.3e-2,.3e-2,.3e-2,.4e-2,.4e-2,.4e-2,.4e-2,.3e-2,.3e\
-2,.4e-2,.6e-2,.3e-2,.5e-2,.4e-2,.4e-2,.6e-2,.6e-2,.4e-2,.3e-2,.5e-2,.4e-2,.7e-\
2,.3e-2,.6e-2,.4e-2,.4e-2,.4e-2,.7e-2,.5e-2,.4e-2,.4e-2,.3e-2,.3e-2,.3e-2,.5e-2
,.4e-2,.4e-2,.4e-2,.5e-2,.3e-2,.4e-2,.4e-2,.4e-2,.3e-2,.3e-2,.6e-2,.3e-2,.4e-2,
.4e-2,.4e-2,.4e-2,.3e-2,.4e-2,.5e-2,.3e-2,.4e-2,.3e-2,.4e-2,.4e-2,.4e-2,.4e-2,.\
3e-2,.4e-2,.4e-2,.5e-2,.4e-2,.5e-2,.6e-2,.4e-2,.5e-2,.7e-2,.6e-2,.5e-2,.6e-2,.6\
e-2,.4e-2,.5e-2,.6e-2,.6e-2,.6e-2,.6e-2,.6e-2,.6e-2,.6e-2,.6e-2,.7e-2,.4e-2,.6e\
-2,.6e-2,.3e-2,.5e-2,.5e-2,.5e-2,.6e-2,.7e-2,.7e-2,.5e-2,.6e-2,.6e-2,.6e-2,.5e-\
2,.6e-2,.5e-2,.5e-2,.4e-2,.5e-2,.6e-2,.5e-2,.4e-2,.6e-2,.6e-2,.4e-2,.4e-2,.5e-2
,.3e-2,.7e-2,.5e-2,.4e-2,.3e-2,.4e-2,.4e-2,.3e-2,.4e-2,.4e-2,.4e-2,.6e-2,.4e-2,
.4e-2,.4e-2,.3e-2,.4e-2,.4e-2,.4e-2,.4e-2,.4e-2,.5e-2,.5e-2,.4e-2,.3e-2,.4e-2,.\
4e-2,.4e-2,.4e-2,.4e-2,.3e-2,.5e-2,.4e-2,.5e-2,.4e-2,.5e-2,.4e-2,.4e-2,.3e-2,.5\
e-2,.5e-2,.137,.4e-2,.5e-2,.4e-2,.4e-2,.5e-2,.3e-2,.4e-2,.4e-2,.4e-2,.4e-2,.3e-\
2,.4e-2,.3e-2,.5e-2,.4e-2,.3e-2,.4e-2,.4e-2,.3e-2,.4e-2,.4e-2,.3e-2,.3e-2,.4e-2
,.4e-2,.4e-2,.5e-2,.4e-2,.4e-2,.4e-2,.3e-2,.3e-2,.4e-2,.3e-2,.3e-2,.4e-2,.4e-2,
.3e-2,.3e-2,.4e-2,.4e-2,.4e-2,.3e-2,.3e-2,.4e-2,.4e-2,.4e-2,.4e-2,.3e-2,.4e-2,.\
3e-2,.3e-2,.4e-2,.5e-2,.4e-2,.4e-2,.4e-2,.4e-2,.4e-2,.5e-2,.5e-2,.4e-2,.4e-2,.5\
e-2,.4e-2,.3e-2,.7e-2,.5e-2,.4e-2,.4e-2,.4e-2,.4e-2,.4e-2,.5e-2,.3e-2,.5e-2,.5e\
-2,.4e-2,.3e-2,.4e-2,.3e-2,.3e-2,.4e-2,.4e-2,.3e-2,.3e-2,.3e-2,.4e-2,.4e-2,.4e-\
2,.3e-2,.4e-2,.3e-2,.5e-2,.4e-2,.4e-2,.4e-2,.4e-2,.4e-2,.4e-2,.6e-2,.6e-2,.3e-2
,.5e-2,.5e-2,.5e-2,.3e-2,.5e-2,.3e-2,.6e-2,.5e-2,.4e-2,.7e-2,.5e-2,.4e-2,.3e-2,
.4e-2,.5e-2,.6e-2,.4e-2,.5e-2,.4e-2,.3e-2,.4e-2,.3e-2,.4e-2,.4e-2,.4e-2,.3e-2,.\
4e-2,.4e-2,.3e-2,.4e-2,.4e-2,.5e-2,.4e-2,.4e-2,.4e-2,.4e-2,.4e-2,.4e-2,.3e-2,.4\
e-2,.3e-2,.3e-2,.5e-2,.4e-2,.5e-2,.4e-2,.5e-2,.4e-2,.3e-2,.4e-2,.3e-2,.4e-2,.3e\
-2,.5e-2,.4e-2,.4e-2,.5e-2,.3e-2,.4e-2,.4e-2,.4e-2,.4e-2,.4e-2,.6e-2,.3e-2,.5e-\
2,.4e-2,.4e-2,.3e-2,.4e-2,.3e-2,.4e-2,.5e-2,.4e-2,.6e-2,.4e-2,.6e-2,.4e-2,.131,
.5e-2,.6e-2,.4e-2,.4e-2,.4e-2,.4e-2,.4e-2,.4e-2,.3e-2,.3e-2,.4e-2,.3e-2,.3e-2,.\
4e-2,.4e-2,.6e-2,.5e-2,.5e-2,.4e-2,.4e-2,.5e-2,.6e-2,.5e-2,.4e-2,.5e-2,.5e-2,.3\
e-2,.3e-2,.3e-2,.4e-2,.5e-2,.4e-2,.4e-2,.3e-2,.5e-2,.5e-2,.3e-2,.4e-2,.3e-2,.4e\
-2,.5e-2,.4e-2,.3e-2,.4e-2,.4e-2,.4e-2,.4e-2,.4e-2,.4e-2,.3e-2,.4e-2,.5e-2,.5e-\
2,.4e-2,.5e-2,.4e-2,.5e-2,.4e-2,.4e-2,.4e-2,.5e-2,.3e-2,.4e-2,.4e-2,.4e-2,.3e-2
,.4e-2,.4e-2,.4e-2,.4e-2,.4e-2,.5e-2,.4e-2,.3e-2,.4e-2,.4e-2,.4e-2,.4e-2,.4e-2,
.5e-2,.4e-2,.7e-2,.4e-2,.4e-2,.3e-2,.4e-2,.3e-2,.4e-2,.5e-2,.4e-2,.4e-2,.5e-2,.\
5e-2,.4e-2,.4e-2,.4e-2,.4e-2,.3e-2,.5e-2,.5e-2,.3e-2,.5e-2,.5e-2,.4e-2,.4e-2,.4\
e-2,.4e-2,.3e-2,.4e-2,.4e-2,.4e-2,.3e-2,.3e-2,.4e-2,.4e-2,.4e-2,.4e-2,.4e-2,.4e\
-2,.3e-2,.4e-2,.4e-2,.4e-2,.5e-2,.4e-2,.4e-2,.4e-2,.4e-2,.4e-2,.4e-2,.4e-2,.4e-\
2,.3e-2,.4e-2,.3e-2,.4e-2,.5e-2,.4e-2,.3e-2,.5e-2,.5e-2,.3e-2,.4e-2,.4e-2,.4e-2
,.4e-2,.5e-2,.6e-2,.5e-2,.5e-2,.4e-2,.7e-2,.4e-2,.4e-2,.3e-2,.4e-2,.3e-2,.4e-2,
.4e-2,.5e-2,.4e-2,.4e-2,.4e-2,.4e-2,.3e-2,.7e-2,.4e-2,.4e-2,.3e-2,.5e-2,.4e-2,.\
5e-2,.4e-2,.4e-2,.4e-2,.5e-2,.4e-2,.3e-2,.4e-2,.4e-2,.134,.4e-2,.4e-2,.4e-2,.3e\
-2,.4e-2,.4e-2,.4e-2,.4e-2,.5e-2,.4e-2,.4e-2,.5e-2,.6e-2,.5e-2,.7e-2,.5e-2,.4e-\
2,.5e-2,.5e-2,.4e-2,.4e-2,.3e-2,.3e-2,.4e-2,.4e-2,.4e-2,.3e-2,.6e-2,.5e-2,.4e-2
,.3e-2,.3e-2,.4e-2,.3e-2,.3e-2,.5e-2,.4e-2,.5e-2,.5e-2,.3e-2,.3e-2,.4e-2,.4e-2,
.3e-2,.4e-2,.4e-2,.4e-2,.4e-2,.4e-2,.5e-2,.4e-2,.5e-2,.5e-2,.6e-2,.3e-2,.6e-2,.\
4e-2,.5e-2,.4e-2,.5e-2,.5e-2,.4e-2,.3e-2,.4e-2,.4e-2,.4e-2,.4e-2,.4e-2,.3e-2,.4\
e-2,.4e-2,.5e-2,.5e-2,.4e-2,.3e-2,.3e-2,.4e-2,.4e-2,.4e-2,.3e-2,.3e-2,.3e-2,.4e\
-2,.3e-2,.3e-2,.4e-2,.4e-2,.3e-2,.5e-2,.4e-2,.4e-2,.3e-2,.4e-2,.5e-2,.3e-2,.4e-\
2,.5e-2,.3e-2,.4e-2,.5e-2,.3e-2,.4e-2,.3e-2,.4e-2,.4e-2,.4e-2,.4e-2,.4e-2,.3e-2
,.6e-2,.4e-2,.4e-2,.4e-2,.4e-2,.4e-2,.4e-2,.5e-2,.3e-2,.4e-2,.4e-2,.5e-2,.3e-2,
.4e-2,.4e-2,.4e-2,.4e-2,.3e-2,.4e-2,.3e-2,.4e-2,.3e-2,.4e-2,.4e-2,.4e-2,.5e-2,.\
4e-2,.5e-2,.5e-2,.3e-2,.4e-2,.4e-2,.4e-2,.4e-2,.4e-2,.5e-2,.3e-2,.6e-2,.6e-2,.4\
e-2,.3e-2,.5e-2,.5e-2,.7e-2,.4e-2,.6e-2,.5e-2,.4e-2,.4e-2,.5e-2,.4e-2,.5e-2,.6e\
-2,.7e-2,.5e-2,.4e-2,.6e-2,.5e-2,.4e-2,.4e-2,.4e-2,.3e-2,.6e-2,.5e-2,.3e-2,.4e-\
2,.4e-2,.4e-2,.4e-2,.14e-1,.4e-2,.4e-2,.5e-2,.5e-2,.4e-2,.4e-2,.3e-2,.4e-2,.4e-\
2,.4e-2,.4e-2,.4e-2,.4e-2,.3e-2,.3e-2,.3e-2,.4e-2,.3e-2,.4e-2,.4e-2,.4e-2,.3e-2
,.4e-2,.3e-2,.4e-2,.4e-2,.4e-2,.4e-2,.4e-2,.4e-2,.4e-2,.3e-2,.4e-2,.4e-2,.4e-2,
.3e-2,.5e-2,.4e-2,.5e-2,.5e-2,.3e-2,.6e-2,.5e-2,.3e-2,.4e-2,.4e-2,.3e-2,.4e-2,.\
6e-2,.4e-2,.4e-2,.5e-2,.4e-2,.4e-2,.4e-2,.4e-2,.4e-2,.4e-2,.5e-2,.4e-2,.3e-2,.4\
e-2,.4e-2,.4e-2,.3e-2,.5e-2,.4e-2,.4e-2,.5e-2,.3e-2,.4e-2,.3e-2,.6e-2,.6e-2,.5e\
-2,.4e-2,.4e-2,.4e-2,.5e-2,.4e-2,.4e-2,.4e-2,.3e-2,.4e-2,.6e-2,.3e-2,.3e-2,.4e-\
2,.5e-2,.3e-2,.4e-2,.4e-2,.5e-2,.5e-2,.3e-2,.4e-2,.4e-2,.3e-2,.4e-2,.5e-2,.4e-2
,.4e-2,.6e-2,.5e-2,.4e-2,.4e-2,.3e-2,.4e-2,.4e-2,.4e-2,.5e-2,.4e-2,.6e-2,.3e-2,
.4e-2,.4e-2,.4e-2,.3e-2,.4e-2,.4e-2,.4e-2,.3e-2,.4e-2,.4e-2,.4e-2,.4e-2,.4e-2,.\
4e-2,.6e-2,.4e-2,.4e-2,.4e-2,.3e-2,.4e-2,.4e-2,.5e-2,.5e-2,.4e-2,.5e-2,.5e-2,.4\
e-2,.5e-2,.5e-2,.4e-2,.3e-2,.5e-2,.3e-2,.5e-2,.4e-2,.4e-2,.3e-2,.4e-2,.3e-2,.4e\
-2,.4e-2,.5e-2,.3e-2,.5e-2,.7e-2,.6e-2,.6e-2,.6e-2,.5e-2,.4e-2,.4e-2,.3e-2,.5e-\
2,.4e-2,.4e-2,.4e-2,.6e-2,.6e-2,.4e-2,.3e-2,.4e-2,.4e-2,.4e-2,.4e-2,.128,.4e-2,
.3e-2,.5e-2,.5e-2,.4e-2,.4e-2,.6e-2,.4e-2,.3e-2,.4e-2,.5e-2,.3e-2,.4e-2,.5e-2,.\
4e-2,.4e-2,.4e-2,.3e-2,.4e-2,.8e-2,.6e-2,.6e-2,.5e-2,.4e-2,.6e-2,.4e-2,.3e-2,.3\
e-2,.4e-2,.3e-2,.3e-2,.4e-2,.4e-2,.5e-2,.4e-2,.4e-2,.3e-2,.6e-2,.4e-2,.4e-2,.3e\
-2,.4e-2,.3e-2,.4e-2,.4e-2,.3e-2,.5e-2,.4e-2,.4e-2,.4e-2,.3e-2,.4e-2,.3e-2,.4e-\
2,.4e-2,.4e-2,.4e-2,.4e-2,.3e-2,.4e-2,.3e-2,.4e-2,.4e-2,.4e-2,.4e-2,.4e-2,.4e-2
,.4e-2,.4e-2,.3e-2,.3e-2,.4e-2,.4e-2,.5e-2,.4e-2,.4e-2,.4e-2,.3e-2,.4e-2,.3e-2,
.4e-2,.4e-2,.5e-2,.4e-2,.4e-2,.4e-2,.3e-2,.4e-2,.3e-2,.4e-2,.4e-2,.4e-2,.4e-2,.\
4e-2,.5e-2,.4e-2,.4e-2,.5e-2,.4e-2,.6e-2,.5e-2,.3e-2,.4e-2,.3e-2,.5e-2,.4e-2,.3\
e-2,.5e-2,.3e-2,.6e-2,.5e-2,.3e-2,.4e-2,.3e-2,.4e-2,.4e-2,.4e-2,.4e-2,.3e-2,.6e\
-2,.5e-2,.3e-2,.4e-2,.4e-2,.4e-2,.4e-2,.4e-2,.4e-2,.4e-2,.4e-2,.4e-2,.3e-2,.4e-\
2,.4e-2,.3e-2,.4e-2,.4e-2,.4e-2,.5e-2,.3e-2,.4e-2,.4e-2,.8e-2,.6e-2,.4e-2,.6e-2
,.4e-2,.4e-2,.5e-2,.3e-2,.4e-2,.4e-2,.4e-2,.5e-2,.4e-2,.4e-2,.4e-2,.3e-2,.5e-2,
.5e-2,.4e-2,.4e-2,.5e-2,.5e-2,.4e-2,.3e-2,.4e-2,.4e-2,.3e-2,.4e-2,.4e-2,.4e-2,.\
4e-2,.5e-2,.3e-2,.4e-2,.3e-2,.3e-2,.131,.4e-2,.5e-2,.3e-2,.4e-2,.4e-2,.4e-2,.3e\
-2,.4e-2,.3e-2,.3e-2,.4e-2,.5e-2,.3e-2,.3e-2,.3e-2,.5e-2,.5e-2,.4e-2,.3e-2,.4e-\
2,.5e-2,.5e-2,.4e-2,.3e-2,.3e-2,.4e-2,.3e-2,.4e-2,.6e-2,.5e-2,.4e-2,.4e-2,.4e-2
,.4e-2,.4e-2,.4e-2,.7e-2,.4e-2,.4e-2,.5e-2,.3e-2,.6e-2,.5e-2,.3e-2,.4e-2,.3e-2,
.4e-2,.4e-2,.4e-2,.5e-2,.4e-2,.3e-2,.5e-2,.3e-2,.4e-2,.5e-2,.4e-2,.3e-2,.4e-2,.\
4e-2,.3e-2,.4e-2,.5e-2,.4e-2,.4e-2,.5e-2,.3e-2,.4e-2,.4e-2,.4e-2,.3e-2,.4e-2,.5\
e-2,.3e-2,.4e-2,.4e-2,.4e-2,.4e-2,.3e-2,.4e-2,.3e-2,.4e-2,.6e-2,.6e-2,.6e-2,.6e\
-2,.4e-2,.5e-2,.3e-2,.4e-2,.4e-2,.4e-2,.4e-2,.4e-2,.4e-2,.4e-2,.5e-2,.5e-2,.4e-\
2,.4e-2,.4e-2,.3e-2,.5e-2,.3e-2,.5e-2,.4e-2,.4e-2,.5e-2,.4e-2,.5e-2,.4e-2,.5e-2
,.5e-2,.4e-2,.4e-2,.5e-2,.4e-2,.6e-2,.4e-2,.4e-2,.4e-2,.4e-2,.3e-2,.4e-2,.4e-2,
.4e-2,.4e-2,.3e-2,.5e-2,.3e-2,.5e-2,.5e-2,.3e-2,.4e-2,.4e-2,.3e-2,.4e-2,.3e-2,.\
4e-2,.4e-2,.3e-2,.4e-2,.4e-2,.4e-2,.5e-2,.6e-2,.4e-2,.5e-2,.8e-2,.8e-2,.4e-2,.5\
e-2,.4e-2,.3e-2,.4e-2,.3e-2,.4e-2,.4e-2,.6e-2,.8e-2,.4e-2,.4e-2,.3e-2,.4e-2,.4e\
-2,.3e-2,.6e-2,.3e-2,.6e-2,.5e-2,.3e-2,.4e-2,.4e-2,.3e-2,.4e-2,.4e-2,.4e-2,.132
,.4e-2,.4e-2,.4e-2,.6e-2,.3e-2,.6e-2,.5e-2,.3e-2,.4e-2,.4e-2,.3e-2,.3e-2,.4e-2,
.3e-2,.5e-2,.4e-2,.3e-2,.4e-2,.4e-2,.7e-2,.6e-2,.6e-2,.6e-2,.5e-2,.4e-2,.5e-2,.\
3e-2,.4e-2,.3e-2,.4e-2,.4e-2,.4e-2,.3e-2,.4e-2,.4e-2,.3e-2,.5e-2,.3e-2,.5e-2,.4\
e-2,.6e-2,.6e-2,.3e-2,.3e-2,.4e-2,.4e-2,.3e-2,.6e-2,.4e-2,.4e-2,.4e-2,.4e-2,.5e\
-2,.4e-2,.4e-2,.4e-2,.3e-2,.4e-2,.5e-2,.3e-2,.3e-2,.6e-2,.5e-2,.4e-2,.6e-2,.4e-\
2,.6e-2,.5e-2,.3e-2,.4e-2,.6e-2,.5e-2,.4e-2,.4e-2,.4e-2,.4e-2,.4e-2,.4e-2,.4e-2
,.4e-2,.6e-2,.5e-2,.3e-2,.4e-2,.3e-2,.4e-2,.3e-2,.5e-2,.4e-2,.4e-2,.3e-2,.4e-2,
.3e-2,.4e-2,.4e-2,.4e-2,.4e-2,.3e-2,.4e-2,.3e-2,.3e-2,.3e-2,.4e-2,.3e-2,.3e-2,.\
5e-2,.3e-2,.4e-2,.5e-2,.3e-2,.4e-2,.3e-2,.4e-2,.4e-2,.4e-2,.5e-2,.3e-2,.5e-2,.4\
e-2,.3e-2,.4e-2,.3e-2,.4e-2,.4e-2,.4e-2,.4e-2,.4e-2,.5e-2,.5e-2,.4e-2,.4e-2,.4e\
-2,.3e-2,.4e-2,.4e-2,.5e-2,.4e-2,.5e-2,.5e-2,.4e-2,.4e-2,.4e-2,.5e-2,.4e-2,.5e-\
2,.4e-2,.6e-2,.4e-2,.6e-2,.5e-2,.4e-2,.6e-2,.5e-2,.4e-2,.3e-2,.4e-2,.4e-2,.4e-2
,.4e-2,.4e-2,.5e-2,.4e-2,.7e-2,.5e-2,.4e-2,.4e-2,.4e-2,.4e-2,.4e-2,.5e-2,.5e-2,
.4e-2,.3e-2,.4e-2,.4e-2,.3e-2,.134,.7e-2,.3e-2,.3e-2,.5e-2,.4e-2,.3e-2,.4e-2,.4\
e-2,.3e-2,.5e-2,.4e-2,.3e-2,.4e-2,.3e-2,.4e-2,.3e-2,.4e-2,.4e-2,.3e-2,.5e-2,.5e\
-2,.3e-2,.4e-2,.3e-2,.4e-2,.4e-2,.3e-2,.6e-2,.3e-2,.5e-2,.4e-2,.3e-2,.4e-2,.3e-\
2,.4e-2,.5e-2,.3e-2,.5e-2,.3e-2,.4e-2,.4e-2,.3e-2,.4e-2,.3e-2,.4e-2,.4e-2,.3e-2
,.3e-2,.4e-2,.4e-2,.4e-2,.4e-2,.3e-2,.6e-2,.5e-2,.5e-2,.5e-2,.5e-2,.3e-2,.4e-2,
.4e-2,.4e-2,.4e-2,.4e-2,.4e-2,.3e-2,.5e-2,.6e-2,.3e-2,.4e-2,.4e-2]]);
