TIMES2 := Matrix(5, 250, [[.1e-2,.1e-2,.1e-2,.1e-2,.1e-2,0.,.1e-2,.1e-2,.1e-2,0\
.,.2e-2,0.,.1e-2,0.,0.,.1e-2,.1e-2,.1e-2,.1e-2,.1e-2,0.,.1e-2,0.,.1e-2,.1e-2,.1\
e-2,0.,.1e-2,.1e-2,.1e-2,.1e-2,.1e-2,0.,.1e-2,.1e-2,0.,.2e-2,.2e-2,.1e-2,.1e-2,
.1e-2,.1e-2,.2e-2,.1e-2,.2e-2,.1e-2,.1e-2,.1e-2,.1e-2,.1e-2,0.,.1e-2,.1e-2,0.,.\
1e-2,.1e-2,.1e-2,.1e-2,.1e-2,.1e-2,.1e-2,.1e-2,0.,.1e-2,.1e-2,.1e-2,.1e-2,0.,0.
,.1e-2,.1e-2,.1e-2,.1e-2,.1e-2,.1e-2,0.,.1e-2,.1e-2,.1e-2,.1e-2,.1e-2,.1e-2,.1e\
-2,0.,0.,0.,.1e-2,0.,.2e-2,0.,.1e-2,0.,.1e-2,.1e-2,.1e-2,.1e-2,.1e-2,0.,.1e-2,0\
.,.1e-2,.1e-2,.1e-2,.1e-2,.1e-2,0.,.1e-2,0.,0.,.1e-2,.1e-2,0.,.1e-2,0.,.1e-2,.1\
e-2,.1e-2,.1e-2,0.,0.,0.,.1e-2,.1e-2,.1e-2,.1e-2,.1e-2,.2e-2,.1e-2,.1e-2,.2e-2,
.1e-2,.1e-2,.1e-2,.1e-2,.1e-2,.1e-2,.1e-2,.1e-2,.1e-2,.1e-2,0.,.1e-2,.1e-2,.1e-\
2,.1e-2,.1e-2,.1e-2,.1e-2,.1e-2,0.,.1e-2,.2e-2,0.,.1e-2,0.,.1e-2,.1e-2,.1e-2,.2\
e-2,.2e-2,0.,.1e-2,0.,.1e-2,.1e-2,0.,.1e-2,.1e-2,.1e-2,.1e-2,.2e-2,.1e-2,.1e-2,
.1e-2,0.,.1e-2,0.,.1e-2,0.,0.,.1e-2,.1e-2,.1e-2,.1e-2,.1e-2,0.,.1e-2,.1e-2,0.,.\
1e-2,0.,.1e-2,.1e-2,.1e-2,.1e-2,.1e-2,0.,.1e-2,.1e-2,.1e-2,0.,0.,0.,.1e-2,.1e-2
,.1e-2,.1e-2,.1e-2,0.,0.,.1e-2,.1e-2,.1e-2,.1e-2,.1e-2,.1e-2,0.,.1e-2,0.,0.,.1e\
-2,.1e-2,0.,.1e-2,.1e-2,.1e-2,.1e-2,.1e-2,.1e-2,.1e-2,.1e-2,0.,0.,0.,0.,0.,0.,.\
2e-2,0.,.1e-2,.1e-2,.1e-2,0.,.1e-2,.1e-2,.1e-2,.1e-2,.1e-2,.1e-2,0.],[0.,.1e-2,
0.,.1e-2,0.,.1e-2,.1e-2,.1e-2,0.,.1e-2,.1e-2,.2e-2,0.,.2e-2,.1e-2,.1e-2,.1e-2,0\
.,0.,.1e-2,0.,0.,0.,.1e-2,0.,.1e-2,0.,.1e-2,0.,0.,.1e-2,.1e-2,.1e-2,.1e-2,.1e-2
,.1e-2,0.,.1e-2,.1e-2,0.,.1e-2,.1e-2,.2e-2,.1e-2,.1e-2,0.,0.,.1e-2,.1e-2,0.,.1e\
-2,0.,.1e-2,.1e-2,0.,0.,.1e-2,.1e-2,0.,.1e-2,0.,.1e-2,0.,0.,.1e-2,.1e-2,.1e-2,.\
1e-2,.1e-2,0.,.1e-2,.2e-2,.1e-2,.1e-2,.2e-2,.1e-2,0.,0.,.1e-2,.1e-2,.1e-2,.1e-2
,0.,0.,0.,0.,0.,0.,.1e-2,.1e-2,.1e-2,.1e-2,.1e-2,.1e-2,0.,.1e-2,0.,.1e-2,.1e-2,
.1e-2,.1e-2,0.,.1e-2,.1e-2,0.,.1e-2,.2e-2,0.,.1e-2,.2e-2,.1e-2,.1e-2,.1e-2,.1e-\
2,0.,.1e-2,.1e-2,.2e-2,.2e-2,.1e-2,.1e-2,.1e-2,0.,.2e-2,.1e-2,.1e-2,.1e-2,.1e-2
,.1e-2,.2e-2,.1e-2,.1e-2,.1e-2,0.,.1e-2,.1e-2,0.,0.,.1e-2,.1e-2,.1e-2,.1e-2,.1e\
-2,.1e-2,0.,.1e-2,0.,.1e-2,.1e-2,.1e-2,.1e-2,0.,0.,0.,.1e-2,.1e-2,0.,0.,.1e-2,.\
1e-2,.1e-2,0.,.1e-2,.1e-2,.1e-2,0.,.1e-2,.1e-2,0.,.1e-2,.1e-2,0.,0.,.1e-2,0.,.1\
e-2,.1e-2,.1e-2,.1e-2,.1e-2,.1e-2,.1e-2,0.,.1e-2,.1e-2,.1e-2,.1e-2,.1e-2,.1e-2,
.1e-2,.1e-2,.1e-2,.1e-2,.1e-2,.1e-2,.1e-2,.1e-2,.1e-2,.1e-2,.1e-2,.1e-2,0.,.1e-\
2,.1e-2,.2e-2,0.,0.,.1e-2,.1e-2,.1e-2,.1e-2,0.,.1e-2,.1e-2,.1e-2,.1e-2,.1e-2,.1\
e-2,.1e-2,.1e-2,.1e-2,.1e-2,.1e-2,.1e-2,0.,.1e-2,.2e-2,.1e-2,.1e-2,0.,0.,0.,.1e\
-2,0.,.1e-2,.1e-2,.1e-2,0.,.1e-2,.1e-2,.1e-2,0.,.1e-2,0.,.1e-2,.1e-2,.1e-2,.1e-\
2,0.,.1e-2],[.1e-2,.1e-2,0.,.1e-2,.1e-2,0.,.1e-2,0.,0.,0.,.1e-2,.1e-2,.1e-2,.1e\
-2,0.,.1e-2,.1e-2,0.,0.,0.,.1e-2,.1e-2,.1e-2,.1e-2,.1e-2,.1e-2,.1e-2,.1e-2,0.,0\
.,0.,0.,.1e-2,.1e-2,.1e-2,0.,0.,0.,.1e-2,0.,.1e-2,.1e-2,.1e-2,.1e-2,.1e-2,.1e-2
,0.,0.,.2e-2,.1e-2,.1e-2,0.,0.,0.,.1e-2,.1e-2,.1e-2,.2e-2,0.,0.,.1e-2,.1e-2,.1e\
-2,0.,.1e-2,.1e-2,.1e-2,0.,0.,.1e-2,0.,.1e-2,.1e-2,.1e-2,.1e-2,.1e-2,.1e-2,.1e-\
2,.1e-2,.1e-2,.1e-2,.1e-2,.1e-2,0.,0.,.2e-2,0.,.1e-2,.1e-2,.1e-2,0.,.1e-2,0.,0.
,0.,.1e-2,.1e-2,.1e-2,.1e-2,.2e-2,.1e-2,0.,0.,0.,.1e-2,.1e-2,.1e-2,.1e-2,.1e-2,
.1e-2,0.,.1e-2,.1e-2,.1e-2,.1e-2,0.,.1e-2,0.,.1e-2,.1e-2,.1e-2,.1e-2,.1e-2,.1e-\
2,.1e-2,.1e-2,.1e-2,.1e-2,.1e-2,.2e-2,.1e-2,.1e-2,.1e-2,.1e-2,.1e-2,.1e-2,0.,.1\
e-2,.1e-2,0.,0.,.1e-2,.1e-2,0.,0.,.1e-2,.1e-2,0.,0.,.1e-2,.1e-2,.1e-2,.1e-2,.1e\
-2,.1e-2,.1e-2,.1e-2,.1e-2,.1e-2,0.,0.,0.,0.,0.,0.,.1e-2,.1e-2,.1e-2,.1e-2,.1e-\
2,.1e-2,.1e-2,0.,.1e-2,.1e-2,0.,0.,.1e-2,.1e-2,.1e-2,.1e-2,.1e-2,0.,0.,.1e-2,.1\
e-2,.1e-2,.1e-2,.1e-2,.1e-2,.1e-2,.1e-2,0.,.1e-2,.1e-2,.1e-2,.1e-2,.1e-2,.1e-2,
.1e-2,.1e-2,.1e-2,.1e-2,.1e-2,.1e-2,0.,0.,0.,0.,0.,.1e-2,.1e-2,.1e-2,.1e-2,.2e-\
2,.1e-2,.1e-2,.1e-2,.1e-2,.1e-2,.1e-2,.2e-2,.1e-2,0.,.1e-2,0.,.1e-2,.1e-2,.1e-2
,0.,.1e-2,.1e-2,.2e-2,.1e-2,0.,0.,.1e-2,.1e-2,.1e-2,.1e-2,.1e-2,0.,0.,.1e-2,0.,
.1e-2,.1e-2,0.,0.,0.],[.1e-2,.1e-2,.1e-2,.1e-2,.1e-2,.1e-2,.1e-2,.1e-2,.1e-2,.1\
e-2,0.,0.,.1e-2,.1e-2,.1e-2,.1e-2,.1e-2,.1e-2,0.,0.,.1e-2,.1e-2,.1e-2,.1e-2,.1e\
-2,.33e-1,.1e-2,.1e-2,.2e-2,.1e-2,.1e-2,.1e-2,.1e-2,.1e-2,.1e-2,.1e-2,.1e-2,0.,
.1e-2,.2e-2,0.,.1e-2,0.,.1e-2,.1e-2,.1e-2,0.,.1e-2,.1e-2,0.,.1e-2,.1e-2,.1e-2,0\
.,0.,.1e-2,.1e-2,.1e-2,.1e-2,.1e-2,.1e-2,.1e-2,.1e-2,.1e-2,0.,.1e-2,.1e-2,.1e-2
,0.,.1e-2,.2e-2,.1e-2,.1e-2,.1e-2,.1e-2,.1e-2,.1e-2,0.,0.,.1e-2,.1e-2,.1e-2,.1e\
-2,.1e-2,.1e-2,0.,.1e-2,.1e-2,.1e-2,0.,.1e-2,.1e-2,0.,.1e-2,.1e-2,.1e-2,0.,.1e-\
2,.1e-2,.1e-2,.1e-2,.1e-2,.2e-2,.1e-2,.1e-2,.1e-2,.1e-2,0.,0.,.1e-2,.1e-2,0.,.1\
e-2,0.,0.,.2e-2,0.,.1e-2,.1e-2,.1e-2,.1e-2,.1e-2,.1e-2,0.,.1e-2,.1e-2,.1e-2,0.,
.1e-2,.1e-2,.1e-2,0.,0.,.1e-2,.1e-2,.1e-2,.1e-2,0.,.1e-2,.1e-2,.1e-2,.1e-2,.1e-\
2,.1e-2,.1e-2,.1e-2,.1e-2,.1e-2,0.,.1e-2,.1e-2,.2e-2,.1e-2,0.,.1e-2,.1e-2,0.,.1\
e-2,0.,.1e-2,0.,.2e-2,.1e-2,0.,.1e-2,.1e-2,0.,.1e-2,.1e-2,.1e-2,.1e-2,.1e-2,.1e\
-2,.1e-2,.2e-2,0.,.1e-2,.1e-2,.1e-2,.2e-2,.1e-2,.1e-2,.1e-2,.1e-2,.1e-2,.1e-2,0\
.,0.,.1e-2,.1e-2,.1e-2,.1e-2,.1e-2,.1e-2,.1e-2,.1e-2,.1e-2,.2e-2,.1e-2,.1e-2,0.
,.1e-2,0.,0.,0.,.1e-2,.1e-2,.1e-2,.1e-2,.1e-2,.1e-2,.1e-2,.1e-2,0.,.1e-2,.1e-2,
.1e-2,.1e-2,.1e-2,.1e-2,.1e-2,.1e-2,.1e-2,.1e-2,.1e-2,.1e-2,.1e-2,.1e-2,.1e-2,.\
1e-2,.1e-2,.1e-2,.1e-2,0.,.1e-2,.1e-2,0.,.1e-2,.2e-2,0.,.1e-2,.1e-2,0.,.1e-2,.1\
e-2,.2e-2,.1e-2,.1e-2,.2e-2,.1e-2],[.1e-2,.2e-2,.1e-2,0.,.1e-2,.1e-2,.1e-2,.1e-\
2,.1e-2,0.,0.,.1e-2,.1e-2,.1e-2,0.,.1e-2,.1e-2,.1e-2,0.,.2e-2,.1e-2,.1e-2,.1e-2
,.1e-2,.1e-2,.1e-2,.1e-2,.1e-2,.1e-2,.1e-2,0.,.1e-2,.2e-2,.1e-2,0.,.1e-2,0.,0.,
.1e-2,.1e-2,.1e-2,.1e-2,.2e-2,0.,.1e-2,.1e-2,.1e-2,.1e-2,.1e-2,.1e-2,.1e-2,.1e-\
2,.1e-2,0.,0.,.1e-2,.1e-2,.1e-2,0.,0.,0.,.1e-2,.1e-2,0.,0.,0.,.1e-2,.1e-2,.34e-\
1,.1e-2,.1e-2,.1e-2,.1e-2,.1e-2,0.,.1e-2,0.,.1e-2,.1e-2,0.,.1e-2,.1e-2,.1e-2,.1\
e-2,.1e-2,0.,0.,.1e-2,0.,.1e-2,.1e-2,.1e-2,.1e-2,.1e-2,0.,0.,.1e-2,.1e-2,.1e-2,
.1e-2,.1e-2,.1e-2,.1e-2,.1e-2,.1e-2,0.,.1e-2,0.,.1e-2,.1e-2,.1e-2,.3e-2,.3e-2,.\
2e-2,.1e-2,0.,.1e-2,.1e-2,.1e-2,.1e-2,.1e-2,.1e-2,.1e-2,.1e-2,.1e-2,.2e-2,.1e-2
,.1e-2,.1e-2,.1e-2,.1e-2,.1e-2,.1e-2,.2e-2,0.,0.,.1e-2,.1e-2,.1e-2,.1e-2,.1e-2,
.1e-2,.1e-2,.1e-2,.1e-2,.1e-2,0.,0.,.1e-2,.1e-2,.1e-2,.1e-2,.1e-2,0.,0.,.1e-2,.\
1e-2,.1e-2,.1e-2,0.,.1e-2,.1e-2,0.,.1e-2,.1e-2,.1e-2,.2e-2,.2e-2,.1e-2,.2e-2,.1\
e-2,.1e-2,.2e-2,.2e-2,.2e-2,.1e-2,.1e-2,.2e-2,.1e-2,.1e-2,.1e-2,.1e-2,.1e-2,.2e\
-2,.1e-2,.2e-2,.1e-2,.2e-2,.1e-2,0.,.1e-2,.1e-2,.1e-2,.1e-2,.1e-2,.1e-2,.1e-2,.\
1e-2,.1e-2,.1e-2,.1e-2,.2e-2,.1e-2,.1e-2,.1e-2,.1e-2,.1e-2,.1e-2,.1e-2,.1e-2,.1\
e-2,.1e-2,.1e-2,.1e-2,.1e-2,.1e-2,.1e-2,0.,.1e-2,0.,.1e-2,.1e-2,.1e-2,0.,.1e-2,
.2e-2,.1e-2,0.,0.,.1e-2,0.,.1e-2,.1e-2,0.,.1e-2,.2e-2,.1e-2,.1e-2,0.,.1e-2,0.,.\
1e-2,0.,.1e-2,.1e-2,0.,.1e-2,0.,0.,.1e-2]]);
