TIMES1 := Matrix(5, 100, [[.3e-2,.3e-2,.4e-2,.5e-2,.4e-2,.3e-2,.3e-2,.5e-2,.4e-\
2,.4e-2,.4e-2,.3e-2,.20e-1,.4e-2,.6e-2,.5e-2,.3e-2,.4e-2,.4e-2,.3e-2,.4e-2,.4e-\
2,.4e-2,.3e-2,.4e-2,.4e-2,.3e-2,.3e-2,.3e-2,.3e-2,.4e-2,.4e-2,.3e-2,.4e-2,.3e-2
,.3e-2,.3e-2,.3e-2,.4e-2,.3e-2,.4e-2,.4e-2,.4e-2,.4e-2,.3e-2,.5e-2,.4e-2,.4e-2,
.3e-2,.4e-2,.24e-1,.6e-2,.5e-2,.4e-2,.6e-2,.4e-2,.4e-2,.3e-2,.4e-2,.4e-2,.3e-2,
.5e-2,.5e-2,.4e-2,.4e-2,.3e-2,.4e-2,.4e-2,.4e-2,.5e-2,.4e-2,.4e-2,.5e-2,.3e-2,.\
4e-2,.4e-2,.4e-2,.4e-2,.3e-2,.4e-2,.4e-2,.4e-2,.5e-2,.5e-2,.4e-2,.4e-2,.21e-1,.\
4e-2,.5e-2,.6e-2,.4e-2,.3e-2,.5e-2,.4e-2,.3e-2,.6e-2,.4e-2,.3e-2,.3e-2,.4e-2],[
.3e-2,.3e-2,.4e-2,.3e-2,.3e-2,.3e-2,.3e-2,.4e-2,.3e-2,.4e-2,.5e-2,.5e-2,.3e-2,.\
4e-2,.4e-2,.3e-2,.4e-2,.3e-2,.3e-2,.4e-2,.3e-2,.4e-2,.5e-2,.20e-1,.4e-2,.4e-2,.\
4e-2,.4e-2,.3e-2,.5e-2,.3e-2,.4e-2,.4e-2,.3e-2,.4e-2,.3e-2,.3e-2,.3e-2,.4e-2,.4\
e-2,.4e-2,.7e-2,.3e-2,.4e-2,.6e-2,.3e-2,.6e-2,.4e-2,.3e-2,.3e-2,.4e-2,.5e-2,.3e\
-2,.3e-2,.4e-2,.3e-2,.4e-2,.4e-2,.4e-2,.3e-2,.3e-2,.21e-1,.4e-2,.4e-2,.4e-2,.3e\
-2,.4e-2,.4e-2,.5e-2,.4e-2,.4e-2,.3e-2,.3e-2,.4e-2,.5e-2,.4e-2,.3e-2,.3e-2,.4e-\
2,.3e-2,.4e-2,.3e-2,.3e-2,.4e-2,.4e-2,.5e-2,.5e-2,.3e-2,.4e-2,.6e-2,.4e-2,.4e-2
,.4e-2,.4e-2,.5e-2,.6e-2,.4e-2,.4e-2,.26e-1,.4e-2],[.6e-2,.4e-2,.4e-2,.3e-2,.4e\
-2,.3e-2,.3e-2,.4e-2,.5e-2,.4e-2,.4e-2,.4e-2,.2e-2,.4e-2,.5e-2,.4e-2,.5e-2,.3e-\
2,.4e-2,.5e-2,.4e-2,.5e-2,.5e-2,.4e-2,.5e-2,.7e-2,.4e-2,.3e-2,.5e-2,.4e-2,.3e-2
,.3e-2,.4e-2,.3e-2,.4e-2,.23e-1,.4e-2,.6e-2,.4e-2,.4e-2,.4e-2,.4e-2,.4e-2,.3e-2
,.4e-2,.4e-2,.4e-2,.4e-2,.3e-2,.3e-2,.4e-2,.4e-2,.4e-2,.4e-2,.3e-2,.3e-2,.3e-2,
.4e-2,.5e-2,.4e-2,.5e-2,.3e-2,.3e-2,.5e-2,.4e-2,.4e-2,.3e-2,.4e-2,.3e-2,.4e-2,.\
4e-2,.21e-1,.4e-2,.4e-2,.5e-2,.3e-2,.4e-2,.4e-2,.3e-2,.6e-2,.4e-2,.3e-2,.3e-2,.\
4e-2,.4e-2,.4e-2,.4e-2,.3e-2,.3e-2,.3e-2,.3e-2,.4e-2,.4e-2,.4e-2,.3e-2,.4e-2,.4\
e-2,.3e-2,.4e-2,.5e-2],[.5e-2,.3e-2,.4e-2,.4e-2,.3e-2,.4e-2,.4e-2,.23e-1,.4e-2,
.5e-2,.3e-2,.3e-2,.4e-2,.5e-2,.4e-2,.3e-2,.5e-2,.5e-2,.3e-2,.3e-2,.3e-2,.3e-2,.\
4e-2,.4e-2,.4e-2,.4e-2,.4e-2,.5e-2,.5e-2,.4e-2,.6e-2,.4e-2,.4e-2,.5e-2,.5e-2,.3\
e-2,.5e-2,.4e-2,.4e-2,.5e-2,.4e-2,.3e-2,.5e-2,.5e-2,.2e-2,.5e-2,.5e-2,.4e-2,.3e\
-2,.5e-2,.5e-2,.3e-2,.3e-2,.3e-2,.3e-2,.3e-2,.3e-2,.4e-2,.3e-2,.4e-2,.3e-2,.3e-\
2,.3e-2,.4e-2,.3e-2,.4e-2,.4e-2,.3e-2,.3e-2,.3e-2,.5e-2,.3e-2,.3e-2,.3e-2,.4e-2
,.3e-2,.4e-2,.19e-1,.4e-2,.3e-2,.4e-2,.5e-2,.4e-2,.4e-2,.5e-2,.3e-2,.4e-2,.3e-2
,.4e-2,.3e-2,.5e-2,.5e-2,.4e-2,.6e-2,.5e-2,.3e-2,.4e-2,.3e-2,.3e-2,.3e-2],[.4e-\
2,.4e-2,.4e-2,.3e-2,.5e-2,.5e-2,.4e-2,.5e-2,.4e-2,.5e-2,.5e-2,.4e-2,.24e-1,.5e-\
2,.4e-2,.5e-2,.5e-2,.3e-2,.5e-2,.4e-2,.4e-2,.5e-2,.4e-2,.4e-2,.6e-2,.6e-2,.3e-2
,.5e-2,.5e-2,.3e-2,.5e-2,.6e-2,.3e-2,.5e-2,.6e-2,.3e-2,.5e-2,.4e-2,.4e-2,.4e-2,
.5e-2,.4e-2,.3e-2,.6e-2,.5e-2,.5e-2,.6e-2,.24e-1,.4e-2,.5e-2,.4e-2,.5e-2,.3e-2,
.3e-2,.5e-2,.4e-2,.3e-2,.5e-2,.5e-2,.3e-2,.5e-2,.5e-2,.3e-2,.3e-2,.5e-2,.3e-2,.\
3e-2,.3e-2,.4e-2,.4e-2,.5e-2,.3e-2,.4e-2,.3e-2,.4e-2,.4e-2,.4e-2,.3e-2,.3e-2,.4\
e-2,.3e-2,.4e-2,.21e-1,.4e-2,.4e-2,.5e-2,.3e-2,.5e-2,.3e-2,.4e-2,.4e-2,.3e-2,.3\
e-2,.3e-2,.4e-2,.4e-2,.3e-2,.3e-2,.4e-2,.3e-2]]);
