TIMES1 := Matrix(5, 1000, [[.6e-2,.3e-2,.3e-2,.4e-2,.3e-2,.4e-2,.4e-2,.4e-2,.4e\
-2,.4e-2,.4e-2,.5e-2,.3e-2,.3e-2,.4e-2,.4e-2,.3e-2,.4e-2,.3e-2,.4e-2,.3e-2,.4e-\
2,.3e-2,.38e-1,.5e-2,.4e-2,.3e-2,.4e-2,.4e-2,.4e-2,.3e-2,.5e-2,.4e-2,.3e-2,.4e-\
2,.3e-2,.6e-2,.4e-2,.3e-2,.3e-2,.3e-2,.4e-2,.3e-2,.4e-2,.3e-2,.5e-2,.4e-2,.7e-2
,.6e-2,.4e-2,.4e-2,.4e-2,.4e-2,.4e-2,.4e-2,.4e-2,.4e-2,.6e-2,.4e-2,.4e-2,.7e-2,
.7e-2,.11e-1,.5e-2,.9e-2,.5e-2,.3e-2,.5e-2,.6e-2,.3e-2,.5e-2,.7e-2,.3e-2,.4e-2,
.4e-2,.3e-2,.3e-2,.4e-2,.4e-2,.4e-2,.5e-2,.4e-2,.4e-2,.4e-2,.4e-2,.4e-2,.5e-2,.\
4e-2,.4e-2,.4e-2,.4e-2,.4e-2,.4e-2,.3e-2,.3e-2,.41e-1,.4e-2,.5e-2,.4e-2,.5e-2,.\
4e-2,.4e-2,.4e-2,.6e-2,.5e-2,.5e-2,.5e-2,.4e-2,.4e-2,.4e-2,.3e-2,.4e-2,.4e-2,.3\
e-2,.3e-2,.3e-2,.3e-2,.4e-2,.3e-2,.3e-2,.5e-2,.3e-2,.4e-2,.6e-2,.4e-2,.3e-2,.3e\
-2,.3e-2,.3e-2,.3e-2,.3e-2,.3e-2,.4e-2,.4e-2,.4e-2,.5e-2,.5e-2,.4e-2,.5e-2,.4e-\
2,.5e-2,.3e-2,.4e-2,.4e-2,.4e-2,.4e-2,.4e-2,.3e-2,.3e-2,.5e-2,.4e-2,.3e-2,.4e-2
,.3e-2,.3e-2,.5e-2,.5e-2,.4e-2,.4e-2,.3e-2,.4e-2,.3e-2,.6e-2,.5e-2,.3e-2,.3e-2,
.3e-2,.40e-1,.6e-2,.5e-2,.4e-2,.5e-2,.4e-2,.5e-2,.4e-2,.5e-2,.3e-2,.5e-2,.5e-2,
.3e-2,.3e-2,.3e-2,.5e-2,.5e-2,.3e-2,.5e-2,.4e-2,.6e-2,.4e-2,.4e-2,.5e-2,.4e-2,.\
3e-2,.4e-2,.4e-2,.4e-2,.4e-2,.4e-2,.4e-2,.5e-2,.4e-2,.4e-2,.5e-2,.4e-2,.5e-2,.5\
e-2,.4e-2,.4e-2,.4e-2,.5e-2,.4e-2,.3e-2,.4e-2,.6e-2,.3e-2,.5e-2,.5e-2,.4e-2,.5e\
-2,.3e-2,.4e-2,.6e-2,.4e-2,.3e-2,.5e-2,.4e-2,.3e-2,.4e-2,.4e-2,.4e-2,.4e-2,.5e-\
2,.4e-2,.4e-2,.4e-2,.4e-2,.4e-2,.3e-2,.36e-1,.4e-2,.5e-2,.4e-2,.4e-2,.3e-2,.5e-\
2,.3e-2,.5e-2,.3e-2,.4e-2,.4e-2,.3e-2,.3e-2,.3e-2,.4e-2,.3e-2,.4e-2,.4e-2,.3e-2
,.3e-2,.5e-2,.4e-2,.4e-2,.3e-2,.4e-2,.3e-2,.4e-2,.5e-2,.3e-2,.4e-2,.3e-2,.4e-2,
.3e-2,.4e-2,.4e-2,.3e-2,.3e-2,.3e-2,.3e-2,.4e-2,.3e-2,.3e-2,.3e-2,.4e-2,.3e-2,.\
4e-2,.3e-2,.5e-2,.3e-2,.4e-2,.4e-2,.3e-2,.4e-2,.3e-2,.4e-2,.5e-2,.6e-2,.5e-2,.3\
e-2,.7e-2,.5e-2,.4e-2,.4e-2,.4e-2,.4e-2,.7e-2,.4e-2,.4e-2,.4e-2,.4e-2,.3e-2,.10\
e-1,.5e-2,.4e-2,.4e-2,.3e-2,.3e-2,.4e-2,.3e-2,.3e-2,.3e-2,.3e-2,.4e-2,.3e-2,.3e\
-2,.4e-2,.4e-2,.4e-2,.3e-2,.4e-2,.4e-2,.3e-2,.4e-2,.4e-2,.4e-2,.4e-2,.3e-2,.4e-\
2,.4e-2,.4e-2,.5e-2,.4e-2,.3e-2,.3e-2,.3e-2,.3e-2,.3e-2,.3e-2,.3e-2,.3e-2,.3e-2
,.3e-2,.5e-2,.4e-2,.4e-2,.4e-2,.4e-2,.4e-2,.4e-2,.4e-2,.3e-2,.4e-2,.3e-2,.5e-2,
.3e-2,.5e-2,.3e-2,.4e-2,.4e-2,.5e-2,.4e-2,.4e-2,.4e-2,.4e-2,.4e-2,.5e-2,.4e-2,.\
3e-2,.4e-2,.3e-2,.5e-2,.39e-1,.4e-2,.5e-2,.3e-2,.3e-2,.3e-2,.5e-2,.3e-2,.5e-2,.\
4e-2,.5e-2,.4e-2,.3e-2,.4e-2,.4e-2,.4e-2,.5e-2,.3e-2,.3e-2,.3e-2,.4e-2,.3e-2,.4\
e-2,.4e-2,.4e-2,.4e-2,.4e-2,.4e-2,.4e-2,.5e-2,.4e-2,.4e-2,.5e-2,.4e-2,.5e-2,.4e\
-2,.4e-2,.4e-2,.6e-2,.4e-2,.3e-2,.3e-2,.4e-2,.4e-2,.4e-2,.6e-2,.3e-2,.3e-2,.3e-\
2,.4e-2,.4e-2,.4e-2,.3e-2,.4e-2,.3e-2,.6e-2,.5e-2,.3e-2,.5e-2,.5e-2,.3e-2,.4e-2
,.3e-2,.4e-2,.3e-2,.5e-2,.5e-2,.3e-2,.3e-2,.3e-2,.3e-2,.37e-1,.3e-2,.5e-2,.4e-2
,.4e-2,.5e-2,.3e-2,.4e-2,.4e-2,.4e-2,.3e-2,.4e-2,.5e-2,.3e-2,.3e-2,.3e-2,.3e-2,
.4e-2,.5e-2,.4e-2,.3e-2,.4e-2,.4e-2,.4e-2,.4e-2,.4e-2,.4e-2,.4e-2,.5e-2,.5e-2,.\
3e-2,.4e-2,.4e-2,.4e-2,.4e-2,.4e-2,.3e-2,.4e-2,.3e-2,.5e-2,.5e-2,.5e-2,.4e-2,.4\
e-2,.3e-2,.4e-2,.4e-2,.4e-2,.3e-2,.6e-2,.4e-2,.5e-2,.4e-2,.4e-2,.3e-2,.4e-2,.4e\
-2,.3e-2,.3e-2,.3e-2,.4e-2,.6e-2,.4e-2,.3e-2,.4e-2,.4e-2,.6e-2,.3e-2,.3e-2,.3e-\
2,.3e-2,.43e-1,.5e-2,.4e-2,.5e-2,.4e-2,.3e-2,.4e-2,.4e-2,.4e-2,.4e-2,.4e-2,.4e-\
2,.3e-2,.3e-2,.3e-2,.3e-2,.3e-2,.3e-2,.4e-2,.3e-2,.5e-2,.4e-2,.4e-2,.5e-2,.6e-2
,.4e-2,.5e-2,.4e-2,.6e-2,.5e-2,.4e-2,.3e-2,.4e-2,.4e-2,.4e-2,.7e-2,.3e-2,.4e-2,
.4e-2,.4e-2,.4e-2,.4e-2,.3e-2,.4e-2,.3e-2,.6e-2,.5e-2,.3e-2,.4e-2,.4e-2,.4e-2,.\
4e-2,.4e-2,.4e-2,.4e-2,.4e-2,.4e-2,.4e-2,.5e-2,.3e-2,.4e-2,.5e-2,.6e-2,.3e-2,.5\
e-2,.4e-2,.6e-2,.5e-2,.4e-2,.3e-2,.5e-2,.4e-2,.47e-1,.4e-2,.6e-2,.3e-2,.3e-2,.4\
e-2,.5e-2,.3e-2,.4e-2,.3e-2,.3e-2,.3e-2,.3e-2,.3e-2,.3e-2,.5e-2,.5e-2,.4e-2,.5e\
-2,.4e-2,.5e-2,.5e-2,.4e-2,.5e-2,.6e-2,.6e-2,.4e-2,.7e-2,.7e-2,.6e-2,.4e-2,.3e-\
2,.4e-2,.3e-2,.4e-2,.4e-2,.4e-2,.5e-2,.4e-2,.5e-2,.4e-2,.4e-2,.4e-2,.3e-2,.4e-2
,.4e-2,.4e-2,.4e-2,.4e-2,.3e-2,.4e-2,.6e-2,.3e-2,.3e-2,.3e-2,.4e-2,.3e-2,.6e-2,
.5e-2,.4e-2,.3e-2,.4e-2,.3e-2,.3e-2,.5e-2,.5e-2,.4e-2,.4e-2,.4e-2,.4e-2,.3e-2,.\
41e-1,.4e-2,.5e-2,.5e-2,.4e-2,.3e-2,.4e-2,.3e-2,.4e-2,.4e-2,.5e-2,.4e-2,.4e-2,.\
5e-2,.3e-2,.3e-2,.4e-2,.4e-2,.4e-2,.3e-2,.3e-2,.4e-2,.5e-2,.4e-2,.5e-2,.4e-2,.4\
e-2,.6e-2,.3e-2,.4e-2,.4e-2,.3e-2,.4e-2,.3e-2,.4e-2,.5e-2,.4e-2,.4e-2,.3e-2,.4e\
-2,.3e-2,.4e-2,.6e-2,.4e-2,.4e-2,.4e-2,.4e-2,.4e-2,.4e-2,.4e-2,.3e-2,.4e-2,.5e-\
2,.4e-2,.3e-2,.3e-2,.4e-2,.4e-2,.4e-2,.5e-2,.4e-2,.3e-2,.5e-2,.5e-2,.4e-2,.3e-2
,.3e-2,.3e-2,.3e-2,.4e-2,.4e-2,.4e-2,.47e-1,.5e-2,.4e-2,.3e-2,.4e-2,.4e-2,.5e-2
,.3e-2,.3e-2,.4e-2,.6e-2,.3e-2,.3e-2,.4e-2,.3e-2,.3e-2,.3e-2,.4e-2,.4e-2,.3e-2,
.3e-2,.4e-2,.4e-2,.5e-2,.4e-2,.3e-2,.3e-2,.3e-2,.3e-2,.4e-2,.3e-2,.3e-2,.4e-2,.\
3e-2,.4e-2,.4e-2,.4e-2,.4e-2,.4e-2,.4e-2,.4e-2,.4e-2,.3e-2,.4e-2,.4e-2,.5e-2,.5\
e-2,.3e-2,.3e-2,.4e-2,.4e-2,.3e-2,.4e-2,.7e-2,.4e-2,.4e-2,.5e-2,.3e-2,.4e-2,.4e\
-2,.3e-2,.3e-2,.3e-2,.3e-2,.4e-2,.4e-2,.4e-2,.4e-2,.3e-2,.4e-2,.4e-2,.43e-1,.6e\
-2,.5e-2,.3e-2,.4e-2,.4e-2,.4e-2,.4e-2,.5e-2,.3e-2,.3e-2,.7e-2,.3e-2,.4e-2,.3e-\
2,.4e-2,.4e-2,.4e-2,.6e-2,.4e-2,.3e-2,.3e-2,.4e-2,.3e-2,.3e-2,.3e-2,.5e-2,.3e-2
,.3e-2,.4e-2,.3e-2,.4e-2,.6e-2,.3e-2,.3e-2,.3e-2,.4e-2,.4e-2,.4e-2,.3e-2,.4e-2,
.3e-2,.4e-2,.3e-2,.4e-2,.4e-2,.4e-2,.3e-2,.4e-2,.3e-2,.4e-2,.4e-2,.5e-2,.5e-2,.\
5e-2,.6e-2,.5e-2,.4e-2,.6e-2,.5e-2,.4e-2,.4e-2,.4e-2,.4e-2,.6e-2,.4e-2,.4e-2,.4\
e-2,.4e-2,.3e-2,.40e-1,.4e-2,.5e-2,.5e-2,.4e-2,.5e-2,.4e-2,.5e-2,.4e-2,.3e-2,.4\
e-2,.3e-2,.4e-2,.3e-2,.4e-2,.4e-2,.4e-2,.4e-2,.3e-2,.3e-2,.3e-2,.4e-2,.4e-2,.4e\
-2,.4e-2,.4e-2,.3e-2,.5e-2,.5e-2,.3e-2,.4e-2,.3e-2,.4e-2,.3e-2,.4e-2,.3e-2,.4e-\
2,.3e-2,.4e-2,.6e-2,.3e-2,.4e-2,.4e-2,.5e-2,.3e-2,.3e-2,.4e-2,.4e-2,.4e-2,.4e-2
,.5e-2,.3e-2,.5e-2,.5e-2,.4e-2,.6e-2,.5e-2,.5e-2,.3e-2,.4e-2,.3e-2,.4e-2,.4e-2,
.4e-2,.4e-2,.3e-2,.4e-2,.3e-2,.4e-2,.4e-2,.39e-1,.5e-2,.6e-2,.3e-2,.5e-2,.5e-2,
.4e-2,.3e-2,.3e-2,.4e-2,.4e-2,.4e-2,.4e-2,.3e-2,.4e-2,.6e-2,.4e-2,.3e-2,.3e-2,.\
4e-2,.4e-2,.3e-2,.3e-2,.5e-2,.4e-2,.5e-2,.5e-2,.4e-2,.4e-2,.5e-2,.4e-2,.4e-2,.6\
e-2,.4e-2,.4e-2,.6e-2,.3e-2,.4e-2,.3e-2,.4e-2,.3e-2,.4e-2,.4e-2,.3e-2,.3e-2,.3e\
-2,.5e-2,.4e-2,.4e-2,.5e-2,.4e-2,.4e-2],[.5e-2,.4e-2,.4e-2,.4e-2,.3e-2,.3e-2,.3\
e-2,.5e-2,.3e-2,.5e-2,.3e-2,.4e-2,.3e-2,.3e-2,.4e-2,.5e-2,.4e-2,.4e-2,.4e-2,.42\
e-1,.4e-2,.4e-2,.6e-2,.3e-2,.4e-2,.5e-2,.4e-2,.3e-2,.3e-2,.3e-2,.3e-2,.3e-2,.5e\
-2,.5e-2,.3e-2,.5e-2,.4e-2,.4e-2,.3e-2,.4e-2,.4e-2,.4e-2,.4e-2,.4e-2,.4e-2,.4e-\
2,.4e-2,.3e-2,.4e-2,.4e-2,.4e-2,.4e-2,.4e-2,.4e-2,.3e-2,.4e-2,.5e-2,.4e-2,.4e-2
,.3e-2,.4e-2,.3e-2,.3e-2,.4e-2,.3e-2,.4e-2,.4e-2,.5e-2,.4e-2,.3e-2,.3e-2,.4e-2,
.4e-2,.3e-2,.4e-2,.3e-2,.3e-2,.5e-2,.5e-2,.4e-2,.5e-2,.4e-2,.3e-2,.5e-2,.4e-2,.\
4e-2,.5e-2,.5e-2,.4e-2,.3e-2,.3e-2,.35e-1,.3e-2,.6e-2,.4e-2,.4e-2,.3e-2,.5e-2,.\
4e-2,.3e-2,.6e-2,.4e-2,.3e-2,.4e-2,.4e-2,.4e-2,.3e-2,.3e-2,.3e-2,.3e-2,.3e-2,.4\
e-2,.5e-2,.3e-2,.4e-2,.4e-2,.4e-2,.4e-2,.4e-2,.5e-2,.4e-2,.3e-2,.4e-2,.5e-2,.3e\
-2,.3e-2,.3e-2,.3e-2,.3e-2,.3e-2,.5e-2,.4e-2,.4e-2,.4e-2,.5e-2,.4e-2,.3e-2,.3e-\
2,.5e-2,.4e-2,.4e-2,.6e-2,.4e-2,.6e-2,.5e-2,.3e-2,.5e-2,.5e-2,.4e-2,.4e-2,.4e-2
,.4e-2,.3e-2,.4e-2,.3e-2,.4e-2,.3e-2,.4e-2,.5e-2,.4e-2,.3e-2,.4e-2,.37e-1,.4e-2
,.6e-2,.3e-2,.4e-2,.5e-2,.3e-2,.5e-2,.3e-2,.5e-2,.4e-2,.3e-2,.4e-2,.3e-2,.3e-2,
.3e-2,.5e-2,.3e-2,.5e-2,.4e-2,.3e-2,.3e-2,.3e-2,.5e-2,.4e-2,.4e-2,.4e-2,.4e-2,.\
3e-2,.4e-2,.3e-2,.5e-2,.4e-2,.4e-2,.4e-2,.3e-2,.3e-2,.3e-2,.4e-2,.3e-2,.6e-2,.5\
e-2,.3e-2,.4e-2,.4e-2,.3e-2,.3e-2,.4e-2,.4e-2,.4e-2,.4e-2,.4e-2,.4e-2,.5e-2,.4e\
-2,.4e-2,.4e-2,.4e-2,.3e-2,.6e-2,.3e-2,.3e-2,.3e-2,.4e-2,.4e-2,.3e-2,.3e-2,.5e-\
2,.3e-2,.5e-2,.4e-2,.36e-1,.5e-2,.5e-2,.4e-2,.6e-2,.4e-2,.4e-2,.3e-2,.4e-2,.4e-\
2,.4e-2,.3e-2,.3e-2,.4e-2,.3e-2,.3e-2,.6e-2,.3e-2,.3e-2,.3e-2,.3e-2,.4e-2,.3e-2
,.3e-2,.5e-2,.4e-2,.4e-2,.7e-2,.3e-2,.3e-2,.4e-2,.5e-2,.4e-2,.4e-2,.5e-2,.3e-2,
.3e-2,.4e-2,.4e-2,.3e-2,.3e-2,.3e-2,.4e-2,.4e-2,.6e-2,.5e-2,.3e-2,.4e-2,.5e-2,.\
4e-2,.5e-2,.3e-2,.4e-2,.4e-2,.5e-2,.5e-2,.4e-2,.4e-2,.4e-2,.4e-2,.5e-2,.4e-2,.5\
e-2,.4e-2,.4e-2,.5e-2,.3e-2,.4e-2,.4e-2,.5e-2,.4e-2,.39e-1,.4e-2,.5e-2,.4e-2,.3\
e-2,.4e-2,.3e-2,.4e-2,.4e-2,.4e-2,.4e-2,.4e-2,.5e-2,.3e-2,.4e-2,.3e-2,.3e-2,.5e\
-2,.5e-2,.3e-2,.4e-2,.4e-2,.4e-2,.4e-2,.4e-2,.4e-2,.3e-2,.3e-2,.4e-2,.5e-2,.4e-\
2,.4e-2,.3e-2,.3e-2,.3e-2,.4e-2,.4e-2,.3e-2,.3e-2,.4e-2,.5e-2,.4e-2,.4e-2,.4e-2
,.3e-2,.3e-2,.4e-2,.4e-2,.5e-2,.3e-2,.3e-2,.4e-2,.3e-2,.4e-2,.5e-2,.6e-2,.4e-2,
.4e-2,.3e-2,.4e-2,.4e-2,.4e-2,.5e-2,.3e-2,.5e-2,.5e-2,.4e-2,.3e-2,.4e-2,.3e-2,.\
39e-1,.6e-2,.4e-2,.6e-2,.3e-2,.3e-2,.4e-2,.4e-2,.3e-2,.3e-2,.5e-2,.4e-2,.4e-2,.\
5e-2,.5e-2,.3e-2,.3e-2,.3e-2,.3e-2,.3e-2,.3e-2,.3e-2,.3e-2,.4e-2,.4e-2,.4e-2,.4\
e-2,.4e-2,.3e-2,.3e-2,.4e-2,.3e-2,.6e-2,.4e-2,.4e-2,.4e-2,.3e-2,.3e-2,.4e-2,.3e\
-2,.3e-2,.4e-2,.3e-2,.4e-2,.5e-2,.3e-2,.4e-2,.3e-2,.3e-2,.4e-2,.3e-2,.4e-2,.4e-\
2,.4e-2,.4e-2,.5e-2,.3e-2,.5e-2,.4e-2,.4e-2,.4e-2,.4e-2,.4e-2,.3e-2,.4e-2,.3e-2
,.4e-2,.4e-2,.4e-2,.3e-2,.38e-1,.4e-2,.5e-2,.3e-2,.5e-2,.5e-2,.3e-2,.3e-2,.4e-2
,.4e-2,.4e-2,.3e-2,.3e-2,.3e-2,.3e-2,.4e-2,.4e-2,.5e-2,.4e-2,.4e-2,.6e-2,.3e-2,
.4e-2,.3e-2,.3e-2,.4e-2,.4e-2,.3e-2,.4e-2,.3e-2,.3e-2,.3e-2,.5e-2,.3e-2,.4e-2,.\
4e-2,.4e-2,.4e-2,.3e-2,.4e-2,.3e-2,.5e-2,.4e-2,.4e-2,.4e-2,.4e-2,.4e-2,.4e-2,.4\
e-2,.4e-2,.5e-2,.4e-2,.3e-2,.4e-2,.5e-2,.4e-2,.5e-2,.4e-2,.4e-2,.6e-2,.4e-2,.4e\
-2,.3e-2,.5e-2,.3e-2,.5e-2,.4e-2,.4e-2,.6e-2,.4e-2,.35e-1,.5e-2,.5e-2,.4e-2,.3e\
-2,.5e-2,.3e-2,.4e-2,.3e-2,.4e-2,.4e-2,.5e-2,.4e-2,.3e-2,.5e-2,.4e-2,.4e-2,.3e-\
2,.3e-2,.4e-2,.4e-2,.4e-2,.4e-2,.5e-2,.3e-2,.4e-2,.5e-2,.4e-2,.3e-2,.3e-2,.3e-2
,.3e-2,.4e-2,.3e-2,.4e-2,.3e-2,.4e-2,.3e-2,.3e-2,.4e-2,.5e-2,.6e-2,.4e-2,.4e-2,
.4e-2,.4e-2,.3e-2,.3e-2,.3e-2,.3e-2,.3e-2,.3e-2,.3e-2,.6e-2,.4e-2,.5e-2,.4e-2,.\
4e-2,.3e-2,.5e-2,.4e-2,.3e-2,.4e-2,.4e-2,.4e-2,.4e-2,.4e-2,.5e-2,.3e-2,.5e-2,.5\
e-2,.39e-1,.5e-2,.4e-2,.5e-2,.4e-2,.3e-2,.4e-2,.3e-2,.4e-2,.4e-2,.4e-2,.3e-2,.3\
e-2,.4e-2,.5e-2,.6e-2,.5e-2,.4e-2,.3e-2,.3e-2,.3e-2,.3e-2,.4e-2,.4e-2,.4e-2,.4e\
-2,.4e-2,.4e-2,.3e-2,.4e-2,.5e-2,.4e-2,.3e-2,.4e-2,.4e-2,.4e-2,.6e-2,.4e-2,.4e-\
2,.3e-2,.4e-2,.3e-2,.6e-2,.5e-2,.3e-2,.3e-2,.3e-2,.4e-2,.4e-2,.4e-2,.5e-2,.3e-2
,.6e-2,.5e-2,.3e-2,.5e-2,.3e-2,.4e-2,.3e-2,.4e-2,.4e-2,.3e-2,.5e-2,.5e-2,.3e-2,
.3e-2,.4e-2,.3e-2,.3e-2,.4e-2,.3e-2,.3e-2,.40e-1,.5e-2,.3e-2,.5e-2,.3e-2,.4e-2,
.4e-2,.4e-2,.3e-2,.4e-2,.3e-2,.3e-2,.5e-2,.3e-2,.4e-2,.5e-2,.4e-2,.4e-2,.3e-2,.\
4e-2,.5e-2,.3e-2,.3e-2,.4e-2,.3e-2,.4e-2,.5e-2,.3e-2,.3e-2,.4e-2,.4e-2,.4e-2,.4\
e-2,.4e-2,.4e-2,.4e-2,.4e-2,.4e-2,.3e-2,.3e-2,.3e-2,.3e-2,.3e-2,.4e-2,.5e-2,.3e\
-2,.4e-2,.4e-2,.4e-2,.4e-2,.4e-2,.4e-2,.4e-2,.3e-2,.4e-2,.5e-2,.4e-2,.4e-2,.3e-\
2,.5e-2,.3e-2,.5e-2,.5e-2,.4e-2,.4e-2,.4e-2,.4e-2,.4e-2,.3e-2,.3e-2,.4e-2,.45e-\
1,.5e-2,.5e-2,.3e-2,.6e-2,.4e-2,.4e-2,.4e-2,.4e-2,.5e-2,.5e-2,.3e-2,.4e-2,.6e-2
,.3e-2,.3e-2,.3e-2,.5e-2,.4e-2,.6e-2,.4e-2,.3e-2,.4e-2,.4e-2,.3e-2,.4e-2,.3e-2,
.4e-2,.3e-2,.4e-2,.6e-2,.4e-2,.3e-2,.3e-2,.4e-2,.3e-2,.3e-2,.3e-2,.3e-2,.3e-2,.\
3e-2,.3e-2,.3e-2,.4e-2,.5e-2,.4e-2,.5e-2,.3e-2,.4e-2,.5e-2,.3e-2,.6e-2,.5e-2,.4\
e-2,.4e-2,.4e-2,.4e-2,.4e-2,.5e-2,.4e-2,.4e-2,.3e-2,.3e-2,.4e-2,.4e-2,.3e-2,.4e\
-2,.4e-2,.4e-2,.4e-2,.46e-1,.5e-2,.4e-2,.4e-2,.5e-2,.3e-2,.5e-2,.4e-2,.4e-2,.4e\
-2,.3e-2,.4e-2,.3e-2,.4e-2,.4e-2,.3e-2,.3e-2,.5e-2,.5e-2,.3e-2,.3e-2,.3e-2,.3e-\
2,.4e-2,.4e-2,.5e-2,.4e-2,.3e-2,.5e-2,.3e-2,.3e-2,.5e-2,.5e-2,.4e-2,.4e-2,.3e-2
,.3e-2,.3e-2,.4e-2,.3e-2,.4e-2,.3e-2,.3e-2,.5e-2,.4e-2,.4e-2,.6e-2,.4e-2,.3e-2,
.3e-2,.3e-2,.5e-2,.3e-2,.3e-2,.5e-2,.3e-2,.4e-2,.7e-2,.4e-2,.4e-2,.5e-2,.3e-2,.\
4e-2,.6e-2,.4e-2,.5e-2,.6e-2,.4e-2,.4e-2,.4e-2,.4e-2,.48e-1,.5e-2,.4e-2,.5e-2,.\
5e-2,.3e-2,.4e-2,.3e-2,.4e-2,.4e-2,.4e-2,.3e-2,.3e-2,.4e-2,.3e-2,.4e-2,.5e-2,.5\
e-2,.4e-2,.3e-2,.3e-2,.4e-2,.3e-2,.3e-2,.4e-2,.3e-2,.5e-2,.3e-2,.4e-2,.4e-2,.3e\
-2,.3e-2,.4e-2,.4e-2,.4e-2,.3e-2,.3e-2,.4e-2,.4e-2,.3e-2,.4e-2,.4e-2,.5e-2,.3e-\
2,.3e-2,.4e-2,.4e-2,.3e-2,.3e-2,.4e-2,.4e-2,.3e-2,.5e-2,.5e-2,.4e-2,.5e-2,.5e-2
,.4e-2,.3e-2,.5e-2,.4e-2,.4e-2,.3e-2,.5e-2,.3e-2,.4e-2,.4e-2,.4e-2,.3e-2,.3e-2,
.3e-2,.42e-1,.6e-2,.3e-2,.5e-2,.5e-2,.4e-2,.4e-2,.4e-2,.3e-2,.3e-2,.5e-2,.5e-2,
.3e-2,.3e-2,.3e-2,.3e-2,.3e-2,.3e-2,.3e-2,.4e-2,.4e-2,.3e-2,.4e-2,.4e-2,.4e-2,.\
3e-2,.4e-2,.4e-2,.3e-2,.4e-2,.6e-2,.4e-2,.3e-2,.6e-2,.3e-2,.5e-2,.5e-2,.5e-2,.5\
e-2,.5e-2,.4e-2,.3e-2,.3e-2,.4e-2,.4e-2,.4e-2,.4e-2,.3e-2,.6e-2,.5e-2,.3e-2,.5e\
-2,.4e-2,.4e-2,.3e-2,.5e-2,.5e-2,.3e-2,.4e-2,.5e-2],[.3e-2,.3e-2,.4e-2,.3e-2,.4\
e-2,.4e-2,.4e-2,.4e-2,.4e-2,.3e-2,.38e-1,.3e-2,.5e-2,.5e-2,.3e-2,.5e-2,.4e-2,.4\
e-2,.3e-2,.3e-2,.4e-2,.4e-2,.4e-2,.4e-2,.3e-2,.3e-2,.3e-2,.4e-2,.3e-2,.4e-2,.4e\
-2,.4e-2,.3e-2,.4e-2,.4e-2,.4e-2,.3e-2,.3e-2,.4e-2,.3e-2,.4e-2,.4e-2,.4e-2,.3e-\
2,.3e-2,.6e-2,.3e-2,.4e-2,.4e-2,.4e-2,.3e-2,.3e-2,.4e-2,.4e-2,.4e-2,.4e-2,.6e-2
,.3e-2,.3e-2,.3e-2,.3e-2,.4e-2,.4e-2,.4e-2,.3e-2,.4e-2,.3e-2,.3e-2,.3e-2,.3e-2,
.5e-2,.5e-2,.5e-2,.4e-2,.4e-2,.4e-2,.3e-2,.5e-2,.5e-2,.3e-2,.5e-2,.4e-2,.40e-1,
.4e-2,.5e-2,.3e-2,.4e-2,.7e-2,.4e-2,.4e-2,.5e-2,.3e-2,.3e-2,.5e-2,.3e-2,.3e-2,.\
3e-2,.6e-2,.5e-2,.3e-2,.3e-2,.4e-2,.4e-2,.4e-2,.4e-2,.4e-2,.4e-2,.3e-2,.5e-2,.3\
e-2,.6e-2,.3e-2,.3e-2,.4e-2,.4e-2,.4e-2,.3e-2,.3e-2,.3e-2,.3e-2,.3e-2,.3e-2,.3e\
-2,.3e-2,.3e-2,.3e-2,.3e-2,.5e-2,.3e-2,.4e-2,.3e-2,.5e-2,.3e-2,.3e-2,.4e-2,.4e-\
2,.3e-2,.5e-2,.5e-2,.3e-2,.5e-2,.4e-2,.5e-2,.3e-2,.3e-2,.3e-2,.3e-2,.4e-2,.4e-2
,.4e-2,.4e-2,.3e-2,.3e-2,.40e-1,.4e-2,.6e-2,.4e-2,.4e-2,.6e-2,.4e-2,.6e-2,.5e-2
,.3e-2,.3e-2,.4e-2,.3e-2,.3e-2,.4e-2,.4e-2,.5e-2,.3e-2,.3e-2,.5e-2,.3e-2,.4e-2,
.6e-2,.4e-2,.3e-2,.4e-2,.3e-2,.3e-2,.3e-2,.3e-2,.4e-2,.3e-2,.3e-2,.3e-2,.4e-2,.\
3e-2,.5e-2,.4e-2,.4e-2,.4e-2,.4e-2,.4e-2,.4e-2,.4e-2,.3e-2,.4e-2,.3e-2,.5e-2,.4\
e-2,.3e-2,.4e-2,.4e-2,.4e-2,.4e-2,.4e-2,.3e-2,.4e-2,.4e-2,.5e-2,.4e-2,.5e-2,.5e\
-2,.4e-2,.5e-2,.8e-2,.4e-2,.6e-2,.4e-2,.4e-2,.4e-2,.3e-2,.37e-1,.3e-2,.8e-2,.3e\
-2,.3e-2,.5e-2,.4e-2,.3e-2,.3e-2,.5e-2,.4e-2,.3e-2,.3e-2,.3e-2,.5e-2,.4e-2,.4e-\
2,.4e-2,.4e-2,.4e-2,.4e-2,.3e-2,.3e-2,.3e-2,.4e-2,.4e-2,.3e-2,.4e-2,.4e-2,.4e-2
,.4e-2,.4e-2,.4e-2,.4e-2,.3e-2,.4e-2,.4e-2,.3e-2,.4e-2,.4e-2,.5e-2,.5e-2,.3e-2,
.4e-2,.4e-2,.4e-2,.4e-2,.3e-2,.4e-2,.5e-2,.5e-2,.6e-2,.5e-2,.4e-2,.7e-2,.6e-2,.\
6e-2,.5e-2,.5e-2,.4e-2,.4e-2,.5e-2,.3e-2,.5e-2,.5e-2,.5e-2,.6e-2,.4e-2,.4e-2,.4\
e-2,.45e-1,.6e-2,.5e-2,.5e-2,.4e-2,.3e-2,.6e-2,.4e-2,.5e-2,.5e-2,.4e-2,.4e-2,.3\
e-2,.4e-2,.3e-2,.4e-2,.5e-2,.4e-2,.3e-2,.5e-2,.6e-2,.5e-2,.4e-2,.4e-2,.4e-2,.4e\
-2,.3e-2,.5e-2,.4e-2,.4e-2,.6e-2,.4e-2,.5e-2,.4e-2,.5e-2,.5e-2,.5e-2,.3e-2,.4e-\
2,.6e-2,.4e-2,.5e-2,.5e-2,.4e-2,.4e-2,.6e-2,.5e-2,.4e-2,.4e-2,.4e-2,.4e-2,.6e-2
,.4e-2,.5e-2,.5e-2,.4e-2,.4e-2,.5e-2,.4e-2,.4e-2,.5e-2,.4e-2,.5e-2,.6e-2,.4e-2,
.3e-2,.4e-2,.4e-2,.4e-2,.4e-2,.43e-1,.4e-2,.4e-2,.4e-2,.4e-2,.5e-2,.4e-2,.4e-2,
.4e-2,.4e-2,.4e-2,.4e-2,.4e-2,.3e-2,.3e-2,.5e-2,.5e-2,.3e-2,.3e-2,.3e-2,.3e-2,.\
3e-2,.4e-2,.5e-2,.3e-2,.5e-2,.6e-2,.4e-2,.4e-2,.4e-2,.4e-2,.3e-2,.4e-2,.3e-2,.3\
e-2,.4e-2,.3e-2,.3e-2,.4e-2,.5e-2,.4e-2,.5e-2,.6e-2,.6e-2,.3e-2,.5e-2,.4e-2,.4e\
-2,.3e-2,.5e-2,.6e-2,.4e-2,.5e-2,.6e-2,.4e-2,.4e-2,.4e-2,.4e-2,.4e-2,.5e-2,.3e-\
2,.5e-2,.3e-2,.4e-2,.4e-2,.5e-2,.5e-2,.3e-2,.5e-2,.3e-2,.6e-2,.5e-2,.5e-2,.3e-2
,.3e-2,.4e-2,.3e-2,.6e-2,.4e-2,.3e-2,.4e-2,.4e-2,.3e-2,.4e-2,.3e-2,.3e-2,.4e-2,
.4e-2,.4e-2,.4e-2,.4e-2,.4e-2,.5e-2,.5e-2,.4e-2,.4e-2,.4e-2,.4e-2,.7e-2,.4e-2,.\
5e-2,.5e-2,.5e-2,.4e-2,.4e-2,.3e-2,.4e-2,.4e-2,.3e-2,.4e-2,.4e-2,.4e-2,.3e-2,.6\
e-2,.5e-2,.3e-2,.3e-2,.4e-2,.4e-2,.6e-2,.3e-2,.5e-2,.6e-2,.5e-2,.4e-2,.4e-2,.7e\
-2,.4e-2,.4e-2,.4e-2,.4e-2,.6e-2,.5e-2,.4e-2,.3e-2,.4e-2,.4e-2,.4e-2,.4e-2,.4e-\
2,.5e-2,.5e-2,.6e-2,.4e-2,.4e-2,.4e-2,.3e-2,.4e-2,.4e-2,.6e-2,.3e-2,.5e-2,.6e-2
,.5e-2,.4e-2,.5e-2,.4e-2,.5e-2,.5e-2,.3e-2,.4e-2,.3e-2,.3e-2,.4e-2,.5e-2,.5e-2,
.3e-2,.3e-2,.3e-2,.3e-2,.5e-2,.5e-2,.4e-2,.5e-2,.5e-2,.5e-2,.5e-2,.4e-2,.5e-2,.\
4e-2,.4e-2,.4e-2,.3e-2,.6e-2,.4e-2,.4e-2,.3e-2,.4e-2,.5e-2,.4e-2,.4e-2,.5e-2,.3\
e-2,.3e-2,.4e-2,.4e-2,.6e-2,.5e-2,.6e-2,.4e-2,.4e-2,.3e-2,.4e-2,.6e-2,.3e-2,.4e\
-2,.4e-2,.3e-2,.8e-2,.6e-2,.3e-2,.7e-2,.4e-2,.5e-2,.5e-2,.3e-2,.3e-2,.4e-2,.3e-\
2,.4e-2,.4e-2,.4e-2,.3e-2,.4e-2,.4e-2,.4e-2,.3e-2,.4e-2,.3e-2,.3e-2,.4e-2,.4e-2
,.3e-2,.3e-2,.3e-2,.4e-2,.4e-2,.4e-2,.4e-2,.4e-2,.4e-2,.4e-2,.4e-2,.5e-2,.5e-2,
.4e-2,.3e-2,.3e-2,.3e-2,.4e-2,.4e-2,.4e-2,.3e-2,.6e-2,.4e-2,.4e-2,.4e-2,.3e-2,.\
3e-2,.4e-2,.4e-2,.5e-2,.4e-2,.5e-2,.6e-2,.4e-2,.3e-2,.4e-2,.4e-2,.3e-2,.5e-2,.6\
e-2,.4e-2,.4e-2,.4e-2,.4e-2,.5e-2,.6e-2,.3e-2,.3e-2,.4e-2,.40e-1,.5e-2,.5e-2,.4\
e-2,.4e-2,.5e-2,.3e-2,.6e-2,.4e-2,.3e-2,.4e-2,.5e-2,.4e-2,.5e-2,.5e-2,.3e-2,.3e\
-2,.3e-2,.3e-2,.3e-2,.4e-2,.4e-2,.3e-2,.4e-2,.4e-2,.5e-2,.3e-2,.3e-2,.3e-2,.3e-\
2,.3e-2,.4e-2,.4e-2,.3e-2,.3e-2,.3e-2,.5e-2,.4e-2,.5e-2,.6e-2,.3e-2,.4e-2,.4e-2
,.4e-2,.4e-2,.4e-2,.4e-2,.3e-2,.4e-2,.6e-2,.4e-2,.5e-2,.5e-2,.4e-2,.3e-2,.4e-2,
.3e-2,.3e-2,.4e-2,.4e-2,.4e-2,.4e-2,.5e-2,.4e-2,.4e-2,.3e-2,.3e-2,.4e-2,.4e-2,.\
4e-2,.5e-2,.43e-1,.4e-2,.4e-2,.5e-2,.4e-2,.3e-2,.4e-2,.4e-2,.4e-2,.3e-2,.5e-2,.\
5e-2,.5e-2,.3e-2,.5e-2,.4e-2,.5e-2,.6e-2,.3e-2,.5e-2,.4e-2,.4e-2,.3e-2,.4e-2,.5\
e-2,.3e-2,.5e-2,.4e-2,.6e-2,.3e-2,.4e-2,.3e-2,.4e-2,.4e-2,.3e-2,.4e-2,.4e-2,.4e\
-2,.4e-2,.3e-2,.3e-2,.3e-2,.4e-2,.4e-2,.4e-2,.4e-2,.4e-2,.3e-2,.5e-2,.5e-2,.3e-\
2,.3e-2,.4e-2,.4e-2,.4e-2,.3e-2,.6e-2,.4e-2,.3e-2,.5e-2,.4e-2,.4e-2,.6e-2,.3e-2
,.3e-2,.3e-2,.5e-2,.5e-2,.5e-2,.3e-2,.4e-2,.41e-1,.7e-2,.5e-2,.5e-2,.3e-2,.4e-2
,.4e-2,.3e-2,.3e-2,.3e-2,.4e-2,.3e-2,.4e-2,.3e-2,.4e-2,.3e-2,.3e-2,.4e-2,.4e-2,
.5e-2,.5e-2,.3e-2,.3e-2,.4e-2,.3e-2,.4e-2,.3e-2,.3e-2,.4e-2,.4e-2,.4e-2,.5e-2,.\
3e-2,.4e-2,.4e-2,.3e-2,.4e-2,.3e-2,.4e-2,.3e-2,.5e-2,.4e-2,.4e-2,.4e-2,.4e-2,.5\
e-2,.4e-2,.3e-2,.4e-2,.3e-2,.4e-2,.3e-2,.5e-2,.4e-2,.3e-2,.5e-2,.4e-2,.4e-2,.3e\
-2,.4e-2,.3e-2,.4e-2,.4e-2,.4e-2,.3e-2,.4e-2,.4e-2,.5e-2,.4e-2,.5e-2,.39e-1,.4e\
-2,.4e-2,.5e-2,.5e-2,.3e-2,.4e-2,.4e-2,.4e-2,.3e-2,.4e-2,.4e-2,.4e-2,.4e-2,.4e-\
2,.4e-2,.3e-2,.4e-2,.3e-2,.3e-2,.4e-2,.3e-2,.4e-2,.3e-2,.5e-2,.5e-2,.3e-2,.4e-2
,.6e-2,.4e-2,.4e-2,.4e-2,.3e-2,.4e-2,.5e-2,.5e-2,.4e-2,.4e-2,.4e-2,.3e-2,.4e-2,
.3e-2,.4e-2,.4e-2,.4e-2,.4e-2,.4e-2,.4e-2,.4e-2,.3e-2,.4e-2,.3e-2,.5e-2,.5e-2,.\
4e-2,.4e-2,.4e-2,.4e-2,.6e-2,.5e-2,.3e-2,.6e-2,.5e-2,.3e-2,.3e-2,.4e-2,.4e-2,.4\
e-2,.3e-2,.5e-2,.4e-2,.6e-2,.4e-2,.6e-2,.5e-2,.5e-2,.4e-2,.4e-2,.3e-2,.5e-2,.3e\
-2,.4e-2,.4e-2,.4e-2,.3e-2,.5e-2,.6e-2,.4e-2,.3e-2,.3e-2,.3e-2,.4e-2,.4e-2,.4e-\
2,.4e-2,.3e-2,.3e-2,.3e-2,.3e-2,.3e-2,.3e-2,.4e-2,.4e-2,.4e-2,.4e-2,.5e-2,.4e-2
,.3e-2,.3e-2,.3e-2,.3e-2,.4e-2,.4e-2,.4e-2,.3e-2,.4e-2,.4e-2,.3e-2,.3e-2,.5e-2,
.5e-2,.4e-2,.3e-2,.5e-2,.4e-2,.3e-2,.3e-2,.4e-2,.4e-2,.4e-2,.5e-2,.3e-2,.4e-2,.\
6e-2,.3e-2,.3e-2,.4e-2,.3e-2,.4e-2,.4e-2,.46e-1,.9e-2,.4e-2],[.5e-2,.3e-2,.4e-2
,.6e-2,.4e-2,.3e-2,.3e-2,.3e-2,.3e-2,.3e-2,.5e-2,.4e-2,.4e-2,.4e-2,.4e-2,.5e-2,
.6e-2,.4e-2,.5e-2,.3e-2,.5e-2,.4e-2,.5e-2,.3e-2,.3e-2,.4e-2,.3e-2,.5e-2,.4e-2,.\
4e-2,.3e-2,.3e-2,.3e-2,.4e-2,.4e-2,.5e-2,.5e-2,.4e-2,.5e-2,.3e-2,.5e-2,.3e-2,.4\
e-2,.4e-2,.4e-2,.4e-2,.4e-2,.5e-2,.4e-2,.4e-2,.5e-2,.5e-2,.3e-2,.5e-2,.5e-2,.4e\
-2,.3e-2,.3e-2,.3e-2,.4e-2,.4e-2,.3e-2,.4e-2,.3e-2,.4e-2,.4e-2,.3e-2,.4e-2,.5e-\
2,.4e-2,.3e-2,.4e-2,.4e-2,.4e-2,.3e-2,.3e-2,.4e-2,.3e-2,.4e-2,.5e-2,.3e-2,.3e-2
,.3e-2,.4e-2,.4e-2,.3e-2,.3e-2,.4e-2,.4e-2,.3e-2,.4e-2,.5e-2,.4e-2,.4e-2,.4e-2,
.3e-2,.4e-2,.5e-2,.3e-2,.4e-2,.4e-2,.5e-2,.4e-2,.4e-2,.4e-2,.4e-2,.47e-1,.4e-2,
.5e-2,.4e-2,.4e-2,.6e-2,.6e-2,.4e-2,.3e-2,.5e-2,.5e-2,.5e-2,.5e-2,.4e-2,.6e-2,.\
3e-2,.3e-2,.3e-2,.3e-2,.5e-2,.3e-2,.3e-2,.3e-2,.3e-2,.4e-2,.5e-2,.5e-2,.3e-2,.6\
e-2,.5e-2,.4e-2,.3e-2,.4e-2,.3e-2,.3e-2,.3e-2,.4e-2,.4e-2,.4e-2,.6e-2,.5e-2,.4e\
-2,.4e-2,.3e-2,.3e-2,.3e-2,.4e-2,.5e-2,.3e-2,.4e-2,.4e-2,.5e-2,.3e-2,.3e-2,.3e-\
2,.3e-2,.4e-2,.4e-2,.4e-2,.4e-2,.4e-2,.3e-2,.5e-2,.4e-2,.5e-2,.5e-2,.4e-2,.4e-2
,.4e-2,.4e-2,.3e-2,.3e-2,.4e-2,.3e-2,.3e-2,.5e-2,.5e-2,.3e-2,.3e-2,.4e-2,.4e-2,
.4e-2,.3e-2,.3e-2,.4e-2,.4e-2,.3e-2,.4e-2,.4e-2,.4e-2,.3e-2,.3e-2,.4e-2,.3e-2,.\
5e-2,.4e-2,.4e-2,.4e-2,.4e-2,.4e-2,.3e-2,.4e-2,.4e-2,.4e-2,.4e-2,.5e-2,.5e-2,.4\
e-2,.4e-2,.5e-2,.5e-2,.3e-2,.4e-2,.4e-2,.4e-2,.3e-2,.5e-2,.5e-2,.3e-2,.5e-2,.5e\
-2,.4e-2,.4e-2,.4e-2,.4e-2,.4e-2,.4e-2,.4e-2,.5e-2,.4e-2,.4e-2,.6e-2,.4e-2,.4e-\
2,.6e-2,.3e-2,.6e-2,.4e-2,.3e-2,.3e-2,.4e-2,.5e-2,.4e-2,.4e-2,.4e-2,.4e-2,.5e-2
,.5e-2,.5e-2,.4e-2,.3e-2,.4e-2,.5e-2,.4e-2,.3e-2,.6e-2,.3e-2,.4e-2,.6e-2,.4e-2,
.3e-2,.4e-2,.5e-2,.4e-2,.5e-2,.5e-2,.4e-2,.5e-2,.4e-2,.4e-2,.4e-2,.4e-2,.4e-2,.\
3e-2,.3e-2,.3e-2,.4e-2,.4e-2,.4e-2,.3e-2,.3e-2,.3e-2,.5e-2,.5e-2,.4e-2,.4e-2,.3\
e-2,.4e-2,.3e-2,.4e-2,.4e-2,.4e-2,.5e-2,.4e-2,.3e-2,.4e-2,.5e-2,.5e-2,.4e-2,.4e\
-2,.3e-2,.4e-2,.4e-2,.4e-2,.4e-2,.3e-2,.4e-2,.4e-2,.4e-2,.4e-2,.3e-2,.4e-2,.4e-\
2,.4e-2,.5e-2,.6e-2,.6e-2,.5e-2,.4e-2,.4e-2,.4e-2,.3e-2,.5e-2,.4e-2,.4e-2,.4e-2
,.3e-2,.3e-2,.3e-2,.3e-2,.3e-2,.3e-2,.3e-2,.3e-2,.4e-2,.4e-2,.3e-2,.4e-2,.4e-2,
.5e-2,.4e-2,.3e-2,.4e-2,.4e-2,.4e-2,.4e-2,.4e-2,.3e-2,.5e-2,.3e-2,.5e-2,.4e-2,.\
4e-2,.4e-2,.3e-2,.6e-2,.5e-2,.4e-2,.6e-2,.5e-2,.4e-2,.4e-2,.4e-2,.4e-2,.4e-2,.4\
e-2,.7e-2,.4e-2,.4e-2,.5e-2,.3e-2,.5e-2,.3e-2,.5e-2,.3e-2,.4e-2,.4e-2,.4e-2,.4e\
-2,.3e-2,.5e-2,.3e-2,.3e-2,.4e-2,.3e-2,.4e-2,.4e-2,.4e-2,.3e-2,.4e-2,.5e-2,.3e-\
2,.3e-2,.3e-2,.4e-2,.3e-2,.5e-2,.4e-2,.5e-2,.4e-2,.3e-2,.4e-2,.4e-2,.4e-2,.3e-2
,.4e-2,.3e-2,.3e-2,.3e-2,.5e-2,.4e-2,.5e-2,.5e-2,.5e-2,.4e-2,.4e-2,.4e-2,.4e-2,
.4e-2,.5e-2,.4e-2,.50e-1,.4e-2,.4e-2,.4e-2,.4e-2,.5e-2,.4e-2,.4e-2,.3e-2,.3e-2,
.3e-2,.3e-2,.3e-2,.3e-2,.3e-2,.4e-2,.3e-2,.5e-2,.4e-2,.4e-2,.4e-2,.4e-2,.4e-2,.\
5e-2,.3e-2,.5e-2,.3e-2,.3e-2,.4e-2,.4e-2,.4e-2,.3e-2,.4e-2,.4e-2,.4e-2,.4e-2,.4\
e-2,.3e-2,.3e-2,.4e-2,.4e-2,.4e-2,.3e-2,.4e-2,.3e-2,.4e-2,.3e-2,.5e-2,.3e-2,.4e\
-2,.3e-2,.4e-2,.4e-2,.3e-2,.6e-2,.3e-2,.3e-2,.5e-2,.3e-2,.5e-2,.5e-2,.3e-2,.4e-\
2,.3e-2,.4e-2,.4e-2,.5e-2,.5e-2,.8e-2,.9e-2,.4e-2,.3e-2,.5e-2,.3e-2,.3e-2,.4e-2
,.4e-2,.4e-2,.3e-2,.4e-2,.4e-2,.4e-2,.4e-2,.4e-2,.3e-2,.3e-2,.4e-2,.4e-2,.4e-2,
.4e-2,.6e-2,.4e-2,.6e-2,.4e-2,.6e-2,.5e-2,.4e-2,.5e-2,.5e-2,.4e-2,.4e-2,.5e-2,.\
4e-2,.4e-2,.3e-2,.3e-2,.4e-2,.61e-1,.5e-2,.4e-2,.4e-2,.4e-2,.4e-2,.3e-2,.3e-2,.\
4e-2,.3e-2,.4e-2,.4e-2,.4e-2,.4e-2,.5e-2,.3e-2,.5e-2,.4e-2,.3e-2,.3e-2,.4e-2,.4\
e-2,.4e-2,.4e-2,.3e-2,.5e-2,.3e-2,.5e-2,.3e-2,.3e-2,.4e-2,.4e-2,.3e-2,.4e-2,.6e\
-2,.3e-2,.4e-2,.4e-2,.3e-2,.3e-2,.3e-2,.4e-2,.4e-2,.4e-2,.3e-2,.6e-2,.4e-2,.5e-\
2,.5e-2,.3e-2,.3e-2,.4e-2,.4e-2,.3e-2,.3e-2,.3e-2,.3e-2,.4e-2,.4e-2,.6e-2,.4e-2
,.4e-2,.6e-2,.4e-2,.6e-2,.5e-2,.4e-2,.4e-2,.4e-2,.3e-2,.4e-2,.3e-2,.4e-2,.3e-2,
.5e-2,.5e-2,.4e-2,.4e-2,.3e-2,.4e-2,.5e-2,.3e-2,.5e-2,.4e-2,.6e-2,.5e-2,.4e-2,.\
4e-2,.4e-2,.3e-2,.3e-2,.4e-2,.4e-2,.4e-2,.4e-2,.3e-2,.4e-2,.3e-2,.6e-2,.4e-2,.4\
e-2,.6e-2,.5e-2,.4e-2,.3e-2,.6e-2,.5e-2,.6e-2,.58e-1,.5e-2,.6e-2,.4e-2,.5e-2,.3\
e-2,.3e-2,.3e-2,.3e-2,.3e-2,.3e-2,.4e-2,.4e-2,.4e-2,.3e-2,.5e-2,.3e-2,.4e-2,.3e\
-2,.3e-2,.3e-2,.3e-2,.3e-2,.5e-2,.4e-2,.4e-2,.4e-2,.4e-2,.5e-2,.4e-2,.4e-2,.4e-\
2,.3e-2,.4e-2,.4e-2,.4e-2,.4e-2,.4e-2,.4e-2,.4e-2,.4e-2,.4e-2,.5e-2,.4e-2,.3e-2
,.3e-2,.4e-2,.4e-2,.3e-2,.4e-2,.4e-2,.4e-2,.3e-2,.4e-2,.3e-2,.4e-2,.5e-2,.5e-2,
.4e-2,.4e-2,.4e-2,.4e-2,.4e-2,.5e-2,.3e-2,.4e-2,.6e-2,.7e-2,.7e-2,.7e-2,.7e-2,.\
6e-2,.8e-2,.5e-2,.5e-2,.3e-2,.4e-2,.4e-2,.4e-2,.4e-2,.4e-2,.4e-2,.4e-2,.6e-2,.4\
e-2,.4e-2,.4e-2,.4e-2,.4e-2,.4e-2,.4e-2,.4e-2,.3e-2,.5e-2,.4e-2,.5e-2,.3e-2,.4e\
-2,.4e-2,.4e-2,.4e-2,.3e-2,.3e-2,.3e-2,.4e-2,.4e-2,.4e-2,.4e-2,.55e-1,.5e-2,.5e\
-2,.3e-2,.3e-2,.5e-2,.4e-2,.4e-2,.4e-2,.4e-2,.3e-2,.4e-2,.4e-2,.4e-2,.4e-2,.4e-\
2,.5e-2,.4e-2,.5e-2,.5e-2,.3e-2,.3e-2,.4e-2,.4e-2,.4e-2,.4e-2,.4e-2,.4e-2,.3e-2
,.5e-2,.4e-2,.4e-2,.4e-2,.4e-2,.4e-2,.3e-2,.4e-2,.3e-2,.5e-2,.3e-2,.5e-2,.4e-2,
.4e-2,.3e-2,.3e-2,.4e-2,.3e-2,.4e-2,.3e-2,.4e-2,.3e-2,.4e-2,.4e-2,.3e-2,.5e-2,.\
4e-2,.4e-2,.4e-2,.5e-2,.3e-2,.4e-2,.3e-2,.3e-2,.4e-2,.5e-2,.3e-2,.4e-2,.3e-2,.4\
e-2,.5e-2,.3e-2,.3e-2,.3e-2,.5e-2,.4e-2,.4e-2,.5e-2,.3e-2,.5e-2,.5e-2,.4e-2,.4e\
-2,.3e-2,.4e-2,.5e-2,.5e-2,.5e-2,.3e-2,.6e-2,.5e-2,.4e-2,.3e-2,.3e-2,.4e-2,.3e-\
2,.3e-2,.3e-2,.3e-2,.4e-2,.4e-2,.4e-2,.3e-2,.4e-2,.4e-2,.4e-2,.3e-2,.6e-2,.49e-\
1,.5e-2,.4e-2,.5e-2,.5e-2,.3e-2,.4e-2,.4e-2,.3e-2,.3e-2,.3e-2,.5e-2,.3e-2,.3e-2
,.3e-2,.5e-2,.4e-2,.3e-2,.3e-2,.4e-2,.3e-2,.3e-2,.3e-2,.3e-2,.4e-2,.3e-2,.3e-2,
.4e-2,.4e-2,.5e-2,.5e-2,.4e-2,.3e-2,.4e-2,.4e-2,.4e-2,.3e-2,.4e-2,.3e-2,.4e-2,.\
5e-2,.5e-2,.3e-2,.4e-2,.4e-2,.6e-2,.3e-2,.4e-2,.3e-2,.4e-2,.6e-2,.4e-2,.5e-2,.4\
e-2,.3e-2,.4e-2,.3e-2,.3e-2,.3e-2,.3e-2,.3e-2,.5e-2,.3e-2,.6e-2,.5e-2,.4e-2,.3e\
-2,.3e-2,.4e-2,.4e-2,.3e-2,.4e-2,.5e-2,.4e-2,.3e-2,.4e-2,.3e-2,.4e-2,.5e-2,.4e-\
2,.4e-2,.3e-2,.4e-2,.4e-2,.4e-2,.3e-2,.5e-2,.4e-2,.4e-2,.5e-2,.3e-2,.6e-2,.5e-2
,.3e-2,.4e-2,.3e-2,.4e-2,.4e-2,.4e-2,.3e-2,.4e-2,.6e-2,.4e-2,.3e-2,.3e-2,.4e-2,
.3e-2,.10e-1,.5e-2,.4e-2,.5e-2,.5e-2,.4e-2,.3e-2,.4e-2,.3e-2,.4e-2,.4e-2,.5e-2,
.4e-2,.3e-2,.3e-2,.3e-2,.4e-2,.5e-2,.4e-2,.4e-2,.4e-2,.5e-2,.5e-2,.4e-2,.4e-2,.\
4e-2,.4e-2,.3e-2,.4e-2,.4e-2,.4e-2,.5e-2,.5e-2,.4e-2,.4e-2,.3e-2],[.3e-2,.3e-2,
.5e-2,.5e-2,.4e-2,.4e-2,.4e-2,.4e-2,.4e-2,.3e-2,.4e-2,.5e-2,.4e-2,.5e-2,.5e-2,.\
3e-2,.6e-2,.6e-2,.4e-2,.4e-2,.5e-2,.3e-2,.5e-2,.5e-2,.3e-2,.4e-2,.4e-2,.4e-2,.3\
e-2,.4e-2,.3e-2,.4e-2,.4e-2,.5e-2,.5e-2,.5e-2,.5e-2,.5e-2,.4e-2,.6e-2,.5e-2,.3e\
-2,.6e-2,.3e-2,.3e-2,.3e-2,.5e-2,.4e-2,.4e-2,.4e-2,.4e-2,.5e-2,.5e-2,.4e-2,.3e-\
2,.4e-2,.4e-2,.3e-2,.4e-2,.4e-2,.4e-2,.3e-2,.4e-2,.4e-2,.4e-2,.3e-2,.4e-2,.3e-2
,.4e-2,.4e-2,.5e-2,.5e-2,.49e-1,.4e-2,.5e-2,.4e-2,.3e-2,.3e-2,.3e-2,.3e-2,.4e-2
,.4e-2,.3e-2,.3e-2,.3e-2,.3e-2,.3e-2,.3e-2,.5e-2,.3e-2,.4e-2,.3e-2,.4e-2,.3e-2,
.5e-2,.6e-2,.3e-2,.4e-2,.3e-2,.4e-2,.3e-2,.4e-2,.5e-2,.3e-2,.4e-2,.4e-2,.4e-2,.\
3e-2,.3e-2,.3e-2,.3e-2,.4e-2,.3e-2,.4e-2,.4e-2,.4e-2,.3e-2,.5e-2,.3e-2,.3e-2,.4\
e-2,.4e-2,.3e-2,.5e-2,.4e-2,.3e-2,.4e-2,.4e-2,.5e-2,.3e-2,.4e-2,.5e-2,.4e-2,.3e\
-2,.4e-2,.6e-2,.3e-2,.4e-2,.4e-2,.4e-2,.4e-2,.3e-2,.5e-2,.4e-2,.5e-2,.5e-2,.4e-\
2,.3e-2,.4e-2,.4e-2,.3e-2,.3e-2,.4e-2,.4e-2,.4e-2,.5e-2,.5e-2,.4e-2,.4e-2,.5e-2
,.3e-2,.6e-2,.5e-2,.4e-2,.6e-2,.4e-2,.4e-2,.3e-2,.4e-2,.3e-2,.4e-2,.4e-2,.3e-2,
.4e-2,.6e-2,.4e-2,.4e-2,.4e-2,.4e-2,.3e-2,.53e-1,.5e-2,.5e-2,.4e-2,.4e-2,.3e-2,
.3e-2,.3e-2,.3e-2,.3e-2,.3e-2,.4e-2,.3e-2,.3e-2,.4e-2,.4e-2,.5e-2,.5e-2,.3e-2,.\
5e-2,.6e-2,.4e-2,.3e-2,.3e-2,.4e-2,.3e-2,.5e-2,.5e-2,.4e-2,.4e-2,.3e-2,.3e-2,.3\
e-2,.3e-2,.5e-2,.3e-2,.4e-2,.4e-2,.5e-2,.3e-2,.4e-2,.4e-2,.4e-2,.3e-2,.3e-2,.4e\
-2,.4e-2,.4e-2,.4e-2,.4e-2,.3e-2,.4e-2,.5e-2,.5e-2,.4e-2,.3e-2,.4e-2,.4e-2,.5e-\
2,.5e-2,.3e-2,.5e-2,.5e-2,.4e-2,.6e-2,.5e-2,.3e-2,.4e-2,.5e-2,.4e-2,.5e-2,.4e-2
,.6e-2,.4e-2,.3e-2,.5e-2,.4e-2,.4e-2,.4e-2,.4e-2,.3e-2,.4e-2,.4e-2,.4e-2,.4e-2,
.4e-2,.6e-2,.4e-2,.4e-2,.3e-2,.3e-2,.4e-2,.4e-2,.3e-2,.3e-2,.3e-2,.4e-2,.7e-2,.\
3e-2,.3e-2,.6e-2,.4e-2,.5e-2,.5e-2,.4e-2,.3e-2,.4e-2,.54e-1,.3e-2,.6e-2,.5e-2,.\
4e-2,.4e-2,.5e-2,.3e-2,.4e-2,.4e-2,.4e-2,.3e-2,.3e-2,.4e-2,.4e-2,.4e-2,.3e-2,.4\
e-2,.3e-2,.3e-2,.5e-2,.7e-2,.6e-2,.5e-2,.6e-2,.7e-2,.7e-2,.7e-2,.6e-2,.4e-2,.4e\
-2,.6e-2,.5e-2,.4e-2,.3e-2,.3e-2,.4e-2,.4e-2,.5e-2,.5e-2,.3e-2,.3e-2,.3e-2,.4e-\
2,.3e-2,.3e-2,.3e-2,.4e-2,.4e-2,.3e-2,.5e-2,.3e-2,.4e-2,.6e-2,.4e-2,.4e-2,.4e-2
,.6e-2,.4e-2,.4e-2,.3e-2,.4e-2,.4e-2,.4e-2,.5e-2,.4e-2,.4e-2,.4e-2,.4e-2,.4e-2,
.4e-2,.4e-2,.3e-2,.4e-2,.3e-2,.3e-2,.5e-2,.4e-2,.6e-2,.4e-2,.3e-2,.4e-2,.4e-2,.\
4e-2,.4e-2,.3e-2,.4e-2,.4e-2,.5e-2,.3e-2,.3e-2,.4e-2,.4e-2,.4e-2,.3e-2,.5e-2,.4\
e-2,.5e-2,.6e-2,.4e-2,.4e-2,.5e-2,.5e-2,.4e-2,.5e-2,.3e-2,.7e-2,.12e-1,.4e-2,.5\
e-2,.5e-2,.4e-2,.3e-2,.4e-2,.4e-2,.5e-2,.5e-2,.4e-2,.4e-2,.4e-2,.4e-2,.3e-2,.4e\
-2,.3e-2,.5e-2,.4e-2,.4e-2,.3e-2,.5e-2,.4e-2,.3e-2,.3e-2,.3e-2,.4e-2,.4e-2,.5e-\
2,.5e-2,.4e-2,.4e-2,.3e-2,.4e-2,.6e-2,.4e-2,.4e-2,.3e-2,.4e-2,.3e-2,.5e-2,.5e-2
,.4e-2,.4e-2,.4e-2,.4e-2,.3e-2,.3e-2,.3e-2,.3e-2,.4e-2,.4e-2,.6e-2,.4e-2,.3e-2,
.3e-2,.5e-2,.3e-2,.5e-2,.5e-2,.3e-2,.4e-2,.4e-2,.4e-2,.3e-2,.4e-2,.4e-2,.3e-2,.\
4e-2,.6e-2,.4e-2,.4e-2,.3e-2,.3e-2,.4e-2,.3e-2,.4e-2,.4e-2,.3e-2,.5e-2,.5e-2,.3\
e-2,.3e-2,.4e-2,.3e-2,.3e-2,.4e-2,.5e-2,.3e-2,.4e-2,.7e-2,.4e-2,.4e-2,.3e-2,.3e\
-2,.3e-2,.4e-2,.3e-2,.4e-2,.4e-2,.3e-2,.3e-2,.4e-2,.4e-2,.3e-2,.5e-2,.54e-1,.5e\
-2,.6e-2,.4e-2,.4e-2,.5e-2,.3e-2,.3e-2,.4e-2,.3e-2,.3e-2,.3e-2,.5e-2,.3e-2,.4e-\
2,.7e-2,.6e-2,.3e-2,.4e-2,.3e-2,.4e-2,.3e-2,.4e-2,.3e-2,.3e-2,.4e-2,.4e-2,.3e-2
,.6e-2,.5e-2,.3e-2,.4e-2,.4e-2,.4e-2,.3e-2,.3e-2,.4e-2,.4e-2,.4e-2,.4e-2,.4e-2,
.4e-2,.3e-2,.4e-2,.3e-2,.4e-2,.4e-2,.4e-2,.3e-2,.3e-2,.5e-2,.4e-2,.4e-2,.4e-2,.\
5e-2,.3e-2,.5e-2,.4e-2,.4e-2,.4e-2,.3e-2,.5e-2,.3e-2,.3e-2,.4e-2,.4e-2,.4e-2,.4\
e-2,.5e-2,.4e-2,.4e-2,.3e-2,.4e-2,.4e-2,.3e-2,.5e-2,.3e-2,.5e-2,.4e-2,.4e-2,.4e\
-2,.3e-2,.4e-2,.3e-2,.4e-2,.4e-2,.4e-2,.4e-2,.5e-2,.4e-2,.4e-2,.4e-2,.4e-2,.4e-\
2,.3e-2,.3e-2,.4e-2,.3e-2,.3e-2,.4e-2,.5e-2,.4e-2,.5e-2,.6e-2,.4e-2,.3e-2,.4e-2
,.50e-1,.4e-2,.5e-2,.4e-2,.3e-2,.5e-2,.3e-2,.6e-2,.3e-2,.3e-2,.5e-2,.4e-2,.5e-2
,.4e-2,.4e-2,.6e-2,.4e-2,.4e-2,.4e-2,.4e-2,.3e-2,.6e-2,.4e-2,.3e-2,.3e-2,.4e-2,
.4e-2,.4e-2,.4e-2,.4e-2,.4e-2,.3e-2,.4e-2,.4e-2,.4e-2,.4e-2,.6e-2,.5e-2,.4e-2,.\
3e-2,.3e-2,.3e-2,.3e-2,.4e-2,.5e-2,.3e-2,.5e-2,.4e-2,.4e-2,.3e-2,.3e-2,.4e-2,.3\
e-2,.3e-2,.3e-2,.4e-2,.3e-2,.5e-2,.3e-2,.4e-2,.4e-2,.4e-2,.5e-2,.4e-2,.4e-2,.4e\
-2,.3e-2,.4e-2,.3e-2,.4e-2,.5e-2,.5e-2,.5e-2,.3e-2,.4e-2,.3e-2,.4e-2,.4e-2,.4e-\
2,.4e-2,.4e-2,.4e-2,.3e-2,.5e-2,.4e-2,.4e-2,.4e-2,.3e-2,.5e-2,.4e-2,.4e-2,.4e-2
,.4e-2,.4e-2,.4e-2,.3e-2,.4e-2,.3e-2,.4e-2,.4e-2,.5e-2,.4e-2,.6e-2,.4e-2,.6e-2,
.5e-2,.5e-2,.6e-2,.49e-1,.4e-2,.6e-2,.5e-2,.3e-2,.4e-2,.3e-2,.3e-2,.3e-2,.3e-2,
.4e-2,.3e-2,.3e-2,.3e-2,.4e-2,.4e-2,.3e-2,.4e-2,.4e-2,.3e-2,.5e-2,.4e-2,.3e-2,.\
5e-2,.6e-2,.3e-2,.3e-2,.4e-2,.4e-2,.4e-2,.6e-2,.4e-2,.4e-2,.4e-2,.4e-2,.3e-2,.4\
e-2,.3e-2,.5e-2,.3e-2,.6e-2,.5e-2,.3e-2,.4e-2,.4e-2,.4e-2,.4e-2,.4e-2,.5e-2,.3e\
-2,.5e-2,.4e-2,.4e-2,.3e-2,.4e-2,.6e-2,.4e-2,.3e-2,.7e-2,.4e-2,.6e-2,.5e-2,.3e-\
2,.5e-2,.5e-2,.4e-2,.4e-2,.3e-2,.4e-2,.4e-2,.3e-2,.3e-2,.4e-2,.4e-2,.3e-2,.4e-2
,.3e-2,.4e-2,.6e-2,.3e-2,.4e-2,.3e-2,.4e-2,.3e-2,.4e-2,.4e-2,.4e-2,.3e-2,.4e-2,
.5e-2,.3e-2,.4e-2,.3e-2,.4e-2,.4e-2,.3e-2,.4e-2,.4e-2,.6e-2,.5e-2,.4e-2,.4e-2,.\
5e-2,.4e-2,.6e-2,.5e-2,.4e-2,.55e-1,.5e-2,.4e-2,.5e-2,.5e-2,.3e-2,.4e-2,.3e-2,.\
4e-2,.4e-2,.5e-2,.5e-2,.3e-2,.3e-2,.3e-2,.4e-2,.4e-2,.4e-2,.4e-2,.3e-2,.4e-2,.4\
e-2,.4e-2,.4e-2,.4e-2,.4e-2,.4e-2,.4e-2,.3e-2,.4e-2,.4e-2,.4e-2,.5e-2,.5e-2,.4e\
-2,.4e-2,.4e-2,.3e-2,.3e-2,.4e-2,.4e-2,.4e-2,.5e-2,.5e-2,.4e-2,.3e-2,.5e-2,.4e-\
2,.3e-2,.4e-2,.5e-2,.4e-2,.6e-2,.4e-2,.4e-2,.4e-2,.4e-2,.4e-2,.3e-2,.4e-2,.3e-2
,.3e-2,.4e-2,.4e-2,.4e-2,.4e-2,.4e-2,.4e-2,.5e-2,.4e-2,.3e-2,.5e-2,.5e-2,.4e-2,
.3e-2,.4e-2,.4e-2,.6e-2,.4e-2,.4e-2,.4e-2,.5e-2,.3e-2,.4e-2,.4e-2,.3e-2,.3e-2,.\
4e-2,.4e-2,.4e-2,.4e-2,.3e-2,.5e-2,.4e-2,.4e-2,.5e-2,.3e-2,.4e-2,.4e-2,.4e-2,.4\
e-2,.3e-2,.5e-2,.4e-2,.5e-2,.5e-2,.4e-2,.50e-1,.8e-2,.3e-2,.4e-2,.4e-2,.4e-2,.3\
e-2,.3e-2,.3e-2,.4e-2,.4e-2,.4e-2,.5e-2,.4e-2,.4e-2,.3e-2,.4e-2,.3e-2,.4e-2,.4e\
-2,.4e-2,.4e-2,.3e-2,.4e-2,.4e-2,.3e-2,.3e-2,.5e-2,.3e-2,.5e-2,.5e-2,.4e-2,.4e-\
2,.3e-2,.4e-2,.4e-2,.3e-2,.5e-2,.6e-2,.5e-2,.5e-2,.4e-2,.4e-2,.4e-2,.4e-2,.4e-2
,.4e-2,.4e-2,.4e-2,.6e-2,.4e-2,.5e-2,.5e-2,.4e-2,.4e-2,.3e-2,.4e-2,.4e-2,.4e-2,
.3e-2,.5e-2,.3e-2,.3e-2,.5e-2,.4e-2,.5e-2,.4e-2,.4e-2,.4e-2,.3e-2,.4e-2]]);
