TIMES2 := Matrix(5, 2000, [[.1e-2,.2e-2,.1e-2,0.,0.,.1e-2,0.,.1e-2,.1e-2,.1e-2,
.1e-2,.1e-2,0.,.1e-2,.2e-2,.2e-2,.1e-2,.1e-2,.2e-2,.1e-2,0.,.1e-2,.1e-2,.1e-2,.\
1e-2,.1e-2,.1e-2,0.,0.,.1e-2,.1e-2,0.,.1e-2,.1e-2,0.,.1e-2,.1e-2,.1e-2,.1e-2,.1\
e-2,.1e-2,.1e-2,.1e-2,0.,0.,0.,.1e-2,.1e-2,.1e-2,.1e-2,.1e-2,.1e-2,.1e-2,0.,.1e\
-2,.1e-2,.1e-2,.1e-2,.1e-2,0.,0.,0.,0.,0.,0.,0.,.1e-2,.2e-2,.1e-2,0.,.2e-2,.1e-\
2,0.,.1e-2,.1e-2,.1e-2,0.,.1e-2,.1e-2,.1e-2,.1e-2,.1e-2,.1e-2,0.,.1e-2,.1e-2,.1\
e-2,.1e-2,.1e-2,.1e-2,.2e-2,.1e-2,.1e-2,.1e-2,0.,.1e-2,0.,.1e-2,.1e-2,0.,.1e-2,
.1e-2,.1e-2,.1e-2,0.,.1e-2,.1e-2,.1e-2,.1e-2,.1e-2,.1e-2,.1e-2,.1e-2,.1e-2,.1e-\
2,0.,0.,.1e-2,.1e-2,.1e-2,0.,.1e-2,.1e-2,.1e-2,.1e-2,.1e-2,.1e-2,.1e-2,.1e-2,0.
,.1e-2,.1e-2,0.,0.,.1e-2,0.,0.,.1e-2,0.,.1e-2,.1e-2,0.,0.,0.,.1e-2,0.,.1e-2,.1e\
-2,0.,.1e-2,.2e-2,0.,.2e-2,.1e-2,.2e-2,.1e-2,.1e-2,.1e-2,.1e-2,.1e-2,.1e-2,.1e-\
2,.3e-2,.1e-2,.2e-2,.1e-2,.1e-2,.1e-2,.1e-2,.1e-2,.1e-2,0.,.1e-2,.1e-2,.1e-2,.1\
e-2,.1e-2,.1e-2,.1e-2,.1e-2,.1e-2,.1e-2,.1e-2,0.,.1e-2,.1e-2,.1e-2,.1e-2,.1e-2,
.1e-2,.1e-2,.1e-2,0.,.2e-2,.1e-2,.1e-2,.1e-2,0.,0.,.1e-2,.1e-2,.1e-2,.1e-2,0.,.\
1e-2,.1e-2,.1e-2,.1e-2,.2e-2,.2e-2,.2e-2,.1e-2,.1e-2,.2e-2,.1e-2,.1e-2,.1e-2,.1\
e-2,0.,.2e-2,.1e-2,.1e-2,0.,0.,.1e-2,.1e-2,.1e-2,.1e-2,.1e-2,.1e-2,.1e-2,.2e-2,
.1e-2,.1e-2,0.,.1e-2,0.,.2e-2,.1e-2,0.,.1e-2,.1e-2,.1e-2,.1e-2,0.,.1e-2,.1e-2,.\
1e-2,.1e-2,.1e-2,.1e-2,0.,0.,.1e-2,.1e-2,.1e-2,.1e-2,.1e-2,.1e-2,.1e-2,.1e-2,0.
,.1e-2,0.,.1e-2,.1e-2,.1e-2,.1e-2,.1e-2,.1e-2,.1e-2,.1e-2,.1e-2,.1e-2,.1e-2,.1e\
-2,.2e-2,.1e-2,.1e-2,.1e-2,.1e-2,.1e-2,.1e-2,.1e-2,0.,.1e-2,.1e-2,.1e-2,.1e-2,.\
1e-2,.1e-2,.1e-2,.2e-2,.1e-2,.2e-2,.1e-2,.1e-2,.1e-2,.1e-2,.1e-2,.1e-2,.1e-2,.1\
e-2,.1e-2,0.,.2e-2,.2e-2,0.,.1e-2,.1e-2,.1e-2,.2e-2,.1e-2,0.,.1e-2,.1e-2,.1e-2,
0.,0.,.1e-2,.1e-2,.1e-2,.1e-2,.1e-2,0.,.2e-2,.1e-2,.1e-2,.1e-2,.1e-2,.1e-2,.1e-\
2,.1e-2,.1e-2,.1e-2,.1e-2,.56e-1,.2e-2,.1e-2,.1e-2,.2e-2,0.,.1e-2,.1e-2,.1e-2,.\
1e-2,.1e-2,.1e-2,.1e-2,0.,.1e-2,.1e-2,.1e-2,.1e-2,.1e-2,.1e-2,.1e-2,0.,.1e-2,.1\
e-2,0.,0.,.1e-2,.1e-2,.1e-2,.1e-2,0.,.1e-2,.1e-2,0.,0.,0.,0.,0.,.1e-2,.1e-2,.2e\
-2,0.,0.,0.,.1e-2,.1e-2,.1e-2,.1e-2,.1e-2,.1e-2,.1e-2,.1e-2,.1e-2,.1e-2,0.,.1e-\
2,.1e-2,0.,.1e-2,.1e-2,.1e-2,0.,.2e-2,.1e-2,.1e-2,0.,.1e-2,.1e-2,.2e-2,0.,0.,.1\
e-2,0.,.2e-2,.1e-2,.1e-2,0.,.1e-2,0.,.1e-2,.1e-2,0.,.1e-2,.1e-2,.1e-2,.1e-2,.2e\
-2,.1e-2,.1e-2,.1e-2,.1e-2,.1e-2,.1e-2,.1e-2,.1e-2,.1e-2,.1e-2,0.,.1e-2,.2e-2,.\
1e-2,.1e-2,.1e-2,.1e-2,0.,.1e-2,.1e-2,.1e-2,.1e-2,.1e-2,.1e-2,.1e-2,.1e-2,.1e-2
,.1e-2,.1e-2,0.,.1e-2,.1e-2,.1e-2,.1e-2,.1e-2,.1e-2,.1e-2,.1e-2,.1e-2,0.,.1e-2,
.1e-2,.1e-2,.1e-2,.1e-2,.1e-2,.1e-2,.1e-2,.1e-2,0.,0.,.1e-2,.1e-2,.1e-2,0.,.1e-\
2,.2e-2,.1e-2,.1e-2,.1e-2,.1e-2,.2e-2,.1e-2,.1e-2,.1e-2,.1e-2,.1e-2,0.,.1e-2,.1\
e-2,.1e-2,.2e-2,.1e-2,.1e-2,.1e-2,0.,.1e-2,0.,0.,.1e-2,.1e-2,.1e-2,.1e-2,.1e-2,
.1e-2,.2e-2,.2e-2,0.,0.,0.,.1e-2,.1e-2,.2e-2,.1e-2,0.,.1e-2,.1e-2,.1e-2,.1e-2,0\
.,0.,.1e-2,.1e-2,.1e-2,0.,.1e-2,.1e-2,.1e-2,.1e-2,.1e-2,.1e-2,.1e-2,0.,.1e-2,.1\
e-2,.1e-2,.1e-2,.1e-2,.1e-2,.1e-2,.2e-2,.1e-2,0.,.1e-2,.1e-2,.1e-2,.2e-2,.1e-2,
.2e-2,.1e-2,0.,0.,.1e-2,0.,0.,0.,.1e-2,.1e-2,.1e-2,.1e-2,.1e-2,.1e-2,0.,.1e-2,.\
1e-2,.1e-2,0.,.1e-2,.1e-2,.1e-2,.1e-2,0.,0.,0.,.1e-2,.1e-2,.1e-2,.1e-2,.1e-2,.1\
e-2,.1e-2,.1e-2,.1e-2,0.,.1e-2,.1e-2,.1e-2,.1e-2,0.,0.,.1e-2,.1e-2,.1e-2,0.,0.,
.1e-2,.1e-2,.1e-2,0.,.1e-2,.1e-2,.2e-2,.2e-2,.1e-2,.1e-2,.1e-2,.1e-2,.1e-2,.1e-\
2,.1e-2,.1e-2,.1e-2,0.,.1e-2,.1e-2,.1e-2,.1e-2,.1e-2,.1e-2,.1e-2,0.,.1e-2,0.,.1\
e-2,.1e-2,.1e-2,0.,.1e-2,.1e-2,.1e-2,.1e-2,.1e-2,0.,.1e-2,.1e-2,.2e-2,.1e-2,.1e\
-2,.1e-2,.2e-2,.1e-2,.1e-2,.1e-2,.2e-2,.1e-2,0.,.1e-2,0.,.1e-2,0.,.1e-2,0.,.1e-\
2,.2e-2,.48e-1,.1e-2,.1e-2,.1e-2,.1e-2,.1e-2,.1e-2,.1e-2,.1e-2,0.,0.,.1e-2,.1e-\
2,.1e-2,0.,.1e-2,.1e-2,0.,0.,.1e-2,.1e-2,0.,0.,0.,.1e-2,.1e-2,.1e-2,.1e-2,0.,0.
,.1e-2,.1e-2,.1e-2,0.,.1e-2,.1e-2,.1e-2,.1e-2,0.,.1e-2,0.,.1e-2,0.,.1e-2,.1e-2,
0.,0.,0.,.1e-2,.1e-2,.1e-2,.1e-2,.1e-2,.1e-2,.1e-2,.1e-2,.1e-2,0.,.1e-2,.1e-2,0\
.,.2e-2,0.,.1e-2,.1e-2,.1e-2,.1e-2,.1e-2,0.,.1e-2,.2e-2,0.,.1e-2,.1e-2,.1e-2,.1\
e-2,0.,.1e-2,0.,.1e-2,.1e-2,0.,.1e-2,.2e-2,.1e-2,.2e-2,.1e-2,.2e-2,.1e-2,0.,.1e\
-2,.1e-2,.1e-2,.2e-2,.1e-2,0.,.1e-2,0.,0.,.1e-2,.1e-2,.1e-2,.1e-2,.1e-2,.1e-2,.\
1e-2,.1e-2,.1e-2,.1e-2,.1e-2,.1e-2,.1e-2,.1e-2,.1e-2,.1e-2,.1e-2,.1e-2,0.,.1e-2
,0.,0.,0.,.1e-2,.1e-2,.1e-2,.1e-2,.1e-2,.1e-2,.1e-2,.1e-2,.1e-2,0.,0.,.1e-2,0.,
.1e-2,.1e-2,0.,.1e-2,0.,.1e-2,0.,.1e-2,.1e-2,.1e-2,.1e-2,.1e-2,.1e-2,.1e-2,.1e-\
2,0.,.1e-2,.1e-2,.1e-2,0.,.1e-2,.1e-2,.1e-2,0.,.1e-2,.1e-2,0.,0.,.1e-2,.1e-2,.1\
e-2,.1e-2,.1e-2,.1e-2,.1e-2,.1e-2,.1e-2,.1e-2,0.,.1e-2,0.,.1e-2,.1e-2,.1e-2,0.,
.1e-2,.1e-2,0.,.1e-2,.2e-2,.1e-2,.1e-2,0.,.1e-2,0.,.1e-2,.1e-2,.1e-2,.1e-2,.1e-\
2,.2e-2,0.,.1e-2,.1e-2,.1e-2,.1e-2,.1e-2,.1e-2,.1e-2,0.,.1e-2,.1e-2,0.,.1e-2,0.
,.1e-2,.1e-2,.1e-2,.1e-2,.1e-2,.1e-2,.1e-2,.2e-2,0.,.1e-2,.1e-2,0.,.1e-2,.1e-2,
0.,.1e-2,0.,.1e-2,.1e-2,.1e-2,.1e-2,.1e-2,0.,.1e-2,.1e-2,.2e-2,.1e-2,.1e-2,.1e-\
2,.1e-2,.1e-2,.1e-2,.1e-2,.1e-2,.1e-2,.1e-2,0.,.1e-2,0.,.1e-2,.1e-2,.1e-2,.1e-2
,0.,.1e-2,0.,.1e-2,.1e-2,.1e-2,.1e-2,.1e-2,.1e-2,0.,.1e-2,0.,.1e-2,.1e-2,.1e-2,
.1e-2,.2e-2,.1e-2,.1e-2,.1e-2,.1e-2,.1e-2,.1e-2,.1e-2,.1e-2,.1e-2,0.,.1e-2,0.,0\
.,.1e-2,.1e-2,.1e-2,.1e-2,.1e-2,.1e-2,.1e-2,.1e-2,.1e-2,.1e-2,.1e-2,.1e-2,.1e-2
,.1e-2,.1e-2,.1e-2,.1e-2,.1e-2,.1e-2,0.,.1e-2,.1e-2,.1e-2,0.,.1e-2,.1e-2,.1e-2,
.1e-2,.1e-2,.1e-2,.1e-2,.2e-2,.1e-2,.1e-2,.1e-2,.1e-2,.1e-2,0.,0.,.2e-2,.1e-2,0\
.,.1e-2,0.,.1e-2,.1e-2,0.,.1e-2,.1e-2,0.,.1e-2,0.,0.,.1e-2,.1e-2,.1e-2,.1e-2,.1\
e-2,.1e-2,0.,.1e-2,.1e-2,.1e-2,0.,.1e-2,0.,0.,.1e-2,.1e-2,.1e-2,0.,0.,.1e-2,.1e\
-2,.1e-2,0.,.1e-2,.1e-2,0.,.1e-2,.1e-2,.1e-2,0.,.1e-2,.1e-2,.1e-2,0.,.1e-2,0.,.\
1e-2,.1e-2,.1e-2,.1e-2,.1e-2,.1e-2,0.,0.,.1e-2,0.,.1e-2,0.,.1e-2,0.,.1e-2,.1e-2
,.1e-2,.1e-2,0.,0.,.1e-2,.1e-2,0.,.1e-2,.1e-2,.1e-2,.1e-2,.1e-2,.1e-2,.1e-2,.1e\
-2,.1e-2,.1e-2,.1e-2,.1e-2,.1e-2,.2e-2,.1e-2,.2e-2,.2e-2,.2e-2,.1e-2,.1e-2,.1e-\
2,0.,.1e-2,.1e-2,.1e-2,.1e-2,.1e-2,.1e-2,.1e-2,.1e-2,.1e-2,.1e-2,0.,.1e-2,.1e-2
,.1e-2,.1e-2,.1e-2,.1e-2,0.,0.,.1e-2,.1e-2,0.,0.,.1e-2,.1e-2,0.,0.,.1e-2,.1e-2,
.1e-2,.1e-2,0.,.1e-2,.1e-2,.1e-2,0.,0.,.1e-2,.2e-2,.1e-2,.1e-2,.1e-2,0.,0.,.1e-\
2,.1e-2,0.,.1e-2,.1e-2,.1e-2,.1e-2,0.,.1e-2,.1e-2,.1e-2,.1e-2,.1e-2,0.,.1e-2,.1\
e-2,.1e-2,.1e-2,.1e-2,.1e-2,.1e-2,.1e-2,.1e-2,.1e-2,.1e-2,0.,0.,0.,.1e-2,.1e-2,
.1e-2,.1e-2,.1e-2,0.,.1e-2,.1e-2,0.,.1e-2,.1e-2,0.,.1e-2,0.,.1e-2,.1e-2,.1e-2,0\
.,.1e-2,.1e-2,0.,.1e-2,.1e-2,0.,.1e-2,.1e-2,.1e-2,.1e-2,.1e-2,.1e-2,0.,0.,.1e-2
,.1e-2,0.,.1e-2,0.,.1e-2,.1e-2,0.,.1e-2,.1e-2,.1e-2,.1e-2,.1e-2,0.,.1e-2,.1e-2,
0.,.1e-2,.1e-2,.1e-2,.1e-2,.1e-2,.1e-2,.3e-2,.2e-2,.1e-2,.3e-2,.1e-2,0.,.1e-2,0\
.,.1e-2,.1e-2,0.,0.,0.,.1e-2,0.,0.,0.,.1e-2,.1e-2,.1e-2,.1e-2,.1e-2,0.,0.,.1e-2
,.1e-2,0.,0.,.1e-2,.1e-2,.2e-2,.2e-2,0.,.1e-2,.1e-2,.1e-2,.1e-2,.1e-2,.1e-2,.1e\
-2,.1e-2,.2e-2,0.,0.,.1e-2,.1e-2,.2e-2,0.,0.,.1e-2,0.,.1e-2,.1e-2,.1e-2,.1e-2,.\
1e-2,.2e-2,.1e-2,.1e-2,.1e-2,0.,.1e-2,0.,0.,.1e-2,0.,.1e-2,.1e-2,0.,0.,0.,.1e-2
,0.,.1e-2,.1e-2,.1e-2,.1e-2,.1e-2,0.,.1e-2,.1e-2,0.,.1e-2,.1e-2,.1e-2,0.,.1e-2,
0.,0.,.1e-2,.1e-2,.1e-2,.1e-2,.1e-2,.1e-2,0.,.1e-2,0.,.2e-2,.1e-2,.1e-2,0.,.1e-\
2,0.,0.,.1e-2,.1e-2,0.,0.,0.,.1e-2,.1e-2,.1e-2,.1e-2,0.,0.,.1e-2,.1e-2,0.,.1e-2
,.1e-2,.2e-2,0.,.1e-2,.2e-2,.1e-2,.1e-2,.1e-2,.1e-2,.1e-2,0.,.1e-2,.1e-2,.1e-2,
.1e-2,.1e-2,.1e-2,0.,.1e-2,.1e-2,.1e-2,.1e-2,.1e-2,.1e-2,0.,.1e-2,.1e-2,.1e-2,0\
.,.1e-2,.1e-2,.1e-2,.1e-2,0.,.1e-2,.1e-2,.1e-2,.1e-2,0.,.1e-2,.1e-2,0.,.1e-2,0.
,.1e-2,.1e-2,.1e-2,.1e-2,.1e-2,.1e-2,.1e-2,0.,.1e-2,.1e-2,0.,.1e-2,.1e-2,.1e-2,
0.,.1e-2,.1e-2,.1e-2,.1e-2,.1e-2,.1e-2,0.,0.,.1e-2,.1e-2,0.,.2e-2,.1e-2,.2e-2,.\
1e-2,.2e-2,.2e-2,.1e-2,.2e-2,.1e-2,.1e-2,.1e-2,.1e-2,.1e-2,.2e-2,.1e-2,.1e-2,.1\
e-2,.1e-2,.2e-2,0.,.1e-2,0.,.3e-2,.2e-2,0.,.1e-2,.1e-2,.1e-2,.1e-2,.2e-2,.1e-2,
.1e-2,.1e-2,.1e-2,.2e-2,.1e-2,.2e-2,.2e-2,.2e-2,.1e-2,.1e-2,.1e-2,0.,.1e-2,.1e-\
2,.2e-2,.2e-2,.2e-2,.1e-2,.1e-2,.1e-2,.1e-2,.1e-2,.1e-2,.1e-2,0.,.1e-2,.1e-2,.1\
e-2,.1e-2,.3e-2,.1e-2,.1e-2,.1e-2,.2e-2,.1e-2,.1e-2,.1e-2,.1e-2,.1e-2,.1e-2,.1e\
-2,.1e-2,.1e-2,.1e-2,0.,.1e-2,.1e-2,.1e-2,.2e-2,.1e-2,.1e-2,.1e-2,.2e-2,0.,.1e-\
2,.2e-2,.1e-2,0.,.1e-2,.1e-2,.1e-2,.1e-2,.1e-2,.1e-2,0.,.1e-2,.1e-2,.1e-2,.1e-2
,.1e-2,.1e-2,.2e-2,.2e-2,.1e-2,.1e-2,.1e-2,.2e-2,.1e-2,.1e-2,.1e-2,.1e-2,.2e-2,
0.,.2e-2,.1e-2,0.,.1e-2,.1e-2,.1e-2,.1e-2,.1e-2,.1e-2,.1e-2,.2e-2,.1e-2,.1e-2,.\
1e-2,.1e-2,.1e-2,.1e-2,.1e-2,.1e-2,.1e-2,.1e-2,.1e-2,.1e-2,.1e-2,.2e-2,.1e-2,.1\
e-2,.1e-2,.1e-2,.1e-2,.1e-2,.1e-2,.1e-2,.1e-2,.1e-2,.1e-2,.1e-2,.1e-2,.1e-2,.1e\
-2,.1e-2,.1e-2,.1e-2,.1e-2,0.,.1e-2,.1e-2,.1e-2,0.,.1e-2,.1e-2,.1e-2,.1e-2,0.,.\
1e-2,.1e-2,0.,0.,.1e-2,.1e-2,.1e-2,0.,.1e-2,.1e-2,.1e-2,.2e-2,.1e-2,.1e-2,0.,.1\
e-2,.1e-2,.1e-2,0.,0.,.1e-2,.1e-2,.1e-2,.1e-2,.1e-2,.1e-2,.1e-2,.1e-2,.1e-2,0.,
.1e-2,.1e-2,.1e-2,.1e-2,.1e-2,.1e-2,.1e-2,.1e-2,.1e-2,.1e-2,0.,.1e-2,.1e-2,.1e-\
2,0.,.1e-2,0.,0.,.1e-2,.1e-2,.1e-2,.1e-2,.1e-2,.1e-2,.1e-2,.1e-2,.6e-2,.1e-2,.1\
e-2,.1e-2,0.,.1e-2,.1e-2,.1e-2,.1e-2,.1e-2,0.,.1e-2,0.,0.,.1e-2,.1e-2,.1e-2,.1e\
-2,.1e-2,.1e-2,.1e-2,.1e-2,.1e-2,.1e-2,.1e-2,.1e-2,0.,0.,.1e-2,.1e-2,.1e-2,.1e-\
2,0.,.1e-2,.1e-2,.1e-2,.1e-2,.1e-2,.1e-2,0.,.1e-2,.1e-2,.1e-2,.1e-2,.1e-2,.1e-2
,0.,.1e-2,.1e-2,.1e-2,.1e-2,.1e-2,.1e-2,.1e-2,0.,0.,0.,.1e-2,.1e-2,.1e-2,.1e-2,
.1e-2,.1e-2,.1e-2,.1e-2,.1e-2,.1e-2,.1e-2,.1e-2,.1e-2,.1e-2,.1e-2,.1e-2,.1e-2,0\
.,.1e-2,.1e-2,.1e-2,.1e-2,.1e-2,.1e-2,.1e-2,.1e-2,.1e-2,.1e-2,.1e-2,.1e-2,.1e-2
,.1e-2,.1e-2,0.,.1e-2,.1e-2,.1e-2,.1e-2,.1e-2,.1e-2,.2e-2,.1e-2,.2e-2,.1e-2,.1e\
-2,.1e-2,0.,.1e-2,.1e-2,.1e-2,.1e-2,.1e-2,.1e-2,.1e-2,.1e-2,.1e-2,.1e-2,0.,.1e-\
2,.1e-2,.1e-2,.1e-2,.2e-2,.1e-2,0.,.1e-2,.1e-2,.1e-2,.1e-2,.1e-2,0.,.1e-2,.1e-2
,.1e-2,.1e-2,.1e-2,.1e-2,0.,.1e-2,.1e-2,.1e-2,.1e-2,.1e-2,.1e-2,.1e-2,.1e-2,.1e\
-2,.1e-2,.1e-2,0.,0.,0.,.1e-2,.1e-2,.1e-2,.1e-2,.1e-2,.1e-2,.1e-2,0.,0.,0.,0.,.\
1e-2,.1e-2,.1e-2,.1e-2,0.,.1e-2,.1e-2,.1e-2,.1e-2,.1e-2,.1e-2,.1e-2,.1e-2,.1e-2
,.1e-2,.1e-2,.1e-2,.1e-2,.1e-2,.1e-2,.1e-2,.1e-2,.1e-2,.1e-2,0.,.1e-2,.1e-2,.1e\
-2,.1e-2,.1e-2,.1e-2,.1e-2,.1e-2,.1e-2,.1e-2,.1e-2,0.,0.,.1e-2,.1e-2,.1e-2,0.,.\
1e-2,.1e-2,.1e-2,.1e-2,0.,.1e-2,0.,.1e-2,.1e-2,.1e-2,.1e-2,.1e-2,0.,.1e-2,0.,0.
,.1e-2,0.,.1e-2,0.,.1e-2,.1e-2,.1e-2,0.,.1e-2,0.,.1e-2,.1e-2,0.,.1e-2,.1e-2,.1e\
-2,.1e-2,.1e-2,0.,.1e-2,.1e-2,0.,0.,.1e-2,.1e-2,0.,.1e-2,.1e-2,0.,.1e-2,0.,0.,.\
1e-2,.1e-2,.1e-2,.1e-2,0.,.1e-2,.1e-2,.1e-2,.1e-2,0.,.1e-2,.1e-2,0.,.2e-2,.1e-2
,.1e-2,.1e-2,.1e-2,0.,0.,.1e-2,.1e-2,.1e-2,0.,.1e-2,.1e-2,.1e-2,.1e-2,.1e-2,.1e\
-2,.1e-2,.1e-2,.1e-2,.3e-2,.1e-2,.1e-2,.1e-2,.1e-2,.1e-2,.2e-2,0.,.1e-2,.1e-2,.\
1e-2,.1e-2,.1e-2,.1e-2,.1e-2,.1e-2,.2e-2,0.,.1e-2,.1e-2,.1e-2,.1e-2,.1e-2,0.,.1\
e-2,.1e-2,.1e-2,.1e-2,.1e-2,.1e-2,.1e-2,.1e-2,.1e-2,0.,.1e-2,0.,0.,.1e-2,0.,0.,
.1e-2,0.,.1e-2,.1e-2,.1e-2,.1e-2,0.,.1e-2,.1e-2,0.,.1e-2,.1e-2,.1e-2,.1e-2,.1e-\
2,.1e-2,.1e-2,0.,.1e-2,.1e-2,.1e-2,.2e-2,.1e-2,.1e-2,0.,.1e-2,.1e-2,0.,.1e-2,.1\
e-2,.1e-2,0.,0.,.1e-2,.1e-2,.1e-2,0.,.1e-2,0.,.1e-2,.1e-2,0.,.1e-2,.1e-2,0.,.1e\
-2,.1e-2,0.,.1e-2,.1e-2,.1e-2,.1e-2,.1e-2,0.,0.,.1e-2,0.,.2e-2,.1e-2,.1e-2,.1e-\
2,.1e-2],[.1e-2,.1e-2,.1e-2,0.,.1e-2,.1e-2,.1e-2,.1e-2,.1e-2,.1e-2,0.,.1e-2,0.,
0.,.1e-2,.1e-2,.1e-2,0.,0.,.1e-2,0.,.1e-2,.1e-2,.1e-2,.1e-2,.1e-2,.1e-2,.1e-2,.\
1e-2,.1e-2,0.,.1e-2,.1e-2,.1e-2,.1e-2,.53e-1,.1e-2,.1e-2,.2e-2,0.,0.,.2e-2,.1e-\
2,.1e-2,.2e-2,.1e-2,.1e-2,.1e-2,.1e-2,.1e-2,.1e-2,.1e-2,.1e-2,.1e-2,.1e-2,.1e-2
,.1e-2,0.,0.,.1e-2,0.,.1e-2,0.,.1e-2,0.,0.,.1e-2,.2e-2,.1e-2,.1e-2,0.,.1e-2,.1e\
-2,0.,0.,0.,0.,.1e-2,.1e-2,.1e-2,0.,.1e-2,.1e-2,.1e-2,.1e-2,.1e-2,.1e-2,.1e-2,.\
1e-2,.1e-2,.1e-2,0.,.1e-2,.1e-2,.1e-2,.1e-2,0.,.1e-2,.1e-2,.1e-2,0.,0.,.1e-2,.1\
e-2,.1e-2,0.,.1e-2,.1e-2,.1e-2,.1e-2,.1e-2,.2e-2,.1e-2,.1e-2,.1e-2,0.,.1e-2,.1e\
-2,.1e-2,.1e-2,0.,0.,.1e-2,.1e-2,.1e-2,0.,0.,.1e-2,.1e-2,0.,0.,.1e-2,.1e-2,.1e-\
2,.1e-2,.1e-2,0.,0.,.1e-2,0.,0.,.1e-2,.1e-2,0.,.2e-2,.1e-2,.1e-2,.1e-2,.1e-2,0.
,.1e-2,0.,.1e-2,.1e-2,.1e-2,.1e-2,.1e-2,.1e-2,0.,0.,.1e-2,.1e-2,.1e-2,.1e-2,0.,
.1e-2,0.,0.,.1e-2,.1e-2,.1e-2,.1e-2,0.,0.,.1e-2,0.,.1e-2,0.,0.,.1e-2,.1e-2,.1e-\
2,0.,.1e-2,.1e-2,.1e-2,.1e-2,0.,.1e-2,.2e-2,0.,.1e-2,.2e-2,.1e-2,.1e-2,.1e-2,.1\
e-2,0.,.1e-2,.1e-2,.1e-2,.1e-2,.1e-2,.1e-2,.1e-2,.1e-2,.2e-2,.1e-2,.1e-2,0.,.1e\
-2,0.,.1e-2,.1e-2,.1e-2,.1e-2,0.,.1e-2,0.,0.,0.,.1e-2,.1e-2,.1e-2,.1e-2,0.,.1e-\
2,.1e-2,.2e-2,0.,.1e-2,.1e-2,0.,.1e-2,.1e-2,.1e-2,.1e-2,.1e-2,.1e-2,.1e-2,.1e-2
,.1e-2,.1e-2,.1e-2,0.,.1e-2,.2e-2,.1e-2,.2e-2,0.,.1e-2,.1e-2,.1e-2,.1e-2,.1e-2,
.1e-2,.1e-2,0.,.1e-2,0.,.1e-2,.1e-2,.2e-2,0.,0.,.1e-2,.1e-2,.1e-2,.1e-2,.1e-2,.\
1e-2,.1e-2,.1e-2,0.,0.,.1e-2,.1e-2,.1e-2,.1e-2,0.,.1e-2,.1e-2,.1e-2,.1e-2,.1e-2
,.1e-2,.1e-2,0.,0.,0.,0.,0.,0.,0.,.1e-2,.1e-2,0.,.1e-2,.1e-2,.1e-2,.1e-2,.1e-2,
.1e-2,.1e-2,.1e-2,.1e-2,0.,.1e-2,.1e-2,0.,.2e-2,.1e-2,.1e-2,.1e-2,0.,0.,.1e-2,.\
1e-2,.1e-2,.1e-2,0.,0.,.1e-2,0.,.1e-2,.1e-2,.1e-2,.1e-2,.1e-2,.1e-2,.1e-2,.1e-2
,.1e-2,.1e-2,.1e-2,.1e-2,.2e-2,.1e-2,.1e-2,0.,0.,0.,.1e-2,0.,0.,.1e-2,.1e-2,.1e\
-2,0.,.1e-2,0.,.1e-2,.1e-2,.1e-2,.1e-2,.1e-2,.1e-2,.1e-2,.2e-2,0.,0.,.1e-2,.1e-\
2,.1e-2,0.,0.,.1e-2,0.,.1e-2,.1e-2,.1e-2,0.,0.,.1e-2,0.,0.,.1e-2,.1e-2,0.,.1e-2
,0.,0.,.1e-2,.2e-2,.1e-2,.1e-2,.1e-2,.1e-2,.1e-2,0.,0.,0.,0.,.1e-2,.1e-2,.1e-2,
.1e-2,.1e-2,0.,.1e-2,.1e-2,0.,0.,.1e-2,.1e-2,.1e-2,.1e-2,0.,.1e-2,.1e-2,.1e-2,.\
1e-2,.1e-2,.1e-2,.1e-2,0.,.1e-2,.1e-2,.1e-2,.1e-2,.1e-2,.2e-2,0.,.1e-2,.1e-2,.1\
e-2,0.,0.,.1e-2,.1e-2,.1e-2,0.,.1e-2,0.,0.,.1e-2,.1e-2,.1e-2,0.,.1e-2,.1e-2,.1e\
-2,.1e-2,0.,.1e-2,0.,0.,.1e-2,0.,.1e-2,0.,.1e-2,.2e-2,.1e-2,.1e-2,.1e-2,0.,.1e-\
2,.1e-2,.1e-2,.1e-2,.1e-2,.1e-2,0.,0.,.1e-2,.2e-2,0.,.1e-2,.1e-2,.1e-2,.1e-2,.1\
e-2,0.,.1e-2,.1e-2,.1e-2,0.,.1e-2,.1e-2,0.,.1e-2,.1e-2,0.,0.,.1e-2,.1e-2,.1e-2,
.1e-2,.1e-2,.1e-2,.1e-2,0.,0.,.1e-2,.1e-2,.1e-2,.1e-2,.1e-2,0.,.1e-2,.1e-2,0.,.\
1e-2,.1e-2,.1e-2,.1e-2,.1e-2,0.,0.,0.,0.,0.,.1e-2,.1e-2,.1e-2,.2e-2,0.,.1e-2,.1\
e-2,0.,.1e-2,.1e-2,.1e-2,0.,0.,0.,.1e-2,.1e-2,.1e-2,0.,.1e-2,.1e-2,0.,0.,.1e-2,
.1e-2,.1e-2,.1e-2,.1e-2,.2e-2,.1e-2,0.,.1e-2,.2e-2,.1e-2,.1e-2,.1e-2,0.,.1e-2,.\
1e-2,.1e-2,0.,.1e-2,.1e-2,0.,.1e-2,0.,.1e-2,0.,.1e-2,.1e-2,.1e-2,0.,.1e-2,.1e-2
,.1e-2,.1e-2,.1e-2,.1e-2,.1e-2,.1e-2,.1e-2,0.,.1e-2,.1e-2,0.,0.,0.,.1e-2,.1e-2,
.1e-2,.1e-2,0.,0.,0.,.1e-2,.1e-2,.1e-2,.1e-2,0.,0.,0.,.1e-2,.1e-2,.1e-2,.1e-2,.\
1e-2,.1e-2,.1e-2,0.,.1e-2,0.,0.,.1e-2,.1e-2,.1e-2,.1e-2,0.,.1e-2,.1e-2,.1e-2,.1\
e-2,0.,0.,.1e-2,.1e-2,.1e-2,0.,0.,0.,.1e-2,.1e-2,0.,0.,0.,0.,.1e-2,.2e-2,.1e-2,
0.,.1e-2,.1e-2,.1e-2,.1e-2,.1e-2,0.,.1e-2,.1e-2,.1e-2,.1e-2,0.,.1e-2,.1e-2,0.,.\
1e-2,.2e-2,.1e-2,.1e-2,.1e-2,0.,.1e-2,.1e-2,.1e-2,0.,.1e-2,.1e-2,.2e-2,.1e-2,.1\
e-2,.1e-2,.1e-2,0.,0.,.1e-2,.1e-2,.1e-2,.2e-2,.1e-2,0.,.1e-2,0.,.1e-2,0.,.1e-2,
.1e-2,0.,.1e-2,0.,.1e-2,.1e-2,0.,.1e-2,.1e-2,.1e-2,.1e-2,.1e-2,.1e-2,.1e-2,.1e-\
2,0.,.1e-2,0.,.1e-2,0.,.1e-2,.1e-2,.1e-2,0.,.1e-2,0.,.1e-2,.1e-2,.1e-2,.1e-2,0.
,0.,0.,.1e-2,.1e-2,.1e-2,0.,.1e-2,.1e-2,.1e-2,.1e-2,.1e-2,0.,.1e-2,0.,.1e-2,.1e\
-2,.1e-2,.1e-2,.2e-2,.1e-2,.1e-2,.2e-2,.1e-2,0.,.1e-2,.1e-2,.1e-2,0.,.1e-2,.1e-\
2,.1e-2,.1e-2,.1e-2,.1e-2,.1e-2,0.,.1e-2,.1e-2,.1e-2,.1e-2,0.,0.,.1e-2,.1e-2,0.
,0.,.1e-2,.1e-2,.1e-2,.1e-2,.1e-2,.1e-2,.1e-2,.2e-2,.2e-2,.1e-2,0.,.2e-2,0.,.3e\
-2,.1e-2,.1e-2,0.,.1e-2,0.,0.,0.,.1e-2,.1e-2,.1e-2,.2e-2,.1e-2,.1e-2,.1e-2,0.,0\
.,0.,.1e-2,.1e-2,.1e-2,.1e-2,.2e-2,.1e-2,.1e-2,.1e-2,.1e-2,.1e-2,.1e-2,.1e-2,0.
,0.,0.,.1e-2,0.,0.,.1e-2,.1e-2,0.,.1e-2,.1e-2,0.,.1e-2,.1e-2,0.,.1e-2,.1e-2,.1e\
-2,0.,0.,.1e-2,.1e-2,.1e-2,.1e-2,.1e-2,.1e-2,.1e-2,.1e-2,.1e-2,0.,.1e-2,0.,.1e-\
2,.1e-2,.1e-2,0.,.1e-2,.1e-2,.1e-2,.1e-2,.1e-2,.1e-2,.1e-2,.1e-2,.1e-2,.1e-2,.1\
e-2,0.,.1e-2,.1e-2,.2e-2,.1e-2,0.,0.,.1e-2,.1e-2,0.,.1e-2,.1e-2,0.,.1e-2,0.,.1e\
-2,.1e-2,.1e-2,.1e-2,.1e-2,0.,.2e-2,.1e-2,.1e-2,.1e-2,0.,0.,.1e-2,0.,.1e-2,.1e-\
2,.1e-2,0.,.2e-2,0.,.1e-2,.1e-2,.1e-2,.3e-2,.1e-2,.1e-2,0.,0.,.1e-2,.1e-2,0.,.1\
e-2,0.,.1e-2,0.,.58e-1,.1e-2,.1e-2,.1e-2,.1e-2,.1e-2,0.,.1e-2,.1e-2,.1e-2,.1e-2
,.1e-2,0.,.1e-2,.1e-2,.1e-2,0.,.1e-2,0.,.1e-2,0.,.1e-2,.1e-2,.1e-2,.1e-2,.1e-2,
.1e-2,.1e-2,.1e-2,0.,.2e-2,.1e-2,.1e-2,.1e-2,0.,.1e-2,.1e-2,0.,0.,.1e-2,.1e-2,.\
1e-2,.1e-2,.2e-2,.1e-2,.1e-2,.1e-2,.1e-2,.1e-2,0.,.1e-2,.1e-2,.1e-2,.1e-2,.1e-2
,.1e-2,.1e-2,.1e-2,.1e-2,.1e-2,.1e-2,0.,.1e-2,.1e-2,.1e-2,.1e-2,0.,.1e-2,0.,.1e\
-2,.1e-2,.1e-2,.1e-2,0.,.1e-2,0.,0.,0.,.2e-2,.1e-2,0.,.1e-2,.1e-2,.1e-2,.1e-2,0\
.,.1e-2,.1e-2,.1e-2,0.,0.,.1e-2,0.,.1e-2,0.,0.,.1e-2,0.,.1e-2,.1e-2,.1e-2,.2e-2
,.1e-2,0.,.1e-2,0.,0.,0.,0.,0.,.1e-2,.1e-2,0.,.1e-2,.1e-2,.1e-2,.1e-2,0.,.1e-2,
.1e-2,0.,.1e-2,0.,0.,0.,.1e-2,.1e-2,0.,.1e-2,0.,.1e-2,.2e-2,.1e-2,.1e-2,.1e-2,.\
1e-2,0.,0.,0.,0.,.1e-2,.1e-2,0.,.1e-2,.1e-2,0.,.1e-2,.1e-2,.1e-2,0.,0.,.1e-2,0.
,.1e-2,.1e-2,.1e-2,.2e-2,.1e-2,.1e-2,0.,.1e-2,.1e-2,0.,0.,.1e-2,0.,.2e-2,.1e-2,
0.,.1e-2,.1e-2,.1e-2,.1e-2,.1e-2,.1e-2,.1e-2,0.,.1e-2,.1e-2,.1e-2,.1e-2,.1e-2,.\
1e-2,.1e-2,0.,.1e-2,.1e-2,.1e-2,.1e-2,.1e-2,0.,.1e-2,.1e-2,0.,.1e-2,.1e-2,.1e-2
,.1e-2,0.,0.,.1e-2,.1e-2,.1e-2,.1e-2,.1e-2,0.,.1e-2,.1e-2,.1e-2,.1e-2,.1e-2,.2e\
-2,0.,0.,.3e-2,0.,.1e-2,.1e-2,.1e-2,.2e-2,0.,.1e-2,.1e-2,.1e-2,.1e-2,.1e-2,.1e-\
2,.1e-2,.1e-2,0.,.1e-2,0.,0.,.1e-2,.1e-2,.1e-2,.1e-2,0.,.1e-2,.1e-2,.1e-2,.1e-2
,0.,0.,0.,.1e-2,.1e-2,.1e-2,.1e-2,.2e-2,.1e-2,0.,.1e-2,0.,.1e-2,.1e-2,0.,0.,0.,
.1e-2,.1e-2,.1e-2,.1e-2,.1e-2,.1e-2,.1e-2,.1e-2,.1e-2,.1e-2,0.,.1e-2,.1e-2,.1e-\
2,.1e-2,.1e-2,.2e-2,0.,.1e-2,.1e-2,.2e-2,.1e-2,.1e-2,.1e-2,.1e-2,0.,.1e-2,.1e-2
,.1e-2,.1e-2,.1e-2,.1e-2,.1e-2,.2e-2,.1e-2,0.,.1e-2,.1e-2,.1e-2,.1e-2,0.,0.,0.,
.1e-2,.1e-2,0.,.1e-2,.1e-2,0.,0.,.1e-2,.1e-2,0.,.1e-2,0.,0.,.1e-2,.1e-2,.1e-2,0\
.,.1e-2,0.,.1e-2,.1e-2,.1e-2,.1e-2,.1e-2,0.,.1e-2,.1e-2,0.,.1e-2,.1e-2,.1e-2,0.
,.1e-2,.1e-2,.1e-2,.1e-2,.1e-2,.1e-2,0.,.2e-2,.1e-2,.1e-2,0.,.1e-2,0.,0.,0.,.1e\
-2,0.,.1e-2,.1e-2,0.,0.,.1e-2,.1e-2,.1e-2,0.,.1e-2,0.,.1e-2,0.,.1e-2,0.,.1e-2,.\
1e-2,.1e-2,0.,.1e-2,.1e-2,.1e-2,0.,.1e-2,.1e-2,0.,.1e-2,.2e-2,.1e-2,.1e-2,.1e-2
,.1e-2,0.,0.,0.,.1e-2,.1e-2,.1e-2,.1e-2,.1e-2,.1e-2,.1e-2,.1e-2,.1e-2,.2e-2,.1e\
-2,.2e-2,.1e-2,0.,.1e-2,.1e-2,0.,.1e-2,.1e-2,.1e-2,0.,.1e-2,0.,.1e-2,.1e-2,.1e-\
2,.1e-2,.1e-2,.1e-2,.1e-2,.1e-2,0.,.1e-2,0.,.1e-2,.1e-2,.1e-2,.2e-2,.1e-2,.1e-2
,0.,0.,.1e-2,.1e-2,.1e-2,.2e-2,.1e-2,0.,0.,0.,0.,0.,.1e-2,.1e-2,.1e-2,.1e-2,.1e\
-2,.1e-2,0.,0.,0.,0.,.1e-2,.1e-2,.1e-2,.1e-2,.1e-2,.1e-2,.1e-2,.1e-2,.1e-2,.1e-\
2,.2e-2,.1e-2,.1e-2,.1e-2,.1e-2,0.,.2e-2,.1e-2,.1e-2,0.,0.,.1e-2,.1e-2,0.,.1e-2
,0.,.1e-2,0.,.1e-2,0.,.1e-2,.1e-2,.1e-2,0.,0.,.1e-2,0.,.1e-2,.1e-2,.1e-2,.1e-2,
.1e-2,.1e-2,.1e-2,0.,.1e-2,.1e-2,.1e-2,.1e-2,0.,.1e-2,.1e-2,.1e-2,.1e-2,.1e-2,.\
2e-2,.1e-2,.1e-2,.1e-2,.1e-2,.1e-2,.1e-2,.2e-2,.1e-2,.1e-2,.1e-2,.1e-2,0.,0.,.1\
e-2,.1e-2,.1e-2,0.,.1e-2,.1e-2,.1e-2,.1e-2,.1e-2,.1e-2,.1e-2,.2e-2,0.,.1e-2,.1e\
-2,.1e-2,.1e-2,.2e-2,.1e-2,.1e-2,.2e-2,.1e-2,.1e-2,.1e-2,.1e-2,0.,0.,.1e-2,.1e-\
2,.1e-2,.1e-2,0.,.1e-2,.1e-2,.1e-2,.1e-2,.1e-2,.1e-2,.1e-2,.1e-2,.1e-2,.1e-2,0.
,.1e-2,.1e-2,.1e-2,.1e-2,.1e-2,.1e-2,.1e-2,.1e-2,0.,0.,.1e-2,0.,.1e-2,0.,.1e-2,
0.,.1e-2,.1e-2,.1e-2,.1e-2,.1e-2,.1e-2,.1e-2,.1e-2,.1e-2,.1e-2,.1e-2,.2e-2,.1e-\
2,.1e-2,.1e-2,0.,.1e-2,.1e-2,0.,.1e-2,.1e-2,.1e-2,.1e-2,.1e-2,.1e-2,0.,.1e-2,0.
,.1e-2,0.,.1e-2,0.,.1e-2,0.,.1e-2,.1e-2,.1e-2,.1e-2,.1e-2,.1e-2,.1e-2,0.,.1e-2,
.1e-2,.1e-2,.1e-2,0.,.1e-2,.1e-2,.2e-2,0.,.1e-2,.1e-2,0.,.1e-2,0.,0.,.1e-2,.1e-\
2,.1e-2,.1e-2,.1e-2,.1e-2,.1e-2,.2e-2,.1e-2,.1e-2,.1e-2,0.,.1e-2,.1e-2,.1e-2,.1\
e-2,.1e-2,0.,.1e-2,.1e-2,.1e-2,.1e-2,.1e-2,0.,0.,.1e-2,.1e-2,.1e-2,.1e-2,0.,.1e\
-2,.1e-2,.1e-2,.1e-2,0.,.1e-2,0.,.1e-2,.2e-2,0.,.1e-2,.1e-2,0.,0.,.1e-2,0.,.1e-\
2,.1e-2,.1e-2,.1e-2,.2e-2,.1e-2,.1e-2,0.,.1e-2,.1e-2,.1e-2,.1e-2,.1e-2,.1e-2,.1\
e-2,.1e-2,0.,.1e-2,.1e-2,.1e-2,.1e-2,.1e-2,.2e-2,.1e-2,.1e-2,.1e-2,.1e-2,.1e-2,
.2e-2,.1e-2,0.,.1e-2,.1e-2,.1e-2,.1e-2,0.,.1e-2,.1e-2,0.,.1e-2,0.,.2e-2,.1e-2,.\
1e-2,.1e-2,.1e-2,0.,.1e-2,0.,0.,0.,.2e-2,0.,.1e-2,.1e-2,0.,.1e-2,0.,.1e-2,.1e-2
,0.,.1e-2,.1e-2,.1e-2,.1e-2,.1e-2,.1e-2,.1e-2,0.,0.,.1e-2,0.,.1e-2,.1e-2,.1e-2,
.1e-2,.1e-2,.1e-2,.1e-2,.1e-2,.2e-2,0.,.1e-2,.1e-2,0.,.1e-2,.1e-2,0.,0.,.1e-2,.\
1e-2,.2e-2,0.,.1e-2,.1e-2,.1e-2,.1e-2,0.,0.,.1e-2,0.,.1e-2,.1e-2,.1e-2,0.,.1e-2
,.1e-2,.1e-2,.1e-2,.2e-2,0.,.1e-2,.1e-2,0.,.1e-2,0.,.2e-2,0.,.1e-2,.1e-2,.1e-2,
.1e-2,.2e-2,.1e-2,.1e-2,.1e-2,0.,.1e-2,0.,.1e-2,.1e-2,.1e-2,0.,.1e-2,.1e-2,.1e-\
2,.1e-2,0.,.1e-2,.1e-2,.1e-2,0.,.1e-2,.1e-2,.1e-2,.1e-2,.1e-2,.2e-2,0.,.1e-2,.1\
e-2,.1e-2,.1e-2,0.,0.,0.,.1e-2,0.,.1e-2,.1e-2,0.,.1e-2,.1e-2,.1e-2,.1e-2,.1e-2,
.1e-2,0.,.1e-2,.1e-2,.1e-2,.1e-2,.1e-2,.1e-2,.1e-2,.1e-2,.1e-2,0.,.1e-2,.1e-2,.\
1e-2,.2e-2,0.,0.,.1e-2,0.,.1e-2,.1e-2,0.,0.,.1e-2,.1e-2,0.,.1e-2,.1e-2,0.,0.,.1\
e-2,0.,.1e-2,.2e-2,.1e-2,0.,0.,0.,0.,.1e-2,.1e-2,0.,.1e-2,.1e-2,.1e-2,0.,.1e-2,
.1e-2,.1e-2,0.,.1e-2,.1e-2,.1e-2,.1e-2,0.,0.,.1e-2,0.,.1e-2,.1e-2,.1e-2,.1e-2,0\
.,0.,.1e-2,.1e-2,0.,.1e-2,.1e-2,.1e-2,.1e-2,.1e-2,0.,.1e-2,.1e-2,.1e-2,.1e-2,.1\
e-2,.2e-2,.1e-2,.1e-2,.1e-2,0.,.1e-2,.1e-2,0.,0.,0.,0.,.1e-2,0.,0.,.1e-2,.1e-2,
.1e-2,.1e-2,.1e-2,.1e-2,.1e-2,.1e-2,.1e-2,.1e-2,.2e-2,.1e-2,.1e-2,0.,0.,.1e-2,.\
1e-2,.1e-2,.3e-2,.2e-2,0.,.1e-2,0.,.1e-2,0.,.1e-2,0.,.1e-2,0.,.1e-2,0.,0.,.1e-2
,.1e-2,.1e-2,0.,.1e-2,0.,.1e-2,.1e-2,0.,.1e-2,0.,.1e-2,.1e-2,.1e-2,0.,.1e-2,.1e\
-2,0.,.1e-2,0.,0.,.1e-2,.1e-2,0.,.1e-2,.1e-2,.1e-2,.1e-2,.1e-2,0.,.1e-2,0.,0.,0\
.,.1e-2,.1e-2,.1e-2,.1e-2,.1e-2,.2e-2,.1e-2,0.,.1e-2,.1e-2,.1e-2,.1e-2,0.,.1e-2
,.1e-2,.1e-2,.1e-2,.1e-2,.2e-2,.1e-2,.1e-2,.1e-2,.1e-2,0.,.1e-2,.1e-2,.1e-2,.1e\
-2,.1e-2,0.,.1e-2,0.,0.,.1e-2,.1e-2,0.,.1e-2,.2e-2,0.,.1e-2,.1e-2,.1e-2,.1e-2,.\
1e-2,.1e-2,.1e-2,.2e-2,.2e-2,.1e-2,0.,.1e-2,0.,.1e-2,.1e-2,.1e-2,0.,.1e-2,.2e-2
,.1e-2,.1e-2,.1e-2,.1e-2,.1e-2,0.,.1e-2,0.,.1e-2,0.,0.,.1e-2,.1e-2,.1e-2,.1e-2,
0.,.1e-2,0.,.1e-2,0.,0.,.1e-2,0.,.1e-2,.1e-2,.1e-2,.1e-2,0.,.1e-2,0.,.1e-2,.1e-\
2,0.,0.,.1e-2,.1e-2,0.,.1e-2,.1e-2,.1e-2,0.,0.,.1e-2,0.,.1e-2,.1e-2,.1e-2],[.1e\
-2,.1e-2,.1e-2,.1e-2,.1e-2,.1e-2,.1e-2,.1e-2,.1e-2,0.,0.,.1e-2,.1e-2,.1e-2,.1e-\
2,.1e-2,.1e-2,.1e-2,.1e-2,.1e-2,.1e-2,.1e-2,0.,.1e-2,.1e-2,.1e-2,0.,.1e-2,.1e-2
,.1e-2,.1e-2,.1e-2,.1e-2,0.,.1e-2,0.,.1e-2,0.,0.,.1e-2,.1e-2,.1e-2,.1e-2,.1e-2,
.1e-2,.1e-2,.1e-2,0.,.1e-2,0.,.1e-2,.1e-2,.1e-2,0.,.1e-2,0.,.1e-2,.1e-2,.1e-2,0\
.,.1e-2,.2e-2,.1e-2,0.,.1e-2,0.,.1e-2,.1e-2,.2e-2,.1e-2,.1e-2,.1e-2,.1e-2,.1e-2
,.1e-2,.1e-2,0.,.1e-2,.1e-2,.1e-2,.1e-2,0.,.1e-2,0.,0.,0.,0.,0.,0.,0.,0.,0.,.1e\
-2,0.,.1e-2,.1e-2,.1e-2,.1e-2,.1e-2,.1e-2,0.,0.,.1e-2,.1e-2,.1e-2,0.,0.,.1e-2,.\
1e-2,.1e-2,.1e-2,.1e-2,.1e-2,.1e-2,.1e-2,.1e-2,.1e-2,.1e-2,.1e-2,0.,.1e-2,.1e-2
,.1e-2,.1e-2,.1e-2,.1e-2,.1e-2,.1e-2,.2e-2,0.,.2e-2,.1e-2,.1e-2,.1e-2,.1e-2,.1e\
-2,0.,0.,.1e-2,.1e-2,.2e-2,.1e-2,.1e-2,.1e-2,.1e-2,.1e-2,.1e-2,0.,0.,.1e-2,.1e-\
2,.1e-2,0.,.1e-2,.1e-2,.1e-2,.1e-2,0.,.1e-2,.1e-2,.1e-2,.1e-2,.1e-2,.1e-2,.2e-2
,.1e-2,.1e-2,.1e-2,.1e-2,.1e-2,.1e-2,.1e-2,.1e-2,.1e-2,.1e-2,.1e-2,.1e-2,.1e-2,
.1e-2,0.,0.,0.,.1e-2,.1e-2,.1e-2,.1e-2,.1e-2,.1e-2,.1e-2,.1e-2,.1e-2,.1e-2,.1e-\
2,.1e-2,.2e-2,.1e-2,.1e-2,.1e-2,0.,.1e-2,0.,.1e-2,.1e-2,.1e-2,.1e-2,.1e-2,.1e-2
,.1e-2,.1e-2,.1e-2,.1e-2,.1e-2,0.,0.,0.,.1e-2,.1e-2,.1e-2,0.,0.,.1e-2,.1e-2,0.,
.1e-2,.1e-2,.1e-2,.1e-2,.1e-2,.1e-2,.1e-2,.1e-2,.1e-2,.1e-2,0.,.1e-2,.1e-2,.1e-\
2,.1e-2,.1e-2,.1e-2,.1e-2,.1e-2,.1e-2,0.,0.,0.,.1e-2,.1e-2,0.,.1e-2,0.,0.,.1e-2
,.1e-2,.1e-2,.1e-2,.1e-2,.1e-2,.1e-2,.2e-2,.2e-2,.1e-2,0.,0.,.2e-2,.1e-2,0.,.2e\
-2,.1e-2,0.,.1e-2,.1e-2,0.,.1e-2,.3e-2,.1e-2,0.,.1e-2,.1e-2,0.,.1e-2,.1e-2,.1e-\
2,.1e-2,.1e-2,.1e-2,.1e-2,.1e-2,.1e-2,.1e-2,0.,0.,.1e-2,0.,0.,.1e-2,0.,.1e-2,.1\
e-2,.1e-2,0.,0.,0.,.1e-2,.1e-2,0.,0.,.1e-2,.1e-2,0.,0.,.1e-2,0.,0.,.1e-2,0.,.1e\
-2,.1e-2,.1e-2,.1e-2,0.,.1e-2,.2e-2,.1e-2,.1e-2,.1e-2,.2e-2,.1e-2,.1e-2,.1e-2,.\
2e-2,.1e-2,.1e-2,.1e-2,.1e-2,0.,0.,0.,0.,.1e-2,.1e-2,.1e-2,.1e-2,.1e-2,.2e-2,.1\
e-2,.1e-2,.1e-2,.1e-2,.1e-2,0.,.1e-2,.1e-2,.1e-2,.1e-2,.1e-2,.1e-2,0.,0.,.1e-2,
.1e-2,.1e-2,.1e-2,.1e-2,0.,0.,0.,0.,.1e-2,.1e-2,.1e-2,.1e-2,.1e-2,.1e-2,.1e-2,0\
.,.1e-2,.1e-2,0.,0.,.1e-2,.1e-2,.1e-2,.1e-2,0.,.1e-2,.1e-2,.1e-2,0.,.1e-2,.1e-2
,.1e-2,.1e-2,0.,.1e-2,.1e-2,.1e-2,.1e-2,.1e-2,0.,0.,.1e-2,0.,.1e-2,0.,0.,0.,.1e\
-2,.1e-2,.1e-2,.1e-2,.1e-2,0.,0.,.1e-2,.1e-2,.2e-2,.1e-2,.1e-2,.1e-2,.1e-2,.1e-\
2,.1e-2,.1e-2,0.,.1e-2,.1e-2,.1e-2,.1e-2,.1e-2,.1e-2,.1e-2,.1e-2,.1e-2,.1e-2,0.
,.1e-2,.1e-2,.1e-2,0.,0.,0.,.1e-2,.1e-2,.1e-2,.2e-2,.1e-2,.2e-2,0.,.1e-2,.1e-2,
.1e-2,.1e-2,.1e-2,0.,.1e-2,.1e-2,.1e-2,.1e-2,.1e-2,.1e-2,0.,.1e-2,.1e-2,.1e-2,.\
1e-2,.1e-2,.1e-2,0.,.1e-2,0.,.1e-2,0.,.1e-2,0.,.1e-2,.1e-2,.1e-2,.1e-2,.1e-2,.1\
e-2,.1e-2,.2e-2,.1e-2,.1e-2,0.,.1e-2,.1e-2,.1e-2,.1e-2,.1e-2,.1e-2,.1e-2,0.,.1e\
-2,.1e-2,.1e-2,.1e-2,.1e-2,0.,.1e-2,.1e-2,.1e-2,.1e-2,.1e-2,.2e-2,.1e-2,0.,.1e-\
2,.1e-2,.1e-2,.1e-2,.1e-2,.2e-2,.1e-2,.2e-2,.2e-2,.1e-2,.1e-2,.1e-2,0.,.1e-2,.1\
e-2,0.,0.,.1e-2,.1e-2,.1e-2,.1e-2,.1e-2,.1e-2,0.,.1e-2,.1e-2,.1e-2,.1e-2,0.,.1e\
-2,.1e-2,.1e-2,0.,.1e-2,.1e-2,.2e-2,0.,.1e-2,.1e-2,.1e-2,.1e-2,.1e-2,.1e-2,.1e-\
2,.1e-2,.2e-2,.1e-2,0.,.1e-2,.1e-2,0.,.1e-2,.1e-2,0.,.1e-2,.1e-2,.1e-2,.1e-2,0.
,0.,.1e-2,.1e-2,.1e-2,0.,0.,.1e-2,.1e-2,0.,0.,.1e-2,.1e-2,.1e-2,0.,.1e-2,.1e-2,
0.,.1e-2,.1e-2,.1e-2,.1e-2,0.,.1e-2,0.,.1e-2,.1e-2,.1e-2,.1e-2,.1e-2,.1e-2,.1e-\
2,.1e-2,.1e-2,.1e-2,.1e-2,.1e-2,0.,0.,.1e-2,.1e-2,.2e-2,.1e-2,.1e-2,.1e-2,0.,.1\
e-2,.1e-2,.1e-2,0.,0.,0.,.1e-2,.1e-2,.1e-2,0.,.1e-2,.1e-2,.1e-2,.1e-2,.1e-2,.1e\
-2,.1e-2,.1e-2,.1e-2,0.,.1e-2,0.,0.,.1e-2,.1e-2,0.,.1e-2,.1e-2,.1e-2,.1e-2,0.,.\
1e-2,.1e-2,.1e-2,.1e-2,.1e-2,.1e-2,.1e-2,.1e-2,.1e-2,.1e-2,.1e-2,0.,.1e-2,.1e-2
,.1e-2,.1e-2,.1e-2,.1e-2,.1e-2,0.,.1e-2,.1e-2,.1e-2,.1e-2,0.,.1e-2,.1e-2,0.,.1e\
-2,.1e-2,.1e-2,0.,.1e-2,0.,.1e-2,0.,.1e-2,.1e-2,.1e-2,.1e-2,.1e-2,0.,.1e-2,.1e-\
2,.1e-2,.1e-2,0.,0.,.1e-2,.1e-2,.1e-2,0.,.1e-2,0.,0.,0.,.1e-2,.1e-2,0.,0.,.1e-2
,.1e-2,.1e-2,.1e-2,.1e-2,.2e-2,.1e-2,0.,.1e-2,.1e-2,.1e-2,0.,.1e-2,.1e-2,.1e-2,
.1e-2,.1e-2,.1e-2,0.,0.,0.,0.,.1e-2,0.,.1e-2,.1e-2,.1e-2,.1e-2,.1e-2,0.,0.,.1e-\
2,.1e-2,.2e-2,.1e-2,.1e-2,0.,0.,.1e-2,.1e-2,.1e-2,.1e-2,.1e-2,.1e-2,.1e-2,0.,.1\
e-2,.1e-2,0.,.1e-2,.1e-2,.1e-2,.1e-2,.1e-2,.1e-2,.1e-2,0.,.1e-2,0.,.1e-2,0.,.1e\
-2,.1e-2,.2e-2,0.,.1e-2,0.,.1e-2,.1e-2,.1e-2,.1e-2,.1e-2,0.,.1e-2,0.,.1e-2,.1e-\
2,0.,.1e-2,.1e-2,.1e-2,.1e-2,.1e-2,.1e-2,0.,.1e-2,.1e-2,0.,.1e-2,0.,.1e-2,.1e-2
,0.,.1e-2,.1e-2,0.,.1e-2,.1e-2,0.,.1e-2,.1e-2,0.,.1e-2,.1e-2,0.,.1e-2,.1e-2,.1e\
-2,0.,.1e-2,0.,.1e-2,.1e-2,0.,0.,.1e-2,.1e-2,.1e-2,.1e-2,.1e-2,.1e-2,0.,0.,0.,.\
1e-2,0.,0.,.1e-2,.1e-2,.1e-2,.1e-2,0.,.1e-2,0.,.1e-2,.1e-2,0.,.1e-2,.2e-2,.1e-2
,0.,.1e-2,0.,0.,0.,.1e-2,0.,.1e-2,.1e-2,0.,0.,.1e-2,.1e-2,0.,.1e-2,0.,.1e-2,.1e\
-2,.1e-2,0.,0.,.1e-2,.1e-2,0.,.1e-2,.1e-2,0.,0.,.1e-2,.1e-2,0.,.1e-2,.1e-2,0.,.\
1e-2,.1e-2,0.,.1e-2,.1e-2,0.,.1e-2,.1e-2,0.,0.,0.,.1e-2,.1e-2,0.,.1e-2,.1e-2,.1\
e-2,.1e-2,.1e-2,.1e-2,.1e-2,.1e-2,.1e-2,0.,.1e-2,.1e-2,.1e-2,.1e-2,.1e-2,.1e-2,
.1e-2,.1e-2,.1e-2,.1e-2,0.,.1e-2,0.,0.,.1e-2,.1e-2,.1e-2,.1e-2,0.,.1e-2,.1e-2,0\
.,.1e-2,.1e-2,0.,.1e-2,.1e-2,.1e-2,0.,0.,.1e-2,0.,0.,0.,0.,.1e-2,0.,.1e-2,.1e-2
,.1e-2,.1e-2,.1e-2,0.,0.,0.,0.,.1e-2,.1e-2,.1e-2,.1e-2,.1e-2,0.,0.,.1e-2,0.,0.,
.1e-2,0.,.1e-2,0.,.1e-2,.1e-2,.1e-2,0.,.1e-2,.1e-2,.1e-2,.1e-2,.2e-2,.1e-2,.2e-\
2,.2e-2,0.,.1e-2,.1e-2,0.,.1e-2,0.,0.,.1e-2,0.,0.,.1e-2,.1e-2,.1e-2,.1e-2,.1e-2
,.1e-2,.1e-2,0.,.1e-2,.2e-2,.1e-2,.1e-2,.1e-2,.1e-2,.1e-2,0.,.1e-2,0.,.1e-2,.1e\
-2,0.,.1e-2,0.,0.,.1e-2,0.,.2e-2,.1e-2,.1e-2,.1e-2,0.,.1e-2,.1e-2,.1e-2,.1e-2,.\
1e-2,.1e-2,.1e-2,.1e-2,.1e-2,.1e-2,.1e-2,.1e-2,.1e-2,.1e-2,0.,.1e-2,0.,.1e-2,.1\
e-2,0.,0.,.1e-2,.2e-2,0.,.1e-2,0.,.1e-2,0.,.1e-2,.1e-2,.1e-2,.1e-2,0.,0.,.1e-2,
.2e-2,0.,.1e-2,.1e-2,0.,.1e-2,0.,.1e-2,.1e-2,.1e-2,.1e-2,0.,0.,0.,.1e-2,.1e-2,.\
1e-2,.1e-2,.1e-2,.1e-2,.1e-2,.1e-2,0.,.1e-2,0.,.2e-2,.1e-2,.1e-2,.2e-2,.1e-2,0.
,.1e-2,.1e-2,.1e-2,.1e-2,.1e-2,.1e-2,.1e-2,.1e-2,.1e-2,.1e-2,.2e-2,.1e-2,.1e-2,
0.,0.,.1e-2,.1e-2,.1e-2,.1e-2,0.,.1e-2,.1e-2,.1e-2,.1e-2,.1e-2,.1e-2,.1e-2,.1e-\
2,.1e-2,0.,.1e-2,.1e-2,.1e-2,.1e-2,.1e-2,0.,.1e-2,.1e-2,0.,.1e-2,.1e-2,.1e-2,.1\
e-2,.1e-2,0.,0.,.1e-2,.1e-2,.48e-1,.1e-2,.1e-2,.1e-2,.1e-2,.1e-2,.1e-2,.1e-2,.1\
e-2,.1e-2,0.,.1e-2,.1e-2,.1e-2,.1e-2,.1e-2,.1e-2,.1e-2,.1e-2,0.,0.,.2e-2,0.,.1e\
-2,.1e-2,0.,0.,.1e-2,0.,.1e-2,.1e-2,.1e-2,.1e-2,.1e-2,.1e-2,0.,.1e-2,0.,.1e-2,.\
1e-2,0.,.1e-2,.1e-2,.1e-2,.1e-2,.1e-2,.1e-2,0.,.1e-2,0.,.2e-2,.1e-2,.1e-2,0.,.1\
e-2,.1e-2,.1e-2,.1e-2,.1e-2,0.,0.,.1e-2,.1e-2,.1e-2,.1e-2,.1e-2,0.,.1e-2,.2e-2,
.1e-2,0.,.1e-2,.1e-2,.1e-2,0.,.1e-2,.1e-2,0.,0.,.1e-2,0.,.1e-2,.1e-2,.1e-2,.1e-\
2,.1e-2,.1e-2,.1e-2,.1e-2,.1e-2,.1e-2,.1e-2,.1e-2,.1e-2,.1e-2,.1e-2,.1e-2,0.,.1\
e-2,0.,.1e-2,0.,.1e-2,.1e-2,0.,0.,.1e-2,.1e-2,.1e-2,.1e-2,.1e-2,0.,.1e-2,0.,.1e\
-2,.1e-2,0.,0.,0.,.1e-2,0.,.1e-2,.1e-2,.1e-2,.1e-2,0.,.1e-2,.1e-2,.1e-2,.1e-2,.\
1e-2,.1e-2,.1e-2,.1e-2,0.,.1e-2,0.,.1e-2,.1e-2,.1e-2,.1e-2,.1e-2,.1e-2,.1e-2,0.
,0.,.1e-2,.1e-2,.1e-2,.1e-2,.1e-2,.2e-2,.1e-2,0.,.1e-2,.1e-2,.1e-2,.1e-2,.1e-2,
.1e-2,.1e-2,0.,0.,.1e-2,0.,.1e-2,.1e-2,.1e-2,0.,.1e-2,.1e-2,.1e-2,0.,.1e-2,0.,.\
1e-2,.1e-2,.2e-2,.1e-2,0.,.1e-2,0.,.1e-2,0.,.1e-2,.1e-2,0.,.1e-2,.1e-2,.1e-2,.1\
e-2,.1e-2,0.,.1e-2,0.,0.,.1e-2,.1e-2,.1e-2,.1e-2,.1e-2,.1e-2,.1e-2,0.,.1e-2,.1e\
-2,0.,.1e-2,.1e-2,0.,.1e-2,.1e-2,.1e-2,.2e-2,.1e-2,.1e-2,.1e-2,0.,.1e-2,0.,0.,.\
1e-2,0.,0.,.1e-2,0.,0.,.1e-2,0.,.1e-2,0.,.1e-2,.1e-2,.2e-2,.1e-2,0.,.1e-2,0.,.1\
e-2,.1e-2,.1e-2,.1e-2,.1e-2,0.,.1e-2,.1e-2,.1e-2,.1e-2,.1e-2,0.,0.,.1e-2,.1e-2,
0.,.1e-2,.1e-2,.1e-2,0.,.1e-2,.1e-2,.1e-2,.1e-2,.1e-2,.1e-2,0.,.1e-2,.2e-2,.2e-\
2,.1e-2,.1e-2,0.,.1e-2,.1e-2,.1e-2,0.,.1e-2,.1e-2,.1e-2,.1e-2,.1e-2,.1e-2,.1e-2
,.1e-2,.1e-2,.1e-2,0.,.1e-2,.2e-2,.1e-2,0.,.1e-2,.1e-2,.1e-2,0.,.1e-2,0.,.1e-2,
0.,.1e-2,.2e-2,.1e-2,.1e-2,.1e-2,0.,.1e-2,0.,.1e-2,0.,0.,0.,0.,.1e-2,0.,.1e-2,0\
.,.1e-2,.1e-2,.3e-2,.1e-2,.1e-2,0.,.1e-2,0.,.1e-2,.1e-2,.1e-2,.1e-2,.1e-2,.1e-2
,.1e-2,.1e-2,.1e-2,0.,0.,.1e-2,0.,.1e-2,.1e-2,.2e-2,.1e-2,.1e-2,.1e-2,.1e-2,.1e\
-2,.1e-2,.1e-2,0.,.1e-2,0.,.1e-2,.1e-2,0.,.1e-2,.1e-2,.1e-2,0.,.1e-2,.1e-2,0.,.\
1e-2,.1e-2,.2e-2,.2e-2,.1e-2,.1e-2,0.,.1e-2,.1e-2,0.,.1e-2,.1e-2,.1e-2,.1e-2,0.
,0.,.1e-2,0.,.1e-2,0.,.1e-2,.1e-2,0.,.1e-2,.1e-2,.1e-2,0.,.1e-2,0.,.1e-2,.1e-2,
0.,.1e-2,.1e-2,.1e-2,0.,.1e-2,.1e-2,.1e-2,.1e-2,0.,.1e-2,0.,.1e-2,0.,.1e-2,.1e-\
2,0.,.1e-2,.1e-2,.1e-2,.1e-2,.1e-2,.1e-2,.1e-2,0.,.1e-2,.1e-2,.2e-2,.1e-2,.1e-2
,.1e-2,.1e-2,0.,.1e-2,.1e-2,.2e-2,.1e-2,.1e-2,0.,.1e-2,.1e-2,.1e-2,0.,.1e-2,.1e\
-2,.1e-2,.1e-2,.1e-2,.1e-2,0.,.1e-2,.1e-2,0.,.1e-2,0.,.1e-2,.1e-2,.1e-2,0.,.2e-\
2,0.,.1e-2,0.,0.,.1e-2,0.,0.,.1e-2,.1e-2,.1e-2,.1e-2,.1e-2,.1e-2,.1e-2,.1e-2,.1\
e-2,0.,0.,.1e-2,0.,0.,.1e-2,.1e-2,.1e-2,0.,.1e-2,.1e-2,.1e-2,.1e-2,.1e-2,.1e-2,
.1e-2,.1e-2,.1e-2,.1e-2,0.,.1e-2,.1e-2,0.,.1e-2,.1e-2,0.,0.,0.,0.,0.,0.,.1e-2,0\
.,.1e-2,0.,.1e-2,.1e-2,.1e-2,.1e-2,.1e-2,.1e-2,0.,.1e-2,.1e-2,0.,.1e-2,.1e-2,.1\
e-2,.1e-2,.1e-2,.1e-2,.1e-2,.1e-2,.1e-2,.1e-2,.1e-2,.1e-2,0.,.1e-2,.1e-2,0.,.1e\
-2,.1e-2,.2e-2,.5e-2,.1e-2,.1e-2,0.,0.,.2e-2,.1e-2,0.,.1e-2,0.,.1e-2,.1e-2,.1e-\
2,.1e-2,.1e-2,.1e-2,.1e-2,0.,0.,.1e-2,0.,.1e-2,0.,.1e-2,.1e-2,.2e-2,.2e-2,.2e-2
,.1e-2,0.,.1e-2,0.,0.,0.,0.,.1e-2,.1e-2,.1e-2,.1e-2,.1e-2,.1e-2,0.,.1e-2,.1e-2,
.1e-2,.1e-2,.1e-2,0.,.1e-2,0.,0.,0.,0.,.1e-2,0.,.1e-2,.1e-2,.1e-2,0.,.1e-2,0.,.\
1e-2,.1e-2,.1e-2,.1e-2,.2e-2,.1e-2,.1e-2,.1e-2,.1e-2,.1e-2,.1e-2,.1e-2,.1e-2,.1\
e-2,0.,0.,.1e-2,.1e-2,.1e-2,.1e-2,.1e-2,.2e-2,.1e-2,.1e-2,0.,0.,.1e-2,.1e-2,.1e\
-2,.1e-2,.1e-2,.1e-2,.1e-2,.1e-2,0.,.1e-2,.1e-2,.1e-2,0.,.1e-2,.1e-2,.1e-2,.1e-\
2,0.,.60e-1,.2e-2,.2e-2,.1e-2,.1e-2,.1e-2,.1e-2,0.,.1e-2,.1e-2,.1e-2,.1e-2,.2e-\
2,0.,.1e-2,0.,0.,.1e-2,.1e-2,.1e-2,.1e-2,.1e-2,.1e-2,.1e-2,.1e-2,0.,0.,.1e-2,.1\
e-2,.1e-2,.1e-2,.1e-2,0.,0.,.1e-2,0.,0.,.1e-2,.1e-2,0.,.1e-2,.1e-2,.1e-2,.1e-2,
0.,.1e-2,.1e-2,.1e-2,.1e-2,.2e-2,.1e-2,.1e-2,.1e-2,0.,.2e-2,.1e-2,0.,.1e-2,0.,0\
.,.1e-2,0.,0.,0.,.1e-2,.2e-2,.1e-2,0.,.1e-2,.1e-2,.1e-2,0.,.1e-2,0.,0.,.1e-2,.1\
e-2,.1e-2,.1e-2,0.,0.,.1e-2,.1e-2,.1e-2,.1e-2,.1e-2,.1e-2,.1e-2,.1e-2,.1e-2,0.,
.1e-2,.1e-2,.1e-2,0.,.1e-2,.1e-2,0.,.1e-2,.1e-2,0.,.1e-2,0.,.1e-2,.1e-2,.47e-1,
.1e-2,0.,.1e-2,.1e-2,0.,.1e-2,.1e-2,.2e-2,.1e-2,.1e-2,.1e-2,.1e-2,.1e-2,0.,.1e-\
2,.1e-2,.1e-2,.1e-2,.1e-2,.1e-2,.1e-2,.1e-2,.1e-2,.2e-2,.1e-2,.2e-2,.1e-2,.1e-2
,.1e-2,.1e-2,.1e-2,.1e-2,.1e-2,.1e-2,.2e-2,.1e-2,0.,.1e-2,.1e-2,0.,.1e-2,.1e-2,
0.,0.,.1e-2,.1e-2,.1e-2,0.,.1e-2,.1e-2,.1e-2,.1e-2,.1e-2,.1e-2,.1e-2,.1e-2,.1e-\
2,.1e-2,.1e-2,.1e-2,.1e-2,.1e-2,.1e-2,0.,.1e-2,.2e-2,.1e-2,.1e-2,.1e-2,.1e-2,.1\
e-2,0.,.1e-2,.1e-2,.1e-2,.2e-2,.1e-2,0.,.1e-2,.1e-2,0.,0.,.1e-2,0.,.1e-2,.1e-2,
.1e-2,0.,.1e-2,.1e-2,.1e-2,.1e-2,.1e-2,.2e-2,.1e-2,0.,0.,.1e-2,.1e-2,.1e-2,.1e-\
2,.1e-2,.1e-2,.1e-2,.6e-2,.1e-2,0.,.1e-2,0.,0.,0.,.1e-2,.1e-2,0.,.1e-2,.1e-2,.1\
e-2,0.,.1e-2,.2e-2,.1e-2,0.,.1e-2,.1e-2,.1e-2,.1e-2,.1e-2,.1e-2,0.,0.,0.],[.1e-\
2,.1e-2,0.,.1e-2,.1e-2,.1e-2,.1e-2,0.,.1e-2,.1e-2,0.,0.,.1e-2,.1e-2,.1e-2,.1e-2
,.1e-2,.1e-2,.1e-2,0.,0.,0.,.1e-2,.1e-2,.1e-2,.1e-2,.1e-2,0.,.1e-2,.1e-2,0.,.1e\
-2,.1e-2,.1e-2,0.,.1e-2,.1e-2,0.,.1e-2,.1e-2,0.,0.,.1e-2,.1e-2,.1e-2,0.,.1e-2,0\
.,.1e-2,0.,.1e-2,.1e-2,.1e-2,.1e-2,0.,0.,.1e-2,.2e-2,.2e-2,.1e-2,.1e-2,.1e-2,.1\
e-2,.2e-2,0.,.2e-2,.1e-2,0.,.1e-2,0.,.1e-2,.1e-2,0.,.1e-2,.1e-2,.1e-2,.1e-2,.1e\
-2,.1e-2,.1e-2,.1e-2,.2e-2,.1e-2,.1e-2,.1e-2,0.,0.,.1e-2,0.,.1e-2,.1e-2,0.,.1e-\
2,0.,.1e-2,0.,.1e-2,.1e-2,.1e-2,0.,.2e-2,.2e-2,0.,0.,.1e-2,0.,.1e-2,.1e-2,.1e-2
,.1e-2,.1e-2,.2e-2,.1e-2,.1e-2,.1e-2,0.,0.,.2e-2,0.,.2e-2,.1e-2,.1e-2,.1e-2,0.,
0.,0.,0.,.1e-2,.1e-2,.1e-2,0.,.1e-2,.1e-2,.1e-2,.2e-2,.1e-2,.1e-2,0.,0.,.1e-2,.\
1e-2,.1e-2,.1e-2,.1e-2,0.,0.,0.,.1e-2,.1e-2,.1e-2,0.,0.,.1e-2,.1e-2,.1e-2,.1e-2
,.1e-2,.1e-2,0.,.1e-2,.1e-2,0.,0.,.1e-2,.2e-2,.1e-2,0.,0.,.1e-2,0.,.1e-2,.1e-2,
.1e-2,0.,0.,.1e-2,.1e-2,0.,.1e-2,0.,0.,.1e-2,.1e-2,.1e-2,.1e-2,.1e-2,.1e-2,.1e-\
2,.1e-2,.1e-2,0.,.1e-2,0.,.1e-2,.1e-2,.1e-2,0.,0.,0.,.1e-2,.1e-2,.1e-2,0.,.1e-2
,.1e-2,0.,.1e-2,.1e-2,.1e-2,.1e-2,.1e-2,.1e-2,.1e-2,.1e-2,.2e-2,.1e-2,.1e-2,.1e\
-2,.1e-2,.1e-2,0.,.1e-2,0.,.1e-2,0.,.1e-2,.1e-2,.1e-2,0.,.1e-2,.1e-2,.1e-2,.1e-\
2,.1e-2,.1e-2,0.,.1e-2,.1e-2,.1e-2,.1e-2,0.,.1e-2,0.,.1e-2,.1e-2,.1e-2,0.,.1e-2
,.1e-2,0.,.1e-2,.1e-2,.1e-2,.1e-2,.1e-2,.1e-2,0.,.1e-2,0.,.1e-2,.1e-2,.1e-2,.2e\
-2,0.,.1e-2,.1e-2,0.,.1e-2,0.,.1e-2,.1e-2,.1e-2,.1e-2,0.,.1e-2,.1e-2,.2e-2,.1e-\
2,.1e-2,0.,.1e-2,0.,0.,.1e-2,0.,.1e-2,.1e-2,0.,.1e-2,.1e-2,.1e-2,.1e-2,.1e-2,0.
,0.,.1e-2,0.,0.,.1e-2,.1e-2,.1e-2,.1e-2,.1e-2,.1e-2,0.,.1e-2,.1e-2,.1e-2,.1e-2,
.1e-2,.1e-2,.1e-2,.1e-2,.1e-2,.1e-2,.1e-2,.2e-2,.2e-2,.2e-2,.2e-2,.1e-2,.1e-2,.\
1e-2,.1e-2,.1e-2,.1e-2,.1e-2,.1e-2,0.,.1e-2,0.,.1e-2,.1e-2,.1e-2,0.,.1e-2,0.,.1\
e-2,.1e-2,0.,0.,.1e-2,.1e-2,.1e-2,0.,.1e-2,0.,.1e-2,.1e-2,.1e-2,.1e-2,.1e-2,.1e\
-2,.1e-2,0.,0.,.1e-2,0.,.1e-2,.1e-2,.1e-2,.1e-2,0.,.1e-2,0.,.1e-2,.1e-2,0.,.1e-\
2,.1e-2,.1e-2,.1e-2,.1e-2,0.,0.,.1e-2,0.,.1e-2,.2e-2,.1e-2,0.,.1e-2,.1e-2,0.,.1\
e-2,.1e-2,0.,.1e-2,.1e-2,0.,.1e-2,.1e-2,.1e-2,.1e-2,.2e-2,.1e-2,.1e-2,.1e-2,.1e\
-2,0.,0.,0.,0.,.1e-2,.1e-2,.2e-2,.1e-2,.1e-2,.1e-2,.2e-2,.1e-2,0.,0.,0.,.1e-2,.\
1e-2,.1e-2,.1e-2,.1e-2,.1e-2,.1e-2,.1e-2,.1e-2,0.,.1e-2,.1e-2,0.,.1e-2,.1e-2,.1\
e-2,0.,.1e-2,.1e-2,.1e-2,.1e-2,.1e-2,.1e-2,.1e-2,.1e-2,.1e-2,.1e-2,.1e-2,.1e-2,
.1e-2,0.,.1e-2,.1e-2,.1e-2,.1e-2,.1e-2,0.,.1e-2,.1e-2,.2e-2,.1e-2,.1e-2,0.,.1e-\
2,0.,.1e-2,0.,0.,.1e-2,.1e-2,.1e-2,.1e-2,.1e-2,.1e-2,.1e-2,.1e-2,0.,0.,.1e-2,0.
,.1e-2,0.,.1e-2,.1e-2,.1e-2,0.,.1e-2,.1e-2,0.,.1e-2,.1e-2,.1e-2,0.,0.,.1e-2,.1e\
-2,.1e-2,.1e-2,.1e-2,.1e-2,0.,.1e-2,0.,.1e-2,0.,.1e-2,.1e-2,.1e-2,.1e-2,.1e-2,0\
.,0.,0.,.1e-2,.1e-2,.1e-2,.1e-2,.1e-2,.1e-2,.1e-2,0.,.1e-2,.1e-2,0.,.1e-2,.1e-2
,.1e-2,0.,.1e-2,.1e-2,.1e-2,.1e-2,.1e-2,0.,.1e-2,0.,.1e-2,.1e-2,0.,0.,.1e-2,0.,
.1e-2,.1e-2,.1e-2,.1e-2,.1e-2,.1e-2,.1e-2,.1e-2,.1e-2,.1e-2,.1e-2,.1e-2,0.,.1e-\
2,.2e-2,.1e-2,.1e-2,.1e-2,.1e-2,0.,0.,.1e-2,.1e-2,0.,.1e-2,.1e-2,0.,.1e-2,.1e-2
,.1e-2,.1e-2,.1e-2,.1e-2,.1e-2,0.,.1e-2,.1e-2,0.,0.,0.,.1e-2,.1e-2,.1e-2,.1e-2,
.1e-2,0.,0.,.1e-2,0.,0.,0.,0.,.1e-2,.1e-2,.1e-2,0.,.1e-2,.1e-2,0.,.1e-2,.1e-2,.\
1e-2,.1e-2,.1e-2,0.,0.,0.,.1e-2,.1e-2,.1e-2,.1e-2,.1e-2,.1e-2,0.,.2e-2,.1e-2,.1\
e-2,.1e-2,.1e-2,.1e-2,0.,0.,0.,.1e-2,.1e-2,.1e-2,.1e-2,.1e-2,.1e-2,.1e-2,.1e-2,
0.,.1e-2,0.,.1e-2,.1e-2,0.,.1e-2,.1e-2,.1e-2,.1e-2,.1e-2,.1e-2,0.,.1e-2,.1e-2,0\
.,.1e-2,0.,0.,.1e-2,.1e-2,.1e-2,.1e-2,.1e-2,.1e-2,.1e-2,.1e-2,.1e-2,.1e-2,.1e-2
,0.,.1e-2,.2e-2,.1e-2,0.,.2e-2,.1e-2,.1e-2,.1e-2,0.,.1e-2,.1e-2,.1e-2,.1e-2,.1e\
-2,.1e-2,.1e-2,.1e-2,0.,.1e-2,0.,.1e-2,0.,.1e-2,.2e-2,0.,.1e-2,.1e-2,0.,.1e-2,.\
1e-2,.1e-2,0.,.1e-2,.1e-2,.1e-2,.1e-2,.1e-2,.1e-2,.1e-2,.1e-2,.1e-2,0.,0.,.1e-2
,.1e-2,.1e-2,.1e-2,.1e-2,.1e-2,.1e-2,0.,0.,.1e-2,.1e-2,.1e-2,0.,.1e-2,.1e-2,.1e\
-2,.1e-2,0.,.1e-2,.1e-2,.1e-2,.1e-2,0.,.1e-2,0.,0.,.1e-2,.1e-2,.2e-2,.1e-2,0.,0\
.,0.,.1e-2,0.,.1e-2,.1e-2,.1e-2,.1e-2,.1e-2,.1e-2,.1e-2,.1e-2,0.,0.,.1e-2,.1e-2
,0.,0.,0.,0.,.1e-2,.1e-2,.2e-2,.1e-2,0.,.1e-2,0.,0.,.1e-2,0.,.1e-2,0.,.1e-2,.1e\
-2,0.,.1e-2,0.,.1e-2,0.,0.,.1e-2,.1e-2,.3e-2,.2e-2,.1e-2,.1e-2,.1e-2,0.,.1e-2,.\
1e-2,0.,.1e-2,.1e-2,.1e-2,.1e-2,.1e-2,0.,.1e-2,0.,.1e-2,.1e-2,0.,.1e-2,.1e-2,.1\
e-2,.1e-2,0.,.1e-2,.1e-2,0.,0.,.1e-2,0.,.1e-2,.1e-2,.1e-2,0.,.1e-2,.1e-2,.1e-2,
0.,.2e-2,.1e-2,.1e-2,.1e-2,.1e-2,0.,0.,.1e-2,.1e-2,.1e-2,.1e-2,0.,.1e-2,.1e-2,0\
.,0.,.1e-2,.1e-2,.1e-2,.1e-2,0.,0.,.1e-2,.1e-2,.1e-2,.85e-1,.2e-2,0.,.1e-2,.2e-\
2,.1e-2,0.,.1e-2,.1e-2,.1e-2,0.,.1e-2,.1e-2,0.,.1e-2,.1e-2,0.,.1e-2,.1e-2,.1e-2
,.1e-2,.1e-2,0.,0.,.1e-2,0.,.1e-2,.1e-2,0.,0.,0.,0.,0.,0.,.1e-2,.1e-2,.1e-2,0.,
.1e-2,0.,0.,0.,.1e-2,.1e-2,.1e-2,.1e-2,.1e-2,.2e-2,.2e-2,0.,.1e-2,.1e-2,.1e-2,.\
2e-2,0.,.1e-2,.1e-2,0.,.1e-2,0.,0.,.1e-2,0.,.1e-2,.1e-2,.1e-2,.1e-2,.1e-2,.1e-2
,.2e-2,.1e-2,.1e-2,.1e-2,.1e-2,.1e-2,.1e-2,.1e-2,.1e-2,.1e-2,.1e-2,.1e-2,0.,.1e\
-2,.1e-2,.1e-2,.1e-2,0.,.1e-2,.1e-2,.1e-2,0.,.1e-2,.2e-2,.1e-2,0.,.1e-2,.2e-2,.\
1e-2,.1e-2,.1e-2,.1e-2,.1e-2,.2e-2,0.,.2e-2,0.,.1e-2,.1e-2,.1e-2,.1e-2,.1e-2,.1\
e-2,0.,.1e-2,0.,0.,.1e-2,0.,.1e-2,0.,.1e-2,.1e-2,.1e-2,.1e-2,0.,0.,.1e-2,.1e-2,
0.,0.,.1e-2,.1e-2,0.,.1e-2,.1e-2,.1e-2,.1e-2,.1e-2,.1e-2,.1e-2,0.,0.,0.,.1e-2,0\
.,.1e-2,.1e-2,.1e-2,0.,.1e-2,0.,.1e-2,.1e-2,.1e-2,.1e-2,.1e-2,.1e-2,.1e-2,.1e-2
,.1e-2,.1e-2,.1e-2,.1e-2,.1e-2,.1e-2,.1e-2,.1e-2,.1e-2,0.,.1e-2,0.,.1e-2,.1e-2,
.1e-2,.1e-2,0.,.1e-2,.1e-2,.1e-2,.1e-2,.1e-2,.1e-2,.1e-2,.1e-2,.1e-2,.1e-2,.1e-\
2,.1e-2,.1e-2,0.,0.,.1e-2,0.,.1e-2,.1e-2,.1e-2,.1e-2,0.,.2e-2,.1e-2,.1e-2,.1e-2
,0.,.1e-2,.1e-2,0.,.1e-2,.1e-2,.1e-2,.1e-2,0.,0.,.1e-2,.1e-2,.1e-2,.2e-2,0.,.1e\
-2,.1e-2,.1e-2,.1e-2,0.,.1e-2,.1e-2,.2e-2,.2e-2,.1e-2,.2e-2,.1e-2,0.,.1e-2,.1e-\
2,.1e-2,.1e-2,.1e-2,.1e-2,.1e-2,.2e-2,.1e-2,.1e-2,.1e-2,.1e-2,.1e-2,.1e-2,.1e-2
,.1e-2,.1e-2,0.,.1e-2,0.,.1e-2,0.,.1e-2,0.,.1e-2,.1e-2,0.,.1e-2,0.,0.,.1e-2,.1e\
-2,.1e-2,0.,.1e-2,.1e-2,.1e-2,0.,.1e-2,.1e-2,.1e-2,.1e-2,.1e-2,.1e-2,.1e-2,.1e-\
2,.3e-2,.1e-2,.1e-2,.2e-2,.1e-2,.1e-2,.1e-2,.1e-2,.1e-2,.2e-2,.2e-2,.1e-2,.1e-2
,.1e-2,.1e-2,.1e-2,.1e-2,.1e-2,.1e-2,.1e-2,.1e-2,.1e-2,.1e-2,.1e-2,.1e-2,0.,0.,
.1e-2,.2e-2,.1e-2,.1e-2,0.,.1e-2,0.,0.,0.,.1e-2,.1e-2,.1e-2,.1e-2,.1e-2,0.,0.,.\
1e-2,.1e-2,.1e-2,.1e-2,.1e-2,.1e-2,.1e-2,.1e-2,.1e-2,.1e-2,.1e-2,.2e-2,.1e-2,.1\
e-2,.1e-2,.1e-2,.1e-2,.1e-2,.1e-2,0.,0.,.1e-2,.1e-2,0.,.1e-2,.1e-2,.1e-2,.1e-2,
.1e-2,.1e-2,.1e-2,.1e-2,.1e-2,0.,.1e-2,.1e-2,.1e-2,.1e-2,.1e-2,0.,.1e-2,.1e-2,0\
.,.1e-2,.2e-2,.1e-2,.1e-2,.1e-2,0.,.1e-2,.1e-2,.1e-2,0.,.1e-2,.1e-2,.1e-2,0.,0.
,.1e-2,.1e-2,.1e-2,.1e-2,0.,.1e-2,.1e-2,.1e-2,.2e-2,.1e-2,.1e-2,.1e-2,.1e-2,.1e\
-2,.1e-2,.2e-2,.1e-2,0.,.1e-2,.1e-2,.1e-2,0.,.1e-2,.1e-2,.1e-2,.1e-2,.1e-2,0.,.\
1e-2,.1e-2,.1e-2,.1e-2,.1e-2,0.,.1e-2,0.,0.,.1e-2,.1e-2,0.,.1e-2,.1e-2,.1e-2,.1\
e-2,.1e-2,.1e-2,.1e-2,.1e-2,.1e-2,.1e-2,.2e-2,.1e-2,.1e-2,.1e-2,0.,.1e-2,0.,.1e\
-2,0.,0.,0.,0.,.1e-2,.1e-2,0.,.2e-2,.1e-2,.1e-2,.1e-2,0.,0.,.1e-2,.1e-2,.1e-2,.\
1e-2,.1e-2,.1e-2,.1e-2,0.,.1e-2,.1e-2,.1e-2,0.,0.,0.,.1e-2,.1e-2,.1e-2,0.,.1e-2
,.1e-2,0.,.1e-2,.1e-2,.1e-2,0.,.1e-2,.1e-2,.1e-2,.1e-2,.1e-2,0.,.1e-2,.1e-2,.1e\
-2,.1e-2,.1e-2,.1e-2,0.,0.,.1e-2,.1e-2,.1e-2,0.,.1e-2,.1e-2,.2e-2,0.,.1e-2,.1e-\
2,0.,.1e-2,.1e-2,.1e-2,0.,.1e-2,.1e-2,0.,.1e-2,.1e-2,0.,.1e-2,0.,.1e-2,0.,.1e-2
,.2e-2,0.,.1e-2,.1e-2,.1e-2,.1e-2,.1e-2,.1e-2,0.,.1e-2,.1e-2,0.,.1e-2,.1e-2,.1e\
-2,.1e-2,0.,.1e-2,.1e-2,0.,.1e-2,.1e-2,.1e-2,.1e-2,.1e-2,.1e-2,0.,0.,.1e-2,.1e-\
2,.1e-2,.1e-2,.1e-2,.1e-2,0.,0.,.1e-2,.1e-2,.1e-2,0.,.1e-2,.2e-2,.1e-2,.1e-2,.2\
e-2,0.,0.,.1e-2,.1e-2,.1e-2,0.,0.,.1e-2,.1e-2,.1e-2,.1e-2,.1e-2,.1e-2,.1e-2,0.,
.4e-2,.1e-2,.1e-2,0.,.1e-2,0.,.1e-2,.1e-2,.1e-2,0.,.1e-2,.1e-2,.1e-2,.1e-2,0.,.\
1e-2,.1e-2,0.,.1e-2,.1e-2,.1e-2,0.,0.,.1e-2,.1e-2,.1e-2,0.,.1e-2,.1e-2,0.,0.,.1\
e-2,0.,.1e-2,.1e-2,0.,.1e-2,0.,0.,.1e-2,0.,.1e-2,0.,0.,0.,.1e-2,.1e-2,0.,0.,.1e\
-2,.1e-2,0.,.1e-2,.1e-2,0.,.1e-2,.1e-2,0.,0.,.1e-2,.1e-2,.1e-2,.1e-2,.1e-2,0.,.\
1e-2,.1e-2,.1e-2,.1e-2,0.,.1e-2,.1e-2,0.,.1e-2,0.,.1e-2,.1e-2,0.,.1e-2,0.,.1e-2
,.1e-2,.1e-2,.2e-2,0.,.1e-2,.1e-2,.1e-2,0.,.1e-2,.1e-2,.1e-2,.2e-2,.1e-2,.1e-2,
.1e-2,.1e-2,.1e-2,.1e-2,0.,.1e-2,.2e-2,.1e-2,.1e-2,0.,0.,0.,0.,.1e-2,.1e-2,.2e-\
2,.2e-2,0.,.1e-2,.1e-2,0.,.1e-2,0.,.1e-2,.1e-2,.1e-2,.1e-2,.1e-2,.1e-2,.1e-2,.1\
e-2,.1e-2,.1e-2,.1e-2,.1e-2,.1e-2,0.,0.,.1e-2,.1e-2,.1e-2,.1e-2,.1e-2,.1e-2,.1e\
-2,.1e-2,0.,.1e-2,.1e-2,.1e-2,0.,.1e-2,.1e-2,.1e-2,0.,.1e-2,.1e-2,0.,.1e-2,0.,.\
1e-2,.1e-2,.1e-2,.1e-2,.1e-2,0.,0.,.1e-2,.1e-2,0.,0.,.1e-2,.1e-2,.1e-2,.1e-2,.1\
e-2,.1e-2,.1e-2,.2e-2,.1e-2,.1e-2,.1e-2,0.,.1e-2,.1e-2,.1e-2,.1e-2,.1e-2,.1e-2,
.1e-2,.1e-2,.1e-2,0.,.1e-2,.1e-2,.1e-2,.1e-2,.1e-2,.1e-2,0.,0.,.1e-2,0.,.1e-2,.\
1e-2,.1e-2,0.,.1e-2,0.,.1e-2,.1e-2,.2e-2,.1e-2,0.,0.,.1e-2,0.,.1e-2,.1e-2,0.,.1\
e-2,.1e-2,.1e-2,.1e-2,.1e-2,.2e-2,.1e-2,.1e-2,.1e-2,0.,.1e-2,.1e-2,.1e-2,0.,.1e\
-2,.2e-2,.1e-2,.1e-2,0.,.1e-2,0.,.1e-2,.1e-2,0.,.1e-2,.1e-2,.1e-2,.1e-2,.1e-2,.\
1e-2,0.,.1e-2,0.,.1e-2,0.,.1e-2,.1e-2,0.,.2e-2,.1e-2,0.,.1e-2,.1e-2,.1e-2,0.,.1\
e-2,.1e-2,0.,.1e-2,.1e-2,.1e-2,.1e-2,.1e-2,0.,.1e-2,0.,.1e-2,.1e-2,.1e-2,.1e-2,
.1e-2,0.,0.,0.,.1e-2,.1e-2,0.,.1e-2,0.,.2e-2,.1e-2,.1e-2,0.,0.,.1e-2,0.,.1e-2,.\
1e-2,.1e-2,.1e-2,.1e-2,0.,.1e-2,.1e-2,0.,.1e-2,.1e-2,.1e-2,0.,0.,.1e-2,0.,.1e-2
,.1e-2,.1e-2,.1e-2,.1e-2,0.,.1e-2,.1e-2,0.,.1e-2,.1e-2,0.,.1e-2,.1e-2,.1e-2,0.,
.1e-2,.1e-2,0.,.1e-2,.1e-2,0.,0.,0.,0.,.1e-2,0.,.1e-2,.1e-2,.1e-2,.1e-2,0.,0.,0\
.,.1e-2,.1e-2,.1e-2,.1e-2,0.,.1e-2,.1e-2,0.,.1e-2,.1e-2,0.,.1e-2,.1e-2,.1e-2,.1\
e-2,.1e-2,0.,.1e-2,.1e-2,.1e-2,.1e-2,.1e-2,.1e-2,.1e-2,0.,.1e-2,0.,.1e-2,0.,.1e\
-2,.2e-2,.1e-2,.1e-2,.1e-2,.1e-2,.1e-2,0.,.1e-2,0.,.1e-2,.1e-2,0.,.1e-2,.1e-2,.\
1e-2,.1e-2,.1e-2,.1e-2,.1e-2,.1e-2,.1e-2,.1e-2,.1e-2,0.,.1e-2,.1e-2,.1e-2,.1e-2
,0.,.1e-2,.1e-2,.1e-2,.1e-2,.1e-2,.2e-2,.1e-2,.1e-2,.1e-2,0.,0.,.3e-2,.1e-2,0.,
0.,.1e-2,.1e-2,.1e-2,.1e-2,0.,.1e-2,.1e-2,.1e-2,.1e-2,0.,0.,.2e-2,0.,.1e-2,.1e-\
2,.1e-2,0.,0.,.1e-2,.1e-2,.1e-2,.1e-2,0.,0.,0.,.1e-2,.1e-2,0.,0.,.1e-2,.1e-2,.1\
e-2,0.,.1e-2,.1e-2,.1e-2,0.,0.,0.,.1e-2,.1e-2,.1e-2,.1e-2,0.,.1e-2,.1e-2,0.,.1e\
-2,.1e-2,.1e-2,.1e-2,0.,0.,.1e-2,.1e-2,.1e-2,0.,.1e-2,.1e-2,.1e-2,0.,0.,.1e-2,.\
1e-2,0.,.1e-2,.1e-2,.1e-2,.1e-2,0.,.1e-2,0.,0.,.1e-2,0.,.1e-2,0.,.1e-2,0.,.1e-2
,.2e-2,.1e-2,.1e-2,.2e-2,.1e-2,.1e-2,.1e-2,.1e-2,0.,0.,.1e-2,.1e-2,.1e-2,0.,.1e\
-2,.1e-2,.1e-2,0.,.2e-2,.1e-2,0.,.1e-2,.1e-2,.1e-2,.1e-2,.1e-2,.1e-2,.1e-2,.1e-\
2,.2e-2,0.,.1e-2,.1e-2,.1e-2,.1e-2,.1e-2,.1e-2,.1e-2,.1e-2,.1e-2,.1e-2,.1e-2,0.
,.1e-2,.1e-2,0.,.1e-2,0.,.1e-2,0.,.1e-2,0.,.2e-2,0.,.1e-2,.1e-2,.1e-2,0.,.1e-2,
.1e-2,0.,.1e-2,.1e-2,.1e-2,.1e-2,.1e-2,.1e-2,0.,.1e-2,.1e-2,.1e-2,.2e-2,.1e-2,.\
1e-2,.1e-2,.2e-2,.1e-2,0.,.1e-2,.1e-2,.2e-2,.1e-2,.1e-2,.1e-2,.1e-2,.1e-2,.1e-2
,0.,.1e-2,0.,.1e-2,.81e-1,0.,.2e-2],[0.,.1e-2,0.,.1e-2,.1e-2,.1e-2,.1e-2,0.,.1e\
-2,.1e-2,.1e-2,.1e-2,.1e-2,.2e-2,.1e-2,.1e-2,.1e-2,0.,0.,.1e-2,.1e-2,.1e-2,0.,.\
1e-2,.1e-2,.1e-2,0.,0.,.1e-2,.1e-2,.1e-2,.1e-2,.1e-2,.1e-2,.1e-2,.1e-2,.1e-2,.1\
e-2,.1e-2,.1e-2,.1e-2,.1e-2,0.,0.,.1e-2,0.,.1e-2,0.,0.,.1e-2,.1e-2,0.,.1e-2,.1e\
-2,.1e-2,0.,0.,.1e-2,.1e-2,0.,.1e-2,0.,.1e-2,.1e-2,.1e-2,.1e-2,.1e-2,.1e-2,.1e-\
2,.1e-2,.1e-2,.1e-2,0.,.1e-2,.1e-2,.1e-2,.1e-2,.2e-2,.1e-2,.1e-2,.1e-2,0.,0.,.1\
e-2,0.,.1e-2,.1e-2,0.,.1e-2,.1e-2,.1e-2,.1e-2,.1e-2,0.,0.,.1e-2,.1e-2,0.,0.,.1e\
-2,.1e-2,.1e-2,0.,.1e-2,.1e-2,0.,.1e-2,0.,.1e-2,.1e-2,.1e-2,.1e-2,.1e-2,.1e-2,.\
1e-2,.1e-2,0.,.1e-2,.1e-2,0.,.1e-2,.1e-2,.1e-2,0.,.1e-2,.1e-2,.1e-2,.2e-2,.1e-2
,.1e-2,0.,.1e-2,.1e-2,.1e-2,.1e-2,0.,.1e-2,.1e-2,.1e-2,0.,.1e-2,.1e-2,0.,.1e-2,
.1e-2,.1e-2,.1e-2,.1e-2,0.,.1e-2,.1e-2,.1e-2,.1e-2,.1e-2,.1e-2,0.,.1e-2,.2e-2,.\
1e-2,.1e-2,.1e-2,0.,.1e-2,.1e-2,.1e-2,.1e-2,.1e-2,.1e-2,.1e-2,.1e-2,.1e-2,.1e-2
,.1e-2,.1e-2,.1e-2,0.,0.,.1e-2,0.,.1e-2,.1e-2,.1e-2,.1e-2,.1e-2,0.,0.,0.,0.,.1e\
-2,.1e-2,0.,0.,.1e-2,.1e-2,0.,0.,0.,.1e-2,.1e-2,0.,0.,.2e-2,.1e-2,0.,0.,.1e-2,.\
1e-2,0.,0.,0.,0.,.1e-2,.1e-2,.1e-2,.1e-2,.1e-2,0.,.1e-2,.1e-2,.1e-2,.1e-2,.1e-2
,.1e-2,0.,.1e-2,.1e-2,.1e-2,.1e-2,.1e-2,.1e-2,.1e-2,0.,.1e-2,.1e-2,.1e-2,.1e-2,
.1e-2,0.,0.,.1e-2,.1e-2,.1e-2,.1e-2,.1e-2,.1e-2,.1e-2,.1e-2,.1e-2,.1e-2,.1e-2,0\
.,.1e-2,.1e-2,.1e-2,0.,.1e-2,0.,0.,.1e-2,.1e-2,.2e-2,.1e-2,.1e-2,.1e-2,.1e-2,.1\
e-2,0.,.1e-2,0.,.1e-2,.1e-2,.1e-2,.1e-2,.1e-2,.2e-2,.1e-2,0.,.1e-2,.1e-2,.1e-2,
0.,.1e-2,.1e-2,.1e-2,0.,0.,.1e-2,.1e-2,.1e-2,.1e-2,.1e-2,0.,.1e-2,.1e-2,0.,0.,.\
1e-2,.1e-2,.1e-2,0.,.1e-2,.1e-2,.1e-2,.1e-2,.1e-2,.1e-2,.1e-2,.1e-2,.1e-2,.1e-2
,0.,.1e-2,0.,0.,.1e-2,.1e-2,.1e-2,.2e-2,.1e-2,.1e-2,.1e-2,0.,0.,.1e-2,.1e-2,.1e\
-2,0.,.1e-2,.1e-2,.1e-2,.1e-2,.1e-2,.1e-2,.1e-2,.1e-2,.1e-2,.1e-2,.1e-2,0.,0.,.\
1e-2,.1e-2,.1e-2,.1e-2,.1e-2,0.,.1e-2,.1e-2,.1e-2,0.,.1e-2,.1e-2,.1e-2,.1e-2,.1\
e-2,0.,0.,0.,.1e-2,.1e-2,.1e-2,.1e-2,.1e-2,.1e-2,0.,.1e-2,.1e-2,.1e-2,.1e-2,0.,
0.,.1e-2,0.,.1e-2,.1e-2,.1e-2,.1e-2,.1e-2,.1e-2,0.,.1e-2,.1e-2,.1e-2,.1e-2,.1e-\
2,.1e-2,.1e-2,.2e-2,0.,.1e-2,.1e-2,.1e-2,0.,.1e-2,.1e-2,0.,0.,.1e-2,0.,.1e-2,.1\
e-2,.1e-2,.1e-2,.1e-2,0.,.1e-2,.1e-2,.1e-2,.1e-2,.1e-2,.1e-2,.1e-2,.1e-2,.1e-2,
.1e-2,.1e-2,.1e-2,.1e-2,.1e-2,.1e-2,.2e-2,.1e-2,.1e-2,.1e-2,.1e-2,0.,.1e-2,.1e-\
2,.1e-2,.2e-2,.1e-2,.1e-2,.1e-2,.1e-2,.1e-2,.1e-2,.1e-2,0.,.1e-2,0.,.1e-2,.1e-2
,.1e-2,.1e-2,.1e-2,.1e-2,.1e-2,0.,.1e-2,.1e-2,.1e-2,.1e-2,0.,0.,.1e-2,.1e-2,.1e\
-2,0.,.2e-2,.1e-2,0.,.1e-2,.1e-2,.1e-2,0.,.1e-2,.1e-2,.1e-2,.1e-2,.1e-2,0.,.1e-\
2,0.,.1e-2,.1e-2,.1e-2,0.,.1e-2,0.,0.,.1e-2,0.,0.,.1e-2,.1e-2,0.,0.,0.,0.,.1e-2
,.1e-2,.1e-2,.1e-2,0.,.1e-2,.1e-2,0.,.1e-2,.1e-2,.1e-2,.1e-2,0.,.1e-2,0.,.1e-2,
.1e-2,.1e-2,.1e-2,.1e-2,0.,0.,.1e-2,0.,.1e-2,.1e-2,.1e-2,.1e-2,.1e-2,.1e-2,.1e-\
2,.1e-2,.1e-2,0.,0.,0.,.1e-2,.1e-2,0.,.1e-2,.1e-2,.1e-2,.1e-2,.1e-2,.1e-2,.1e-2
,0.,.1e-2,0.,.1e-2,.1e-2,.1e-2,0.,.2e-2,.1e-2,.2e-2,0.,0.,.1e-2,.1e-2,.1e-2,.1e\
-2,.1e-2,0.,0.,.1e-2,0.,.1e-2,0.,0.,.1e-2,.1e-2,.1e-2,.1e-2,.1e-2,.1e-2,.1e-2,.\
1e-2,0.,.1e-2,.1e-2,0.,.1e-2,.1e-2,.1e-2,.1e-2,.2e-2,.1e-2,.1e-2,.1e-2,.1e-2,0.
,0.,0.,.1e-2,.1e-2,.1e-2,.2e-2,.1e-2,.1e-2,.1e-2,.1e-2,.1e-2,.1e-2,0.,.1e-2,.1e\
-2,.1e-2,.1e-2,.2e-2,.2e-2,.1e-2,.2e-2,.1e-2,0.,.1e-2,.1e-2,.1e-2,0.,.1e-2,.1e-\
2,.2e-2,.1e-2,.1e-2,0.,.1e-2,.1e-2,.2e-2,.1e-2,.1e-2,.1e-2,.1e-2,0.,.1e-2,.1e-2
,.1e-2,.1e-2,.1e-2,.1e-2,0.,.1e-2,0.,0.,.1e-2,.1e-2,.1e-2,.1e-2,.1e-2,.1e-2,.1e\
-2,.1e-2,.1e-2,.1e-2,0.,.1e-2,0.,.1e-2,0.,.1e-2,0.,.1e-2,.1e-2,0.,.1e-2,0.,.1e-\
2,0.,.1e-2,0.,.1e-2,.1e-2,0.,.1e-2,.1e-2,0.,.1e-2,.1e-2,0.,0.,.2e-2,0.,.1e-2,.1\
e-2,.1e-2,.1e-2,.1e-2,.3e-2,.1e-2,.1e-2,.1e-2,.1e-2,.1e-2,0.,0.,.1e-2,.1e-2,.1e\
-2,.1e-2,.1e-2,.1e-2,.1e-2,.1e-2,.1e-2,.1e-2,0.,.1e-2,.1e-2,.1e-2,0.,.1e-2,0.,.\
1e-2,.1e-2,0.,.1e-2,0.,.1e-2,0.,.1e-2,.1e-2,0.,0.,.1e-2,.1e-2,.1e-2,0.,0.,.1e-2
,.1e-2,.1e-2,.1e-2,0.,.1e-2,.1e-2,0.,.1e-2,.1e-2,.1e-2,0.,.1e-2,.1e-2,.1e-2,.1e\
-2,.1e-2,0.,.1e-2,0.,0.,0.,0.,.1e-2,.1e-2,.1e-2,.1e-2,0.,.1e-2,.1e-2,0.,.1e-2,.\
1e-2,.1e-2,0.,.1e-2,.1e-2,.1e-2,.1e-2,.1e-2,0.,0.,.1e-2,.1e-2,.1e-2,0.,.1e-2,.1\
e-2,.1e-2,.1e-2,.1e-2,.1e-2,.1e-2,0.,.1e-2,0.,0.,.1e-2,.1e-2,0.,.1e-2,.1e-2,.1e\
-2,.1e-2,.1e-2,.1e-2,.1e-2,.1e-2,.1e-2,.1e-2,.1e-2,.1e-2,.1e-2,.1e-2,0.,.2e-2,.\
1e-2,.1e-2,.1e-2,.1e-2,.1e-2,.1e-2,.1e-2,0.,0.,0.,.1e-2,.1e-2,0.,0.,.1e-2,0.,.2\
e-2,.1e-2,.1e-2,0.,.2e-2,0.,.1e-2,.1e-2,0.,.1e-2,.1e-2,.1e-2,.1e-2,.1e-2,0.,.1e\
-2,0.,.1e-2,0.,.1e-2,0.,.1e-2,.1e-2,.1e-2,.1e-2,.1e-2,.1e-2,.1e-2,0.,0.,.1e-2,0\
.,.1e-2,.1e-2,0.,.1e-2,0.,.1e-2,0.,.1e-2,0.,.2e-2,.1e-2,.1e-2,.1e-2,0.,.1e-2,.1\
e-2,.1e-2,.1e-2,.1e-2,0.,0.,.1e-2,0.,.1e-2,.1e-2,.1e-2,.1e-2,.1e-2,.1e-2,0.,.1e\
-2,.1e-2,.1e-2,.1e-2,.1e-2,0.,0.,.1e-2,.1e-2,.1e-2,0.,.1e-2,.1e-2,.1e-2,.1e-2,.\
1e-2,0.,.1e-2,0.,.1e-2,.2e-2,.1e-2,.1e-2,0.,.1e-2,0.,0.,0.,.1e-2,.1e-2,.1e-2,.1\
e-2,.1e-2,0.,.1e-2,.1e-2,.1e-2,.1e-2,.1e-2,0.,0.,.1e-2,.1e-2,.1e-2,.1e-2,.1e-2,
.1e-2,.2e-2,.1e-2,0.,.1e-2,.1e-2,.1e-2,0.,.1e-2,.1e-2,.1e-2,0.,.1e-2,.1e-2,0.,.\
1e-2,0.,.1e-2,0.,0.,.1e-2,0.,.1e-2,.1e-2,.1e-2,.1e-2,.1e-2,0.,.1e-2,0.,.1e-2,.1\
e-2,.1e-2,0.,.1e-2,0.,.1e-2,.1e-2,0.,.1e-2,.1e-2,.1e-2,.1e-2,.1e-2,0.,.1e-2,0.,
.1e-2,.1e-2,.1e-2,.1e-2,.1e-2,.1e-2,.1e-2,.1e-2,.1e-2,.2e-2,.1e-2,0.,.1e-2,.1e-\
2,.1e-2,0.,.1e-2,0.,.1e-2,.1e-2,.1e-2,.1e-2,.1e-2,0.,.1e-2,.1e-2,.1e-2,.1e-2,0.
,.1e-2,.1e-2,.1e-2,.1e-2,0.,.1e-2,0.,.1e-2,0.,.1e-2,.1e-2,.1e-2,.1e-2,.2e-2,.1e\
-2,0.,.1e-2,0.,.1e-2,.1e-2,.1e-2,0.,.1e-2,0.,.1e-2,.1e-2,.1e-2,0.,.1e-2,.1e-2,.\
1e-2,0.,.1e-2,.1e-2,0.,0.,.1e-2,.2e-2,.1e-2,0.,.1e-2,.1e-2,.1e-2,0.,.1e-2,.1e-2
,.1e-2,.1e-2,.1e-2,.1e-2,.1e-2,.2e-2,.1e-2,.2e-2,0.,.2e-2,.1e-2,0.,.1e-2,.1e-2,
.1e-2,.1e-2,.1e-2,0.,0.,0.,.1e-2,.1e-2,.1e-2,.1e-2,.1e-2,.1e-2,.1e-2,.1e-2,0.,.\
1e-2,.1e-2,0.,.1e-2,.1e-2,.1e-2,0.,.2e-2,.1e-2,.1e-2,0.,0.,.1e-2,.1e-2,.1e-2,.2\
e-2,.1e-2,.1e-2,0.,0.,.1e-2,.1e-2,.1e-2,0.,.1e-2,.1e-2,.2e-2,.2e-2,0.,.2e-2,0.,
.1e-2,.1e-2,0.,.1e-2,0.,0.,0.,.1e-2,0.,0.,.2e-2,.1e-2,0.,.2e-2,.1e-2,0.,0.,.1e-\
2,.1e-2,.1e-2,.1e-2,.1e-2,.1e-2,.1e-2,.1e-2,.1e-2,.1e-2,0.,.1e-2,0.,.1e-2,0.,.1\
e-2,.1e-2,0.,.1e-2,.1e-2,.1e-2,.2e-2,.1e-2,.1e-2,.1e-2,.1e-2,.1e-2,0.,.1e-2,.1e\
-2,.1e-2,.2e-2,0.,.1e-2,0.,.1e-2,.1e-2,.1e-2,.1e-2,.1e-2,0.,.1e-2,.1e-2,.1e-2,.\
1e-2,0.,0.,.1e-2,.1e-2,0.,.1e-2,.1e-2,.1e-2,.1e-2,0.,.1e-2,0.,.1e-2,.1e-2,0.,.1\
e-2,0.,.1e-2,.1e-2,.1e-2,.1e-2,.1e-2,.1e-2,.1e-2,.1e-2,0.,.1e-2,.1e-2,.1e-2,.1e\
-2,.1e-2,.1e-2,.1e-2,0.,.1e-2,.1e-2,.2e-2,.1e-2,.1e-2,0.,.1e-2,.1e-2,0.,.1e-2,.\
1e-2,0.,.1e-2,.1e-2,.1e-2,0.,.1e-2,.1e-2,.1e-2,0.,.116,.1e-2,.1e-2,.1e-2,0.,0.,
0.,0.,.1e-2,0.,.1e-2,.1e-2,.1e-2,0.,0.,.1e-2,.1e-2,.1e-2,0.,.1e-2,0.,0.,.1e-2,.\
1e-2,.1e-2,.1e-2,0.,.1e-2,0.,.1e-2,.1e-2,.1e-2,.1e-2,.1e-2,0.,0.,0.,.1e-2,.1e-2
,.1e-2,.1e-2,.1e-2,.1e-2,.1e-2,0.,.1e-2,0.,0.,.1e-2,.1e-2,.1e-2,0.,.1e-2,.1e-2,
.1e-2,.1e-2,.1e-2,.1e-2,.1e-2,.1e-2,0.,.1e-2,.1e-2,0.,.1e-2,.1e-2,.1e-2,.1e-2,0\
.,.1e-2,.1e-2,.1e-2,0.,.1e-2,.1e-2,.1e-2,.2e-2,.1e-2,0.,.1e-2,.1e-2,0.,.1e-2,.1\
e-2,0.,0.,0.,.1e-2,.1e-2,.1e-2,.1e-2,.1e-2,.1e-2,.1e-2,.1e-2,.1e-2,.1e-2,.1e-2,
0.,.1e-2,0.,.1e-2,.1e-2,0.,.1e-2,.1e-2,0.,0.,.1e-2,.1e-2,0.,.1e-2,0.,.2e-2,.1e-\
2,.1e-2,.1e-2,.1e-2,0.,.1e-2,0.,.1e-2,.1e-2,.1e-2,0.,0.,.1e-2,.1e-2,.1e-2,0.,0.
,.1e-2,.1e-2,0.,.1e-2,.1e-2,0.,.1e-2,.1e-2,.1e-2,.1e-2,.1e-2,0.,.1e-2,0.,0.,.1e\
-2,.1e-2,.1e-2,0.,.1e-2,.1e-2,.1e-2,.1e-2,.1e-2,.1e-2,.1e-2,.1e-2,.1e-2,.1e-2,.\
1e-2,.1e-2,.1e-2,.1e-2,.1e-2,.1e-2,.2e-2,.1e-2,0.,.1e-2,0.,.1e-2,.1e-2,.1e-2,.1\
e-2,.1e-2,.1e-2,0.,.1e-2,.1e-2,.1e-2,.1e-2,0.,0.,0.,.1e-2,.1e-2,0.,0.,.1e-2,0.,
.1e-2,.1e-2,0.,0.,0.,.1e-2,.2e-2,.1e-2,0.,.1e-2,.1e-2,.1e-2,.1e-2,.1e-2,0.,.1e-\
2,.1e-2,.1e-2,.1e-2,.1e-2,.1e-2,0.,0.,0.,.1e-2,.1e-2,.1e-2,.1e-2,.1e-2,0.,.1e-2
,.1e-2,.1e-2,0.,.1e-2,.2e-2,0.,.2e-2,0.,.1e-2,.1e-2,0.,.1e-2,.1e-2,0.,.1e-2,.1e\
-2,0.,0.,.1e-2,.1e-2,.2e-2,0.,.1e-2,.1e-2,0.,.1e-2,.1e-2,.1e-2,.1e-2,.1e-2,.1e-\
2,.1e-2,.1e-2,.1e-2,0.,0.,.1e-2,.1e-2,.1e-2,.1e-2,0.,0.,.1e-2,.1e-2,.1e-2,.1e-2
,0.,.1e-2,0.,0.,.1e-2,0.,.1e-2,.1e-2,.1e-2,0.,.1e-2,0.,.2e-2,0.,.1e-2,0.,.1e-2,
0.,.1e-2,.1e-2,.1e-2,.1e-2,.1e-2,.1e-2,.1e-2,.1e-2,.1e-2,.1e-2,.1e-2,.1e-2,0.,.\
1e-2,.1e-2,.1e-2,.1e-2,.1e-2,0.,.1e-2,.1e-2,.1e-2,.1e-2,0.,.1e-2,.1e-2,.1e-2,.1\
e-2,0.,.1e-2,.1e-2,.1e-2,.1e-2,.1e-2,.2e-2,.1e-2,.1e-2,.1e-2,0.,.1e-2,.1e-2,.1e\
-2,.1e-2,.1e-2,.1e-2,.1e-2,.1e-2,.1e-2,.1e-2,0.,.1e-2,0.,.1e-2,.1e-2,.1e-2,.1e-\
2,.1e-2,.1e-2,.1e-2,0.,.1e-2,.1e-2,0.,.1e-2,.1e-2,.1e-2,.2e-2,0.,0.,.1e-2,.1e-2
,.1e-2,.1e-2,.1e-2,.1e-2,0.,.1e-2,.1e-2,.1e-2,.1e-2,.1e-2,0.,.1e-2,.1e-2,.1e-2,
0.,.1e-2,.1e-2,.1e-2,0.,.1e-2,.1e-2,.1e-2,.1e-2,.1e-2,0.,0.,.1e-2,0.,.1e-2,.1e-\
2,.1e-2,.1e-2,.1e-2,.2e-2,.1e-2,.1e-2,.1e-2,0.,.1e-2,.1e-2,.1e-2,.1e-2,.1e-2,.1\
e-2,.1e-2,.1e-2,.1e-2,.1e-2,0.,.1e-2,0.,.2e-2,0.,.1e-2,.1e-2,.1e-2,.1e-2,0.,0.,
0.,.1e-2,0.,0.,.1e-2,.1e-2,.1e-2,0.,.1e-2,0.,.1e-2,.1e-2,0.,.1e-2,.1e-2,.1e-2,.\
1e-2,.1e-2,.2e-2,.1e-2,.1e-2,.1e-2,.1e-2,.1e-2,.1e-2,0.,.1e-2,.2e-2,.1e-2,.1e-2
,.1e-2,.1e-2,0.,.1e-2,0.,.1e-2,0.,.1e-2,.1e-2,.1e-2,.1e-2,.1e-2,0.,.1e-2,0.,.1e\
-2,.1e-2,.1e-2,.1e-2,0.,.2e-2,.1e-2,.1e-2,.1e-2,0.,.3e-2,.1e-2,.1e-2,.1e-2,.1e-\
2,0.,.1e-2,.1e-2,0.,.1e-2,.1e-2,.1e-2,.1e-2,.1e-2,.1e-2,0.,.1e-2,0.,.1e-2,.1e-2
,.1e-2,.1e-2,.1e-2,.1e-2,.1e-2,.1e-2,.1e-2,.1e-2,0.,.2e-2,.1e-2,.1e-2,.1e-2,0.,
.1e-2,.1e-2,.1e-2,.1e-2,.1e-2,.1e-2,.1e-2,.1e-2,.1e-2,.1e-2,0.,.1e-2,.2e-2,.1e-\
2,.2e-2,.1e-2,0.,.1e-2,.1e-2,0.,0.,0.,.1e-2,0.,0.,.1e-2,.1e-2,0.,.1e-2,0.,.1e-2
,0.,.1e-2,.1e-2,0.,.2e-2,.1e-2,.1e-2,.1e-2,.1e-2,.1e-2,.1e-2,0.,.1e-2,.1e-2,0.,
.1e-2,0.,.1e-2,0.,0.,.1e-2,.2e-2,.1e-2,.1e-2,.1e-2,.1e-2,.1e-2,.1e-2,.1e-2,.1e-\
2,.1e-2,0.,0.,.1e-2,.1e-2,.1e-2,.1e-2,.1e-2,0.,.1e-2,0.,.1e-2,.1e-2,.1e-2,.1e-2
,.1e-2,0.,0.,.1e-2,.1e-2,.1e-2,0.,.1e-2,.1e-2,.1e-2,.1e-2,.1e-2,0.,.1e-2,.1e-2,
0.,.1e-2,.1e-2,.1e-2,0.,.1e-2,.1e-2,.1e-2,.1e-2,.1e-2,.2e-2,.1e-2,.1e-2,.1e-2,0\
.,.1e-2,0.,.1e-2,0.,.1e-2,.1e-2,.1e-2,.1e-2,0.,.1e-2,.1e-2,.1e-2,.1e-2,.1e-2,.1\
e-2,0.,.2e-2,.2e-2,.1e-2,.1e-2,0.,.1e-2,.1e-2,0.,.1e-2,0.,0.,.1e-2,.1e-2,.1e-2,
.1e-2,.1e-2,.1e-2,.1e-2,.1e-2,0.,.1e-2,0.,.1e-2,.1e-2,.1e-2,0.,0.,.1e-2,.1e-2,.\
1e-2,.1e-2,.1e-2,.1e-2,.1e-2,.1e-2,0.,.1e-2,.1e-2,.1e-2,.1e-2,0.,.1e-2,0.,.1e-2
,.1e-2,.1e-2,.1e-2,.1e-2,.1e-2,.1e-2,.1e-2,0.,.1e-2,0.,0.,.1e-2,.1e-2,.1e-2,.1e\
-2,.1e-2,0.,.1e-2,.1e-2,.1e-2,0.,.1e-2,.1e-2,0.,0.,.1e-2,.1e-2,.1e-2,.1e-2,.1e-\
2,.1e-2,.1e-2,0.,.1e-2,.1e-2,.1e-2,.1e-2,.1e-2,0.,.1e-2,0.,0.,.1e-2,.1e-2,.1e-2
,0.,.1e-2,0.,0.,.1e-2,.1e-2,0.,.1e-2,.1e-2,.1e-2,0.,.1e-2,.1e-2,0.,.1e-2,.1e-2,
.1e-2,.1e-2,.1e-2,.1e-2,.1e-2,.1e-2,.1e-2,0.,.1e-2,.1e-2,.1e-2,.1e-2,.1e-2,.1e-\
2,0.,0.,.1e-2,0.,0.,.1e-2,0.,.1e-2,.1e-2,.2e-2,.1e-2,0.,.1e-2,.1e-2,0.,.1e-2,.1\
e-2,.1e-2,.1e-2,0.,.1e-2,.1e-2,.1e-2,.1e-2,0.,.1e-2,0.,.1e-2,0.,.1e-2,0.,0.,.1e\
-2,.1e-2,.1e-2,.1e-2,0.,.1e-2,.1e-2,.2e-2]]);
