TIMES1 := Matrix(5, 1500, [[.3e-2,.4e-2,.5e-2,.3e-2,.5e-2,.5e-2,.4e-2,.3e-2,.4e\
-2,.4e-2,.5e-2,.5e-2,.4e-2,.4e-2,.6e-2,.4e-2,.4e-2,.3e-2,.3e-2,.4e-2,.3e-2,.5e-\
2,.4e-2,.4e-2,.6e-2,.4e-2,.3e-2,.4e-2,.4e-2,.3e-2,.3e-2,.4e-2,.4e-2,.3e-2,.5e-2
,.5e-2,.3e-2,.49e-1,.5e-2,.5e-2,.3e-2,.4e-2,.4e-2,.5e-2,.3e-2,.3e-2,.5e-2,.4e-2
,.3e-2,.3e-2,.3e-2,.4e-2,.3e-2,.4e-2,.4e-2,.4e-2,.4e-2,.5e-2,.5e-2,.4e-2,.3e-2,
.5e-2,.5e-2,.5e-2,.10e-1,.8e-2,.6e-2,.4e-2,.4e-2,.3e-2,.3e-2,.4e-2,.4e-2,.3e-2,
.4e-2,.6e-2,.4e-2,.3e-2,.3e-2,.6e-2,.4e-2,.3e-2,.6e-2,.4e-2,.4e-2,.6e-2,.3e-2,.\
4e-2,.3e-2,.5e-2,.5e-2,.4e-2,.4e-2,.3e-2,.3e-2,.4e-2,.4e-2,.4e-2,.4e-2,.4e-2,.4\
e-2,.6e-2,.5e-2,.4e-2,.4e-2,.4e-2,.4e-2,.3e-2,.3e-2,.5e-2,.4e-2,.5e-2,.4e-2,.3e\
-2,.3e-2,.4e-2,.4e-2,.3e-2,.3e-2,.3e-2,.3e-2,.3e-2,.3e-2,.3e-2,.4e-2,.4e-2,.4e-\
2,.4e-2,.5e-2,.4e-2,.5e-2,.4e-2,.4e-2,.4e-2,.5e-2,.5e-2,.4e-2,.3e-2,.5e-2,.4e-2
,.4e-2,.5e-2,.4e-2,.4e-2,.3e-2,.4e-2,.5e-2,.4e-2,.4e-2,.4e-2,.3e-2,.3e-2,.4e-2,
.5e-2,.3e-2,.5e-2,.5e-2,.4e-2,.3e-2,.3e-2,.3e-2,.3e-2,.6e-2,.5e-2,.3e-2,.3e-2,.\
3e-2,.3e-2,.3e-2,.5e-2,.4e-2,.4e-2,.3e-2,.4e-2,.4e-2,.4e-2,.4e-2,.4e-2,.3e-2,.4\
e-2,.7e-2,.4e-2,.3e-2,.4e-2,.4e-2,.3e-2,.4e-2,.4e-2,.4e-2,.4e-2,.5e-2,.5e-2,.4e\
-2,.4e-2,.4e-2,.4e-2,.3e-2,.3e-2,.4e-2,.3e-2,.4e-2,.6e-2,.3e-2,.5e-2,.6e-2,.4e-\
2,.6e-2,.6e-2,.3e-2,.4e-2,.6e-2,.4e-2,.4e-2,.5e-2,.4e-2,.6e-2,.5e-2,.4e-2,.4e-2
,.4e-2,.3e-2,.4e-2,.4e-2,.5e-2,.3e-2,.6e-2,.5e-2,.4e-2,.5e-2,.4e-2,.4e-2,.4e-2,
.4e-2,.3e-2,.5e-2,.5e-2,.4e-2,.4e-2,.5e-2,.3e-2,.4e-2,.3e-2,.4e-2,.4e-2,.4e-2,.\
3e-2,.5e-2,.4e-2,.3e-2,.5e-2,.3e-2,.5e-2,.5e-2,.4e-2,.5e-2,.5e-2,.5e-2,.4e-2,.3\
e-2,.5e-2,.4e-2,.3e-2,.4e-2,.4e-2,.4e-2,.5e-2,.3e-2,.4e-2,.3e-2,.5e-2,.4e-2,.3e\
-2,.4e-2,.4e-2,.4e-2,.3e-2,.4e-2,.3e-2,.4e-2,.6e-2,.3e-2,.4e-2,.3e-2,.5e-2,.4e-\
2,.4e-2,.4e-2,.3e-2,.4e-2,.5e-2,.4e-2,.3e-2,.4e-2,.4e-2,.3e-2,.3e-2,.3e-2,.4e-2
,.3e-2,.4e-2,.5e-2,.4e-2,.3e-2,.5e-2,.4e-2,.4e-2,.6e-2,.4e-2,.4e-2,.4e-2,.6e-2,
.3e-2,.5e-2,.5e-2,.4e-2,.6e-2,.4e-2,.4e-2,.4e-2,.6e-2,.4e-2,.4e-2,.5e-2,.4e-2,.\
4e-2,.5e-2,.4e-2,.6e-2,.5e-2,.4e-2,.3e-2,.5e-2,.4e-2,.4e-2,.4e-2,.4e-2,.4e-2,.6\
e-2,.4e-2,.4e-2,.4e-2,.4e-2,.4e-2,.4e-2,.5e-2,.7e-2,.5e-2,.3e-2,.4e-2,.4e-2,.4e\
-2,.5e-2,.5e-2,.4e-2,.5e-2,.5e-2,.4e-2,.3e-2,.4e-2,.4e-2,.54e-1,.5e-2,.5e-2,.4e\
-2,.5e-2,.5e-2,.4e-2,.4e-2,.4e-2,.4e-2,.4e-2,.4e-2,.5e-2,.4e-2,.4e-2,.4e-2,.4e-\
2,.3e-2,.3e-2,.5e-2,.4e-2,.4e-2,.4e-2,.4e-2,.5e-2,.4e-2,.3e-2,.4e-2,.4e-2,.4e-2
,.4e-2,.5e-2,.4e-2,.4e-2,.6e-2,.4e-2,.3e-2,.4e-2,.4e-2,.3e-2,.4e-2,.4e-2,.4e-2,
.3e-2,.7e-2,.4e-2,.3e-2,.5e-2,.8e-2,.4e-2,.4e-2,.3e-2,.4e-2,.3e-2,.3e-2,.4e-2,.\
4e-2,.3e-2,.5e-2,.5e-2,.4e-2,.4e-2,.4e-2,.6e-2,.4e-2,.4e-2,.3e-2,.4e-2,.5e-2,.4\
e-2,.5e-2,.3e-2,.4e-2,.3e-2,.4e-2,.3e-2,.6e-2,.4e-2,.6e-2,.5e-2,.3e-2,.4e-2,.5e\
-2,.4e-2,.4e-2,.4e-2,.5e-2,.6e-2,.4e-2,.4e-2,.4e-2,.4e-2,.4e-2,.4e-2,.3e-2,.4e-\
2,.4e-2,.3e-2,.4e-2,.3e-2,.3e-2,.4e-2,.4e-2,.4e-2,.4e-2,.5e-2,.50e-1,.5e-2,.4e-\
2,.3e-2,.3e-2,.4e-2,.3e-2,.6e-2,.5e-2,.4e-2,.3e-2,.3e-2,.5e-2,.3e-2,.5e-2,.5e-2
,.3e-2,.3e-2,.3e-2,.3e-2,.4e-2,.3e-2,.3e-2,.4e-2,.3e-2,.3e-2,.3e-2,.4e-2,.3e-2,
.5e-2,.4e-2,.4e-2,.4e-2,.4e-2,.4e-2,.4e-2,.3e-2,.3e-2,.4e-2,.3e-2,.5e-2,.4e-2,.\
3e-2,.3e-2,.4e-2,.3e-2,.3e-2,.4e-2,.4e-2,.4e-2,.4e-2,.5e-2,.5e-2,.4e-2,.4e-2,.3\
e-2,.4e-2,.4e-2,.5e-2,.5e-2,.3e-2,.5e-2,.5e-2,.4e-2,.4e-2,.4e-2,.4e-2,.3e-2,.3e\
-2,.4e-2,.5e-2,.4e-2,.6e-2,.4e-2,.3e-2,.7e-2,.5e-2,.4e-2,.5e-2,.4e-2,.3e-2,.5e-\
2,.3e-2,.4e-2,.3e-2,.5e-2,.5e-2,.3e-2,.4e-2,.4e-2,.4e-2,.4e-2,.4e-2,.4e-2,.3e-2
,.4e-2,.4e-2,.3e-2,.4e-2,.4e-2,.5e-2,.3e-2,.5e-2,.4e-2,.4e-2,.4e-2,.3e-2,.58e-1
,.7e-2,.3e-2,.6e-2,.6e-2,.5e-2,.5e-2,.6e-2,.5e-2,.5e-2,.4e-2,.4e-2,.4e-2,.3e-2,
.4e-2,.3e-2,.4e-2,.4e-2,.5e-2,.4e-2,.3e-2,.4e-2,.4e-2,.4e-2,.3e-2,.3e-2,.3e-2,.\
3e-2,.3e-2,.4e-2,.4e-2,.3e-2,.5e-2,.5e-2,.4e-2,.3e-2,.3e-2,.4e-2,.4e-2,.4e-2,.4\
e-2,.4e-2,.4e-2,.4e-2,.4e-2,.3e-2,.4e-2,.3e-2,.3e-2,.4e-2,.4e-2,.3e-2,.3e-2,.3e\
-2,.4e-2,.6e-2,.5e-2,.4e-2,.5e-2,.3e-2,.3e-2,.4e-2,.4e-2,.3e-2,.4e-2,.4e-2,.3e-\
2,.5e-2,.4e-2,.4e-2,.4e-2,.4e-2,.3e-2,.4e-2,.3e-2,.5e-2,.4e-2,.3e-2,.4e-2,.5e-2
,.3e-2,.4e-2,.4e-2,.4e-2,.4e-2,.3e-2,.4e-2,.3e-2,.3e-2,.4e-2,.4e-2,.3e-2,.3e-2,
.5e-2,.4e-2,.6e-2,.4e-2,.3e-2,.4e-2,.4e-2,.4e-2,.4e-2,.3e-2,.5e-2,.3e-2,.4e-2,.\
4e-2,.5e-2,.52e-1,.6e-2,.4e-2,.5e-2,.6e-2,.5e-2,.4e-2,.5e-2,.5e-2,.4e-2,.4e-2,.\
5e-2,.3e-2,.5e-2,.5e-2,.3e-2,.4e-2,.4e-2,.3e-2,.3e-2,.3e-2,.4e-2,.4e-2,.3e-2,.3\
e-2,.4e-2,.4e-2,.3e-2,.4e-2,.5e-2,.3e-2,.4e-2,.4e-2,.4e-2,.4e-2,.4e-2,.5e-2,.4e\
-2,.5e-2,.4e-2,.4e-2,.3e-2,.3e-2,.4e-2,.5e-2,.4e-2,.5e-2,.4e-2,.4e-2,.4e-2,.4e-\
2,.5e-2,.3e-2,.5e-2,.4e-2,.4e-2,.5e-2,.4e-2,.6e-2,.4e-2,.4e-2,.3e-2,.4e-2,.4e-2
,.4e-2,.3e-2,.3e-2,.5e-2,.4e-2,.4e-2,.5e-2,.3e-2,.5e-2,.6e-2,.4e-2,.4e-2,.4e-2,
.4e-2,.3e-2,.4e-2,.4e-2,.3e-2,.3e-2,.5e-2,.5e-2,.3e-2,.4e-2,.3e-2,.5e-2,.4e-2,.\
4e-2,.3e-2,.4e-2,.3e-2,.3e-2,.4e-2,.4e-2,.5e-2,.5e-2,.3e-2,.4e-2,.3e-2,.4e-2,.3\
e-2,.4e-2,.4e-2,.4e-2,.4e-2,.5e-2,.6e-2,.4e-2,.3e-2,.5e-2,.3e-2,.4e-2,.5e-2,.5e\
-2,.3e-2,.4e-2,.4e-2,.3e-2,.3e-2,.3e-2,.3e-2,.4e-2,.3e-2,.4e-2,.4e-2,.3e-2,.4e-\
2,.5e-2,.6e-2,.4e-2,.4e-2,.4e-2,.3e-2,.3e-2,.7e-2,.4e-2,.4e-2,.5e-2,.4e-2,.4e-2
,.3e-2,.4e-2,.4e-2,.4e-2,.5e-2,.3e-2,.5e-2,.5e-2,.3e-2,.4e-2,.4e-2,.4e-2,.4e-2,
.3e-2,.4e-2,.4e-2,.5e-2,.4e-2,.4e-2,.4e-2,.3e-2,.3e-2,.3e-2,.4e-2,.4e-2,.3e-2,.\
3e-2,.4e-2,.4e-2,.5e-2,.4e-2,.4e-2,.4e-2,.4e-2,.4e-2,.4e-2,.5e-2,.4e-2,.3e-2,.4\
e-2,.3e-2,.3e-2,.5e-2,.5e-2,.3e-2,.4e-2,.3e-2,.4e-2,.3e-2,.5e-2,.5e-2,.3e-2,.4e\
-2,.4e-2,.5e-2,.3e-2,.3e-2,.5e-2,.4e-2,.4e-2,.4e-2,.4e-2,.3e-2,.3e-2,.4e-2,.4e-\
2,.4e-2,.4e-2,.4e-2,.4e-2,.4e-2,.5e-2,.63e-1,.4e-2,.5e-2,.4e-2,.4e-2,.3e-2,.4e-\
2,.4e-2,.3e-2,.4e-2,.4e-2,.3e-2,.4e-2,.3e-2,.4e-2,.5e-2,.3e-2,.4e-2,.4e-2,.5e-2
,.3e-2,.3e-2,.4e-2,.5e-2,.4e-2,.4e-2,.4e-2,.4e-2,.5e-2,.4e-2,.4e-2,.3e-2,.3e-2,
.4e-2,.4e-2,.3e-2,.5e-2,.3e-2,.6e-2,.4e-2,.3e-2,.4e-2,.3e-2,.3e-2,.3e-2,.4e-2,.\
4e-2,.4e-2,.3e-2,.6e-2,.5e-2,.4e-2,.3e-2,.3e-2,.4e-2,.5e-2,.6e-2,.3e-2,.3e-2,.4\
e-2,.4e-2,.4e-2,.3e-2,.3e-2,.4e-2,.3e-2,.4e-2,.5e-2,.4e-2,.4e-2,.3e-2,.4e-2,.4e\
-2,.4e-2,.4e-2,.4e-2,.5e-2,.4e-2,.4e-2,.4e-2,.4e-2,.5e-2,.4e-2,.3e-2,.4e-2,.3e-\
2,.4e-2,.3e-2,.5e-2,.4e-2,.4e-2,.4e-2,.3e-2,.4e-2,.4e-2,.4e-2,.3e-2,.5e-2,.4e-2
,.4e-2,.4e-2,.4e-2,.4e-2,.4e-2,.4e-2,.5e-2,.4e-2,.57e-1,.5e-2,.4e-2,.4e-2,.3e-2
,.4e-2,.4e-2,.4e-2,.3e-2,.3e-2,.4e-2,.4e-2,.4e-2,.4e-2,.3e-2,.3e-2,.4e-2,.4e-2,
.3e-2,.4e-2,.4e-2,.3e-2,.6e-2,.5e-2,.4e-2,.4e-2,.4e-2,.4e-2,.4e-2,.3e-2,.4e-2,.\
3e-2,.5e-2,.5e-2,.4e-2,.4e-2,.3e-2,.4e-2,.4e-2,.4e-2,.4e-2,.5e-2,.3e-2,.4e-2,.4\
e-2,.4e-2,.4e-2,.5e-2,.4e-2,.3e-2,.6e-2,.4e-2,.3e-2,.3e-2,.5e-2,.3e-2,.7e-2,.4e\
-2,.4e-2,.5e-2,.5e-2,.3e-2,.4e-2,.4e-2,.3e-2,.4e-2,.4e-2,.4e-2,.3e-2,.5e-2,.5e-\
2,.4e-2,.4e-2,.3e-2,.3e-2,.3e-2,.4e-2,.4e-2,.4e-2,.3e-2,.5e-2,.5e-2,.3e-2,.4e-2
,.4e-2,.4e-2,.4e-2,.4e-2,.5e-2,.4e-2,.6e-2,.4e-2,.4e-2,.5e-2,.4e-2,.3e-2,.3e-2,
.4e-2,.3e-2,.4e-2,.4e-2,.4e-2,.4e-2,.6e-2,.4e-2,.4e-2,.48e-1,.6e-2,.4e-2,.4e-2,
.4e-2,.4e-2,.3e-2,.5e-2,.5e-2,.3e-2,.4e-2,.4e-2,.4e-2,.4e-2,.4e-2,.5e-2,.4e-2,.\
4e-2,.5e-2,.4e-2,.3e-2,.3e-2,.4e-2,.5e-2,.3e-2,.3e-2,.4e-2,.3e-2,.5e-2,.4e-2,.3\
e-2,.3e-2,.4e-2,.3e-2,.4e-2,.3e-2,.3e-2,.4e-2,.3e-2,.5e-2,.5e-2,.3e-2,.3e-2,.4e\
-2,.4e-2,.4e-2,.4e-2,.4e-2,.4e-2,.4e-2,.4e-2,.5e-2,.3e-2,.4e-2,.4e-2,.5e-2,.4e-\
2,.5e-2,.4e-2,.4e-2,.6e-2,.4e-2,.3e-2,.4e-2,.4e-2,.3e-2,.6e-2,.5e-2,.3e-2,.3e-2
,.4e-2,.4e-2,.4e-2,.3e-2,.4e-2,.4e-2,.4e-2,.6e-2,.4e-2,.3e-2,.5e-2,.3e-2,.4e-2,
.4e-2,.6e-2,.4e-2,.4e-2,.5e-2,.4e-2,.4e-2,.4e-2,.3e-2,.4e-2,.4e-2,.4e-2,.5e-2,.\
3e-2,.5e-2,.3e-2,.4e-2,.4e-2,.5e-2,.4e-2,.3e-2,.4e-2,.5e-2,.4e-2,.57e-1,.5e-2,.\
4e-2,.4e-2,.3e-2,.3e-2,.3e-2,.4e-2,.4e-2,.4e-2,.5e-2,.3e-2,.3e-2,.4e-2,.4e-2,.3\
e-2,.4e-2,.3e-2,.4e-2,.6e-2,.4e-2,.5e-2,.3e-2,.5e-2,.3e-2,.6e-2,.5e-2,.3e-2,.6e\
-2,.6e-2,.4e-2,.3e-2,.3e-2,.4e-2,.4e-2,.3e-2,.4e-2,.3e-2,.5e-2,.5e-2,.4e-2,.4e-\
2,.4e-2,.3e-2,.3e-2,.4e-2,.3e-2,.4e-2,.4e-2,.5e-2,.4e-2,.5e-2,.4e-2,.5e-2,.4e-2
,.5e-2,.5e-2,.3e-2,.4e-2,.3e-2,.4e-2,.3e-2,.5e-2,.5e-2,.3e-2,.6e-2,.5e-2,.4e-2,
.4e-2,.4e-2,.3e-2,.4e-2,.4e-2,.4e-2,.4e-2,.5e-2,.5e-2,.4e-2,.4e-2,.4e-2,.3e-2,.\
3e-2,.4e-2,.3e-2,.4e-2,.4e-2,.3e-2,.4e-2,.4e-2,.6e-2,.5e-2,.4e-2,.4e-2,.5e-2,.6\
e-2,.4e-2,.5e-2,.6e-2,.5e-2,.4e-2,.5e-2,.4e-2,.4e-2,.4e-2,.4e-2,.3e-2,.8e-2,.5e\
-2,.4e-2,.4e-2,.4e-2,.5e-2,.3e-2,.5e-2,.3e-2,.3e-2,.3e-2,.4e-2,.4e-2,.3e-2,.4e-\
2,.4e-2,.3e-2,.3e-2,.3e-2,.4e-2,.3e-2,.4e-2,.4e-2,.3e-2,.5e-2,.3e-2,.5e-2,.3e-2
,.3e-2,.3e-2,.4e-2,.4e-2,.3e-2,.4e-2,.3e-2,.5e-2,.5e-2,.3e-2,.4e-2,.4e-2,.4e-2,
.4e-2,.3e-2,.4e-2,.5e-2,.5e-2,.3e-2,.5e-2,.5e-2,.3e-2,.4e-2,.5e-2,.6e-2,.3e-2,.\
6e-2,.5e-2,.4e-2,.7e-2,.4e-2,.4e-2,.3e-2,.4e-2,.4e-2,.4e-2,.4e-2,.4e-2,.4e-2,.5\
e-2,.6e-2,.4e-2,.4e-2,.4e-2,.3e-2,.4e-2,.3e-2,.4e-2,.4e-2,.4e-2,.7e-2,.3e-2,.4e\
-2,.5e-2,.4e-2,.3e-2,.4e-2,.3e-2,.4e-2,.3e-2,.5e-2,.3e-2,.5e-2,.4e-2,.4e-2,.3e-\
2,.4e-2,.3e-2,.3e-2,.4e-2,.4e-2,.4e-2,.4e-2,.3e-2,.5e-2,.3e-2,.5e-2,.56e-1,.6e-\
2,.6e-2,.3e-2,.4e-2,.3e-2,.4e-2,.3e-2,.3e-2,.4e-2,.4e-2,.3e-2,.5e-2,.4e-2,.3e-2
,.5e-2,.5e-2,.4e-2,.3e-2,.3e-2,.4e-2,.3e-2,.3e-2,.4e-2,.4e-2,.4e-2,.3e-2,.4e-2,
.3e-2,.3e-2,.5e-2,.5e-2,.4e-2,.4e-2,.4e-2,.4e-2,.4e-2,.4e-2,.4e-2,.4e-2,.6e-2,.\
4e-2,.4e-2,.3e-2,.3e-2,.5e-2,.3e-2,.3e-2,.4e-2,.4e-2,.5e-2,.6e-2,.3e-2,.3e-2,.4\
e-2,.6e-2,.3e-2,.5e-2,.4e-2,.3e-2,.6e-2,.3e-2,.4e-2,.4e-2,.4e-2,.4e-2,.5e-2,.4e\
-2,.4e-2,.4e-2,.6e-2,.3e-2,.3e-2],[.4e-2,.5e-2,.4e-2,.6e-2,.4e-2,.4e-2,.4e-2,.4\
e-2,.4e-2,.4e-2,.4e-2,.5e-2,.3e-2,.4e-2,.4e-2,.4e-2,.4e-2,.4e-2,.3e-2,.3e-2,.4e\
-2,.3e-2,.4e-2,.4e-2,.5e-2,.3e-2,.5e-2,.3e-2,.3e-2,.3e-2,.4e-2,.4e-2,.4e-2,.52e\
-1,.5e-2,.4e-2,.5e-2,.4e-2,.3e-2,.3e-2,.3e-2,.4e-2,.3e-2,.3e-2,.3e-2,.4e-2,.3e-\
2,.4e-2,.6e-2,.4e-2,.4e-2,.4e-2,.4e-2,.4e-2,.4e-2,.4e-2,.6e-2,.4e-2,.5e-2,.5e-2
,.3e-2,.4e-2,.4e-2,.5e-2,.4e-2,.4e-2,.5e-2,.4e-2,.5e-2,.4e-2,.3e-2,.4e-2,.3e-2,
.4e-2,.4e-2,.4e-2,.4e-2,.3e-2,.4e-2,.5e-2,.5e-2,.4e-2,.4e-2,.3e-2,.3e-2,.4e-2,.\
3e-2,.4e-2,.3e-2,.4e-2,.5e-2,.4e-2,.4e-2,.4e-2,.3e-2,.4e-2,.4e-2,.4e-2,.3e-2,.3\
e-2,.3e-2,.4e-2,.4e-2,.4e-2,.4e-2,.6e-2,.5e-2,.5e-2,.3e-2,.4e-2,.7e-2,.4e-2,.4e\
-2,.4e-2,.3e-2,.4e-2,.6e-2,.6e-2,.4e-2,.3e-2,.3e-2,.4e-2,.5e-2,.5e-2,.3e-2,.4e-\
2,.6e-2,.3e-2,.4e-2,.4e-2,.4e-2,.3e-2,.3e-2,.4e-2,.5e-2,.4e-2,.3e-2,.4e-2,.4e-2
,.4e-2,.5e-2,.55e-1,.6e-2,.4e-2,.3e-2,.5e-2,.3e-2,.5e-2,.5e-2,.4e-2,.3e-2,.3e-2
,.4e-2,.3e-2,.3e-2,.4e-2,.4e-2,.3e-2,.5e-2,.5e-2,.4e-2,.4e-2,.3e-2,.3e-2,.3e-2,
.3e-2,.4e-2,.4e-2,.3e-2,.5e-2,.5e-2,.4e-2,.3e-2,.3e-2,.4e-2,.3e-2,.3e-2,.3e-2,.\
4e-2,.4e-2,.4e-2,.3e-2,.4e-2,.3e-2,.5e-2,.5e-2,.4e-2,.3e-2,.3e-2,.4e-2,.3e-2,.4\
e-2,.4e-2,.4e-2,.4e-2,.5e-2,.4e-2,.4e-2,.5e-2,.5e-2,.3e-2,.3e-2,.4e-2,.4e-2,.4e\
-2,.4e-2,.4e-2,.3e-2,.3e-2,.5e-2,.4e-2,.3e-2,.3e-2,.4e-2,.3e-2,.3e-2,.4e-2,.4e-\
2,.3e-2,.4e-2,.6e-2,.4e-2,.4e-2,.4e-2,.4e-2,.4e-2,.6e-2,.4e-2,.5e-2,.6e-2,.4e-2
,.4e-2,.3e-2,.4e-2,.4e-2,.3e-2,.3e-2,.4e-2,.4e-2,.4e-2,.3e-2,.4e-2,.4e-2,.6e-2,
.4e-2,.4e-2,.3e-2,.4e-2,.50e-1,.4e-2,.4e-2,.4e-2,.3e-2,.4e-2,.4e-2,.4e-2,.3e-2,
.4e-2,.4e-2,.6e-2,.4e-2,.3e-2,.6e-2,.3e-2,.5e-2,.6e-2,.3e-2,.4e-2,.4e-2,.4e-2,.\
3e-2,.3e-2,.4e-2,.3e-2,.5e-2,.5e-2,.5e-2,.3e-2,.3e-2,.3e-2,.3e-2,.4e-2,.4e-2,.4\
e-2,.3e-2,.5e-2,.3e-2,.4e-2,.4e-2,.4e-2,.3e-2,.4e-2,.4e-2,.3e-2,.4e-2,.3e-2,.4e\
-2,.3e-2,.6e-2,.3e-2,.5e-2,.4e-2,.3e-2,.4e-2,.3e-2,.4e-2,.4e-2,.4e-2,.3e-2,.4e-\
2,.4e-2,.3e-2,.4e-2,.4e-2,.4e-2,.5e-2,.3e-2,.4e-2,.4e-2,.4e-2,.3e-2,.4e-2,.5e-2
,.4e-2,.4e-2,.4e-2,.4e-2,.3e-2,.4e-2,.4e-2,.4e-2,.4e-2,.4e-2,.4e-2,.4e-2,.4e-2,
.5e-2,.4e-2,.3e-2,.4e-2,.4e-2,.4e-2,.4e-2,.4e-2,.5e-2,.6e-2,.4e-2,.4e-2,.6e-2,.\
5e-2,.3e-2,.4e-2,.3e-2,.4e-2,.48e-1,.6e-2,.5e-2,.4e-2,.5e-2,.5e-2,.4e-2,.3e-2,.\
3e-2,.3e-2,.3e-2,.5e-2,.5e-2,.3e-2,.4e-2,.4e-2,.4e-2,.4e-2,.4e-2,.4e-2,.4e-2,.3\
e-2,.5e-2,.5e-2,.4e-2,.3e-2,.3e-2,.4e-2,.3e-2,.4e-2,.3e-2,.4e-2,.3e-2,.5e-2,.4e\
-2,.4e-2,.4e-2,.5e-2,.4e-2,.4e-2,.4e-2,.5e-2,.3e-2,.3e-2,.7e-2,.4e-2,.3e-2,.4e-\
2,.4e-2,.6e-2,.4e-2,.4e-2,.6e-2,.4e-2,.4e-2,.3e-2,.4e-2,.4e-2,.4e-2,.4e-2,.4e-2
,.4e-2,.3e-2,.3e-2,.4e-2,.4e-2,.4e-2,.4e-2,.3e-2,.5e-2,.5e-2,.4e-2,.3e-2,.3e-2,
.4e-2,.4e-2,.4e-2,.5e-2,.5e-2,.5e-2,.5e-2,.3e-2,.4e-2,.7e-2,.3e-2,.4e-2,.4e-2,.\
4e-2,.4e-2,.7e-2,.3e-2,.4e-2,.4e-2,.5e-2,.3e-2,.3e-2,.4e-2,.4e-2,.3e-2,.4e-2,.4\
e-2,.4e-2,.3e-2,.4e-2,.4e-2,.3e-2,.53e-1,.5e-2,.6e-2,.3e-2,.4e-2,.5e-2,.5e-2,.4\
e-2,.5e-2,.5e-2,.4e-2,.5e-2,.3e-2,.4e-2,.6e-2,.4e-2,.6e-2,.5e-2,.3e-2,.4e-2,.4e\
-2,.4e-2,.5e-2,.5e-2,.3e-2,.4e-2,.5e-2,.4e-2,.3e-2,.3e-2,.4e-2,.3e-2,.4e-2,.4e-\
2,.3e-2,.3e-2,.4e-2,.4e-2,.3e-2,.3e-2,.4e-2,.5e-2,.3e-2,.3e-2,.4e-2,.3e-2,.4e-2
,.5e-2,.4e-2,.4e-2,.4e-2,.4e-2,.5e-2,.4e-2,.5e-2,.5e-2,.3e-2,.4e-2,.3e-2,.4e-2,
.3e-2,.3e-2,.5e-2,.4e-2,.3e-2,.4e-2,.4e-2,.3e-2,.3e-2,.4e-2,.5e-2,.4e-2,.3e-2,.\
4e-2,.4e-2,.5e-2,.5e-2,.4e-2,.4e-2,.4e-2,.3e-2,.3e-2,.4e-2,.3e-2,.4e-2,.4e-2,.3\
e-2,.5e-2,.4e-2,.4e-2,.3e-2,.5e-2,.3e-2,.3e-2,.4e-2,.4e-2,.4e-2,.5e-2,.4e-2,.3e\
-2,.4e-2,.6e-2,.3e-2,.3e-2,.3e-2,.4e-2,.4e-2,.57e-1,.5e-2,.3e-2,.5e-2,.5e-2,.4e\
-2,.3e-2,.4e-2,.3e-2,.4e-2,.6e-2,.3e-2,.4e-2,.6e-2,.5e-2,.4e-2,.4e-2,.3e-2,.4e-\
2,.3e-2,.3e-2,.5e-2,.3e-2,.3e-2,.6e-2,.4e-2,.3e-2,.3e-2,.5e-2,.3e-2,.4e-2,.6e-2
,.5e-2,.3e-2,.5e-2,.3e-2,.3e-2,.3e-2,.4e-2,.4e-2,.4e-2,.4e-2,.4e-2,.7e-2,.5e-2,
.5e-2,.3e-2,.4e-2,.4e-2,.6e-2,.4e-2,.4e-2,.4e-2,.7e-2,.4e-2,.6e-2,.5e-2,.3e-2,.\
4e-2,.4e-2,.4e-2,.4e-2,.5e-2,.5e-2,.4e-2,.3e-2,.4e-2,.5e-2,.4e-2,.4e-2,.5e-2,.4\
e-2,.3e-2,.5e-2,.4e-2,.6e-2,.5e-2,.4e-2,.3e-2,.4e-2,.3e-2,.6e-2,.5e-2,.4e-2,.4e\
-2,.4e-2,.4e-2,.4e-2,.3e-2,.4e-2,.4e-2,.6e-2,.5e-2,.3e-2,.4e-2,.3e-2,.4e-2,.4e-\
2,.4e-2,.5e-2,.4e-2,.5e-2,.4e-2,.3e-2,.3e-2,.4e-2,.4e-2,.58e-1,.6e-2,.5e-2,.3e-\
2,.3e-2,.3e-2,.4e-2,.3e-2,.4e-2,.4e-2,.4e-2,.3e-2,.4e-2,.4e-2,.4e-2,.3e-2,.5e-2
,.5e-2,.4e-2,.4e-2,.4e-2,.3e-2,.4e-2,.4e-2,.6e-2,.4e-2,.3e-2,.5e-2,.3e-2,.6e-2,
.5e-2,.4e-2,.3e-2,.4e-2,.3e-2,.5e-2,.5e-2,.3e-2,.3e-2,.3e-2,.4e-2,.4e-2,.3e-2,.\
3e-2,.5e-2,.6e-2,.3e-2,.4e-2,.3e-2,.4e-2,.5e-2,.4e-2,.3e-2,.5e-2,.4e-2,.4e-2,.4\
e-2,.4e-2,.4e-2,.4e-2,.4e-2,.3e-2,.3e-2,.4e-2,.4e-2,.3e-2,.3e-2,.3e-2,.4e-2,.4e\
-2,.3e-2,.4e-2,.4e-2,.5e-2,.4e-2,.5e-2,.4e-2,.4e-2,.3e-2,.4e-2,.4e-2,.4e-2,.5e-\
2,.3e-2,.5e-2,.5e-2,.6e-2,.6e-2,.6e-2,.6e-2,.5e-2,.4e-2,.5e-2,.5e-2,.5e-2,.3e-2
,.5e-2,.4e-2,.6e-2,.5e-2,.4e-2,.3e-2,.4e-2,.4e-2,.4e-2,.4e-2,.5e-2,.61e-1,.5e-2
,.6e-2,.4e-2,.4e-2,.4e-2,.4e-2,.5e-2,.4e-2,.4e-2,.4e-2,.6e-2,.4e-2,.3e-2,.4e-2,
.3e-2,.3e-2,.3e-2,.3e-2,.4e-2,.5e-2,.4e-2,.4e-2,.4e-2,.4e-2,.3e-2,.4e-2,.4e-2,.\
4e-2,.3e-2,.3e-2,.4e-2,.5e-2,.4e-2,.3e-2,.4e-2,.4e-2,.4e-2,.5e-2,.5e-2,.4e-2,.3\
e-2,.6e-2,.4e-2,.4e-2,.5e-2,.4e-2,.4e-2,.4e-2,.3e-2,.6e-2,.4e-2,.3e-2,.3e-2,.4e\
-2,.3e-2,.4e-2,.3e-2,.4e-2,.3e-2,.4e-2,.6e-2,.5e-2,.4e-2,.3e-2,.4e-2,.4e-2,.4e-\
2,.4e-2,.4e-2,.3e-2,.4e-2,.4e-2,.4e-2,.4e-2,.3e-2,.5e-2,.4e-2,.3e-2,.5e-2,.4e-2
,.3e-2,.4e-2,.5e-2,.4e-2,.3e-2,.5e-2,.3e-2,.3e-2,.4e-2,.3e-2,.4e-2,.4e-2,.4e-2,
.4e-2,.5e-2,.5e-2,.4e-2,.3e-2,.4e-2,.4e-2,.4e-2,.3e-2,.4e-2,.4e-2,.5e-2,.7e-2,.\
57e-1,.5e-2,.5e-2,.4e-2,.5e-2,.5e-2,.4e-2,.5e-2,.5e-2,.4e-2,.3e-2,.3e-2,.4e-2,.\
3e-2,.3e-2,.4e-2,.4e-2,.4e-2,.4e-2,.3e-2,.4e-2,.3e-2,.3e-2,.4e-2,.3e-2,.4e-2,.5\
e-2,.4e-2,.5e-2,.6e-2,.4e-2,.4e-2,.3e-2,.4e-2,.4e-2,.4e-2,.3e-2,.4e-2,.3e-2,.3e\
-2,.3e-2,.4e-2,.3e-2,.3e-2,.4e-2,.5e-2,.3e-2,.6e-2,.6e-2,.3e-2,.3e-2,.5e-2,.4e-\
2,.5e-2,.5e-2,.4e-2,.6e-2,.5e-2,.4e-2,.6e-2,.4e-2,.5e-2,.3e-2,.4e-2,.4e-2,.6e-2
,.6e-2,.3e-2,.4e-2,.4e-2,.4e-2,.5e-2,.4e-2,.4e-2,.4e-2,.4e-2,.5e-2,.3e-2,.4e-2,
.4e-2,.3e-2,.3e-2,.5e-2,.4e-2,.4e-2,.5e-2,.5e-2,.3e-2,.4e-2,.4e-2,.3e-2,.4e-2,.\
4e-2,.3e-2,.4e-2,.3e-2,.4e-2,.4e-2,.4e-2,.3e-2,.4e-2,.5e-2,.4e-2,.5e-2,.5e-2,.4\
e-2,.5e-2,.50e-1,.8e-2,.4e-2,.5e-2,.3e-2,.3e-2,.3e-2,.3e-2,.3e-2,.6e-2,.5e-2,.3\
e-2,.3e-2,.3e-2,.4e-2,.4e-2,.3e-2,.5e-2,.4e-2,.4e-2,.5e-2,.3e-2,.4e-2,.6e-2,.3e\
-2,.4e-2,.3e-2,.4e-2,.3e-2,.3e-2,.3e-2,.4e-2,.4e-2,.4e-2,.3e-2,.5e-2,.3e-2,.4e-\
2,.4e-2,.4e-2,.3e-2,.3e-2,.4e-2,.4e-2,.4e-2,.6e-2,.3e-2,.4e-2,.5e-2,.3e-2,.4e-2
,.3e-2,.3e-2,.4e-2,.4e-2,.5e-2,.4e-2,.4e-2,.4e-2,.6e-2,.5e-2,.4e-2,.3e-2,.4e-2,
.6e-2,.3e-2,.4e-2,.4e-2,.4e-2,.3e-2,.6e-2,.5e-2,.4e-2,.4e-2,.4e-2,.3e-2,.3e-2,.\
4e-2,.4e-2,.4e-2,.4e-2,.3e-2,.4e-2,.4e-2,.5e-2,.5e-2,.3e-2,.3e-2,.4e-2,.4e-2,.4\
e-2,.4e-2,.4e-2,.4e-2,.5e-2,.5e-2,.4e-2,.3e-2,.4e-2,.4e-2,.4e-2,.4e-2,.4e-2,.3e\
-2,.5e-2,.5e-2,.52e-1,.5e-2,.5e-2,.3e-2,.5e-2,.3e-2,.4e-2,.3e-2,.4e-2,.3e-2,.4e\
-2,.4e-2,.4e-2,.4e-2,.3e-2,.5e-2,.4e-2,.4e-2,.4e-2,.3e-2,.3e-2,.4e-2,.4e-2,.4e-\
2,.4e-2,.3e-2,.3e-2,.4e-2,.4e-2,.4e-2,.5e-2,.5e-2,.3e-2,.3e-2,.3e-2,.4e-2,.4e-2
,.3e-2,.5e-2,.3e-2,.4e-2,.4e-2,.5e-2,.3e-2,.3e-2,.3e-2,.4e-2,.4e-2,.3e-2,.5e-2,
.4e-2,.6e-2,.4e-2,.4e-2,.4e-2,.5e-2,.4e-2,.3e-2,.4e-2,.4e-2,.4e-2,.3e-2,.4e-2,.\
4e-2,.3e-2,.6e-2,.6e-2,.4e-2,.3e-2,.5e-2,.4e-2,.5e-2,.6e-2,.3e-2,.4e-2,.6e-2,.4\
e-2,.3e-2,.5e-2,.3e-2,.4e-2,.4e-2,.3e-2,.4e-2,.5e-2,.7e-2,.4e-2,.4e-2,.5e-2,.4e\
-2,.3e-2,.3e-2,.4e-2,.4e-2,.4e-2,.4e-2,.4e-2,.3e-2,.4e-2,.4e-2,.4e-2,.4e-2,.5e-\
2,.4e-2,.4e-2,.3e-2,.4e-2,.12e-1,.6e-2,.5e-2,.4e-2,.4e-2,.6e-2,.4e-2,.4e-2,.3e-\
2,.4e-2,.4e-2,.4e-2,.3e-2,.3e-2,.4e-2,.4e-2,.4e-2,.3e-2,.3e-2,.5e-2,.3e-2,.5e-2
,.3e-2,.3e-2,.4e-2,.5e-2,.4e-2,.4e-2,.5e-2,.4e-2,.5e-2,.4e-2,.4e-2,.4e-2,.3e-2,
.6e-2,.5e-2,.5e-2,.3e-2,.4e-2,.4e-2,.5e-2,.4e-2,.4e-2,.4e-2,.3e-2,.4e-2,.4e-2,.\
3e-2,.4e-2,.4e-2,.4e-2,.4e-2,.5e-2,.4e-2,.4e-2,.3e-2,.4e-2,.3e-2,.4e-2,.3e-2,.3\
e-2,.4e-2,.4e-2,.3e-2,.4e-2,.4e-2,.3e-2,.5e-2,.4e-2,.4e-2,.5e-2,.4e-2,.3e-2,.4e\
-2,.5e-2,.4e-2,.3e-2,.5e-2,.3e-2,.4e-2,.3e-2,.4e-2,.4e-2,.5e-2,.4e-2,.3e-2,.4e-\
2,.7e-2,.4e-2,.5e-2,.4e-2,.3e-2,.4e-2,.3e-2,.4e-2,.4e-2,.5e-2,.6e-2,.4e-2,.5e-2
,.4e-2,.4e-2,.4e-2,.4e-2,.3e-2,.10e-1,.5e-2,.5e-2,.4e-2,.4e-2,.4e-2,.3e-2,.4e-2
,.5e-2,.3e-2,.4e-2,.3e-2,.6e-2,.6e-2,.6e-2,.3e-2,.3e-2,.4e-2,.4e-2,.5e-2,.4e-2,
.4e-2,.5e-2,.4e-2,.5e-2,.4e-2,.3e-2,.4e-2,.3e-2,.3e-2,.3e-2,.5e-2,.3e-2,.5e-2,.\
4e-2,.5e-2,.4e-2,.3e-2,.3e-2,.4e-2,.4e-2,.3e-2,.4e-2,.4e-2,.3e-2,.3e-2,.4e-2,.3\
e-2,.5e-2,.3e-2,.4e-2,.3e-2,.4e-2,.4e-2,.4e-2,.5e-2,.4e-2,.3e-2,.5e-2,.4e-2,.4e\
-2,.3e-2,.5e-2,.6e-2,.3e-2,.4e-2,.4e-2,.3e-2,.3e-2,.4e-2,.4e-2,.4e-2,.4e-2,.5e-\
2,.3e-2,.4e-2,.4e-2,.3e-2,.4e-2,.4e-2,.3e-2,.4e-2,.5e-2,.4e-2,.3e-2,.5e-2,.5e-2
,.3e-2,.4e-2,.4e-2,.4e-2,.4e-2,.3e-2,.4e-2,.4e-2,.6e-2,.5e-2,.3e-2,.4e-2,.4e-2,
.3e-2,.4e-2,.3e-2,.3e-2,.4e-2,.4e-2,.10e-1,.4e-2,.5e-2,.5e-2,.3e-2,.5e-2,.5e-2,
.4e-2,.3e-2,.3e-2,.3e-2,.4e-2,.3e-2,.7e-2,.4e-2,.6e-2,.5e-2,.3e-2,.4e-2,.4e-2,.\
3e-2,.3e-2,.3e-2,.4e-2,.3e-2,.3e-2,.5e-2,.5e-2,.3e-2,.4e-2,.4e-2,.3e-2,.4e-2,.4\
e-2,.4e-2,.3e-2,.4e-2,.3e-2,.4e-2,.4e-2,.5e-2,.5e-2,.3e-2,.4e-2,.3e-2,.3e-2,.4e\
-2,.4e-2,.3e-2,.3e-2,.3e-2,.3e-2,.5e-2,.3e-2,.4e-2,.7e-2,.3e-2,.4e-2,.3e-2,.4e-\
2,.3e-2,.4e-2,.4e-2,.4e-2,.4e-2,.3e-2,.4e-2,.4e-2,.5e-2,.5e-2,.4e-2,.3e-2,.4e-2
,.4e-2,.3e-2,.4e-2,.4e-2,.3e-2,.5e-2,.5e-2],[.4e-2,.3e-2,.3e-2,.4e-2,.4e-2,.3e-\
2,.4e-2,.4e-2,.4e-2,.6e-2,.3e-2,.4e-2,.3e-2,.4e-2,.4e-2,.4e-2,.3e-2,.4e-2,.3e-2
,.7e-2,.4e-2,.3e-2,.3e-2,.5e-2,.3e-2,.5e-2,.55e-1,.4e-2,.5e-2,.5e-2,.3e-2,.3e-2
,.3e-2,.4e-2,.4e-2,.4e-2,.4e-2,.4e-2,.5e-2,.4e-2,.5e-2,.4e-2,.4e-2,.4e-2,.3e-2,
.4e-2,.3e-2,.4e-2,.4e-2,.5e-2,.4e-2,.4e-2,.3e-2,.3e-2,.4e-2,.4e-2,.3e-2,.3e-2,.\
3e-2,.3e-2,.3e-2,.3e-2,.3e-2,.3e-2,.4e-2,.3e-2,.3e-2,.4e-2,.3e-2,.5e-2,.3e-2,.5\
e-2,.4e-2,.4e-2,.3e-2,.4e-2,.5e-2,.3e-2,.4e-2,.3e-2,.4e-2,.3e-2,.5e-2,.4e-2,.5e\
-2,.4e-2,.3e-2,.4e-2,.3e-2,.4e-2,.4e-2,.4e-2,.5e-2,.4e-2,.3e-2,.3e-2,.5e-2,.4e-\
2,.6e-2,.4e-2,.4e-2,.5e-2,.3e-2,.4e-2,.3e-2,.3e-2,.3e-2,.4e-2,.4e-2,.5e-2,.4e-2
,.7e-2,.5e-2,.3e-2,.4e-2,.4e-2,.4e-2,.3e-2,.4e-2,.4e-2,.3e-2,.3e-2,.3e-2,.4e-2,
.5e-2,.5e-2,.4e-2,.5e-2,.5e-2,.6e-2,.4e-2,.3e-2,.3e-2,.5e-2,.59e-1,.4e-2,.4e-2,
.5e-2,.5e-2,.4e-2,.5e-2,.5e-2,.3e-2,.3e-2,.4e-2,.4e-2,.4e-2,.4e-2,.3e-2,.4e-2,.\
3e-2,.5e-2,.3e-2,.5e-2,.5e-2,.4e-2,.4e-2,.5e-2,.4e-2,.5e-2,.3e-2,.6e-2,.5e-2,.5\
e-2,.3e-2,.3e-2,.4e-2,.4e-2,.4e-2,.5e-2,.3e-2,.3e-2,.3e-2,.4e-2,.4e-2,.5e-2,.4e\
-2,.3e-2,.4e-2,.6e-2,.4e-2,.4e-2,.4e-2,.4e-2,.4e-2,.4e-2,.5e-2,.4e-2,.5e-2,.3e-\
2,.5e-2,.4e-2,.4e-2,.4e-2,.3e-2,.3e-2,.3e-2,.5e-2,.3e-2,.4e-2,.4e-2,.4e-2,.4e-2
,.3e-2,.3e-2,.3e-2,.3e-2,.4e-2,.3e-2,.4e-2,.3e-2,.4e-2,.4e-2,.3e-2,.5e-2,.5e-2,
.4e-2,.4e-2,.4e-2,.4e-2,.3e-2,.4e-2,.4e-2,.4e-2,.3e-2,.4e-2,.5e-2,.4e-2,.4e-2,.\
5e-2,.4e-2,.4e-2,.5e-2,.4e-2,.5e-2,.4e-2,.3e-2,.5e-2,.5e-2,.4e-2,.4e-2,.50e-1,.\
6e-2,.4e-2,.4e-2,.5e-2,.3e-2,.4e-2,.5e-2,.4e-2,.3e-2,.3e-2,.4e-2,.3e-2,.6e-2,.4\
e-2,.4e-2,.4e-2,.4e-2,.4e-2,.3e-2,.4e-2,.4e-2,.4e-2,.4e-2,.4e-2,.3e-2,.4e-2,.3e\
-2,.6e-2,.4e-2,.4e-2,.4e-2,.4e-2,.4e-2,.3e-2,.4e-2,.4e-2,.4e-2,.3e-2,.5e-2,.5e-\
2,.3e-2,.4e-2,.4e-2,.4e-2,.4e-2,.4e-2,.5e-2,.3e-2,.5e-2,.5e-2,.3e-2,.6e-2,.5e-2
,.3e-2,.3e-2,.3e-2,.4e-2,.4e-2,.4e-2,.3e-2,.4e-2,.3e-2,.6e-2,.4e-2,.3e-2,.4e-2,
.3e-2,.4e-2,.3e-2,.4e-2,.3e-2,.3e-2,.3e-2,.4e-2,.6e-2,.4e-2,.3e-2,.5e-2,.4e-2,.\
4e-2,.4e-2,.5e-2,.4e-2,.4e-2,.4e-2,.4e-2,.3e-2,.4e-2,.5e-2,.4e-2,.5e-2,.5e-2,.3\
e-2,.4e-2,.3e-2,.4e-2,.4e-2,.4e-2,.4e-2,.4e-2,.5e-2,.4e-2,.5e-2,.3e-2,.4e-2,.57\
e-1,.5e-2,.5e-2,.5e-2,.4e-2,.4e-2,.4e-2,.3e-2,.4e-2,.5e-2,.7e-2,.7e-2,.5e-2,.4e\
-2,.4e-2,.5e-2,.4e-2,.3e-2,.5e-2,.5e-2,.3e-2,.3e-2,.4e-2,.3e-2,.5e-2,.6e-2,.4e-\
2,.3e-2,.4e-2,.4e-2,.3e-2,.4e-2,.4e-2,.3e-2,.4e-2,.5e-2,.4e-2,.3e-2,.5e-2,.4e-2
,.5e-2,.4e-2,.5e-2,.4e-2,.5e-2,.4e-2,.3e-2,.3e-2,.4e-2,.4e-2,.3e-2,.4e-2,.4e-2,
.4e-2,.4e-2,.7e-2,.4e-2,.3e-2,.4e-2,.3e-2,.4e-2,.4e-2,.4e-2,.4e-2,.4e-2,.3e-2,.\
3e-2,.5e-2,.4e-2,.4e-2,.4e-2,.4e-2,.7e-2,.5e-2,.4e-2,.5e-2,.5e-2,.4e-2,.4e-2,.5\
e-2,.4e-2,.4e-2,.5e-2,.4e-2,.4e-2,.3e-2,.4e-2,.3e-2,.4e-2,.4e-2,.3e-2,.3e-2,.6e\
-2,.6e-2,.4e-2,.5e-2,.4e-2,.5e-2,.4e-2,.6e-2,.4e-2,.6e-2,.5e-2,.3e-2,.4e-2,.4e-\
2,.49e-1,.6e-2,.6e-2,.5e-2,.3e-2,.3e-2,.4e-2,.4e-2,.4e-2,.3e-2,.4e-2,.4e-2,.3e-\
2,.3e-2,.4e-2,.3e-2,.3e-2,.6e-2,.4e-2,.3e-2,.4e-2,.4e-2,.4e-2,.4e-2,.5e-2,.5e-2
,.4e-2,.5e-2,.5e-2,.4e-2,.6e-2,.6e-2,.6e-2,.6e-2,.6e-2,.5e-2,.3e-2,.4e-2,.3e-2,
.4e-2,.3e-2,.4e-2,.4e-2,.4e-2,.3e-2,.4e-2,.5e-2,.3e-2,.4e-2,.5e-2,.4e-2,.5e-2,.\
3e-2,.8e-2,.5e-2,.6e-2,.3e-2,.7e-2,.3e-2,.4e-2,.4e-2,.4e-2,.4e-2,.4e-2,.4e-2,.3\
e-2,.4e-2,.3e-2,.6e-2,.3e-2,.6e-2,.5e-2,.4e-2,.3e-2,.4e-2,.3e-2,.4e-2,.3e-2,.5e\
-2,.3e-2,.3e-2,.4e-2,.3e-2,.4e-2,.6e-2,.4e-2,.3e-2,.4e-2,.6e-2,.4e-2,.3e-2,.5e-\
2,.4e-2,.4e-2,.3e-2,.5e-2,.4e-2,.4e-2,.4e-2,.3e-2,.4e-2,.5e-2,.4e-2,.5e-2,.4e-2
,.4e-2,.4e-2,.53e-1,.6e-2,.3e-2,.3e-2,.4e-2,.4e-2,.5e-2,.4e-2,.6e-2,.4e-2,.3e-2
,.4e-2,.3e-2,.4e-2,.4e-2,.5e-2,.4e-2,.4e-2,.4e-2,.4e-2,.4e-2,.3e-2,.3e-2,.4e-2,
.3e-2,.4e-2,.5e-2,.3e-2,.3e-2,.5e-2,.4e-2,.4e-2,.3e-2,.4e-2,.3e-2,.4e-2,.3e-2,.\
3e-2,.5e-2,.3e-2,.5e-2,.3e-2,.4e-2,.4e-2,.6e-2,.6e-2,.6e-2,.3e-2,.5e-2,.4e-2,.6\
e-2,.5e-2,.3e-2,.4e-2,.4e-2,.4e-2,.3e-2,.3e-2,.4e-2,.5e-2,.4e-2,.4e-2,.4e-2,.3e\
-2,.6e-2,.5e-2,.4e-2,.3e-2,.4e-2,.3e-2,.4e-2,.3e-2,.7e-2,.4e-2,.4e-2,.6e-2,.5e-\
2,.6e-2,.4e-2,.6e-2,.5e-2,.4e-2,.5e-2,.5e-2,.4e-2,.3e-2,.4e-2,.5e-2,.4e-2,.4e-2
,.4e-2,.4e-2,.6e-2,.5e-2,.3e-2,.4e-2,.3e-2,.4e-2,.3e-2,.4e-2,.4e-2,.4e-2,.3e-2,
.4e-2,.4e-2,.4e-2,.4e-2,.3e-2,.55e-1,.5e-2,.4e-2,.5e-2,.4e-2,.4e-2,.4e-2,.3e-2,
.4e-2,.3e-2,.3e-2,.4e-2,.3e-2,.3e-2,.4e-2,.4e-2,.4e-2,.6e-2,.4e-2,.4e-2,.4e-2,.\
4e-2,.3e-2,.3e-2,.4e-2,.4e-2,.3e-2,.5e-2,.5e-2,.4e-2,.4e-2,.3e-2,.4e-2,.4e-2,.3\
e-2,.6e-2,.4e-2,.4e-2,.4e-2,.4e-2,.4e-2,.3e-2,.3e-2,.4e-2,.4e-2,.4e-2,.4e-2,.3e\
-2,.3e-2,.3e-2,.4e-2,.4e-2,.5e-2,.6e-2,.4e-2,.5e-2,.6e-2,.5e-2,.4e-2,.5e-2,.3e-\
2,.7e-2,.3e-2,.5e-2,.4e-2,.3e-2,.3e-2,.4e-2,.5e-2,.4e-2,.4e-2,.5e-2,.3e-2,.4e-2
,.6e-2,.3e-2,.4e-2,.3e-2,.4e-2,.4e-2,.4e-2,.5e-2,.3e-2,.5e-2,.3e-2,.5e-2,.4e-2,
.4e-2,.3e-2,.4e-2,.3e-2,.3e-2,.4e-2,.4e-2,.4e-2,.3e-2,.3e-2,.4e-2,.3e-2,.3e-2,.\
4e-2,.4e-2,.4e-2,.5e-2,.3e-2,.4e-2,.3e-2,.53e-1,.7e-2,.4e-2,.4e-2,.3e-2,.3e-2,.\
4e-2,.3e-2,.3e-2,.4e-2,.4e-2,.4e-2,.4e-2,.5e-2,.4e-2,.4e-2,.3e-2,.4e-2,.4e-2,.4\
e-2,.4e-2,.3e-2,.4e-2,.6e-2,.4e-2,.3e-2,.3e-2,.4e-2,.5e-2,.3e-2,.4e-2,.4e-2,.5e\
-2,.4e-2,.4e-2,.3e-2,.6e-2,.3e-2,.3e-2,.4e-2,.5e-2,.3e-2,.4e-2,.4e-2,.5e-2,.5e-\
2,.4e-2,.4e-2,.4e-2,.4e-2,.3e-2,.3e-2,.3e-2,.4e-2,.3e-2,.4e-2,.5e-2,.4e-2,.4e-2
,.4e-2,.4e-2,.4e-2,.4e-2,.4e-2,.4e-2,.4e-2,.4e-2,.3e-2,.4e-2,.4e-2,.4e-2,.5e-2,
.3e-2,.4e-2,.4e-2,.4e-2,.4e-2,.4e-2,.4e-2,.4e-2,.5e-2,.4e-2,.5e-2,.4e-2,.4e-2,.\
3e-2,.4e-2,.4e-2,.4e-2,.3e-2,.4e-2,.3e-2,.3e-2,.4e-2,.4e-2,.4e-2,.3e-2,.4e-2,.4\
e-2,.4e-2,.5e-2,.3e-2,.4e-2,.4e-2,.4e-2,.4e-2,.4e-2,.4e-2,.8e-2,.6e-2,.4e-2,.4e\
-2,.5e-2,.3e-2,.5e-2,.3e-2,.4e-2,.3e-2,.4e-2,.3e-2,.4e-2,.4e-2,.4e-2,.5e-2,.5e-\
2,.4e-2,.4e-2,.3e-2,.3e-2,.4e-2,.4e-2,.5e-2,.4e-2,.5e-2,.4e-2,.4e-2,.3e-2,.3e-2
,.4e-2,.3e-2,.3e-2,.3e-2,.3e-2,.3e-2,.3e-2,.3e-2,.4e-2,.5e-2,.3e-2,.3e-2,.4e-2,
.3e-2,.5e-2,.5e-2,.4e-2,.6e-2,.6e-2,.5e-2,.5e-2,.5e-2,.5e-2,.5e-2,.3e-2,.5e-2,.\
5e-2,.3e-2,.5e-2,.4e-2,.4e-2,.5e-2,.5e-2,.3e-2,.4e-2,.4e-2,.3e-2,.4e-2,.4e-2,.3\
e-2,.4e-2,.3e-2,.4e-2,.4e-2,.4e-2,.7e-2,.5e-2,.4e-2,.4e-2,.5e-2,.5e-2,.6e-2,.3e\
-2,.6e-2,.5e-2,.4e-2,.4e-2,.4e-2,.3e-2,.4e-2,.3e-2,.3e-2,.3e-2,.5e-2,.4e-2,.4e-\
2,.5e-2,.4e-2,.4e-2,.3e-2,.4e-2,.3e-2,.4e-2,.4e-2,.4e-2,.5e-2,.5e-2,.70e-1,.3e-\
2,.4e-2,.6e-2,.4e-2,.5e-2,.5e-2,.5e-2,.5e-2,.4e-2,.4e-2,.4e-2,.4e-2,.4e-2,.5e-2
,.4e-2,.6e-2,.5e-2,.3e-2,.4e-2,.4e-2,.3e-2,.4e-2,.3e-2,.4e-2,.3e-2,.4e-2,.3e-2,
.4e-2,.3e-2,.3e-2,.4e-2,.4e-2,.4e-2,.4e-2,.7e-2,.3e-2,.4e-2,.4e-2,.3e-2,.4e-2,.\
4e-2,.3e-2,.3e-2,.3e-2,.4e-2,.4e-2,.3e-2,.4e-2,.6e-2,.4e-2,.4e-2,.4e-2,.5e-2,.4\
e-2,.5e-2,.4e-2,.5e-2,.5e-2,.4e-2,.4e-2,.4e-2,.4e-2,.5e-2,.4e-2,.4e-2,.3e-2,.4e\
-2,.4e-2,.4e-2,.4e-2,.4e-2,.4e-2,.6e-2,.5e-2,.4e-2,.3e-2,.5e-2,.4e-2,.5e-2,.3e-\
2,.6e-2,.5e-2,.4e-2,.3e-2,.4e-2,.4e-2,.4e-2,.4e-2,.5e-2,.4e-2,.6e-2,.5e-2,.3e-2
,.4e-2,.6e-2,.6e-2,.4e-2,.6e-2,.4e-2,.4e-2,.4e-2,.4e-2,.6e-2,.3e-2,.4e-2,.56e-1
,.8e-2,.4e-2,.5e-2,.4e-2,.3e-2,.5e-2,.3e-2,.4e-2,.4e-2,.3e-2,.3e-2,.3e-2,.4e-2,
.3e-2,.4e-2,.4e-2,.4e-2,.3e-2,.5e-2,.4e-2,.6e-2,.3e-2,.3e-2,.4e-2,.6e-2,.4e-2,.\
4e-2,.4e-2,.5e-2,.3e-2,.4e-2,.3e-2,.4e-2,.3e-2,.4e-2,.3e-2,.4e-2,.4e-2,.5e-2,.5\
e-2,.3e-2,.4e-2,.3e-2,.3e-2,.4e-2,.4e-2,.5e-2,.4e-2,.4e-2,.5e-2,.4e-2,.3e-2,.3e\
-2,.4e-2,.3e-2,.5e-2,.5e-2,.4e-2,.4e-2,.5e-2,.4e-2,.4e-2,.5e-2,.4e-2,.4e-2,.3e-\
2,.5e-2,.4e-2,.4e-2,.5e-2,.3e-2,.6e-2,.5e-2,.5e-2,.4e-2,.4e-2,.5e-2,.7e-2,.6e-2
,.4e-2,.4e-2,.4e-2,.3e-2,.5e-2,.3e-2,.4e-2,.6e-2,.5e-2,.4e-2,.6e-2,.4e-2,.4e-2,
.5e-2,.4e-2,.3e-2,.4e-2,.3e-2,.3e-2,.4e-2,.4e-2,.4e-2,.3e-2,.6e-2,.5e-2,.4e-2,.\
6e-2,.60e-1,.4e-2,.4e-2,.5e-2,.4e-2,.4e-2,.4e-2,.4e-2,.4e-2,.4e-2,.4e-2,.4e-2,.\
4e-2,.4e-2,.3e-2,.3e-2,.3e-2,.3e-2,.3e-2,.4e-2,.4e-2,.4e-2,.5e-2,.3e-2,.4e-2,.4\
e-2,.3e-2,.4e-2,.3e-2,.3e-2,.4e-2,.3e-2,.3e-2,.4e-2,.4e-2,.4e-2,.4e-2,.4e-2,.4e\
-2,.5e-2,.3e-2,.5e-2,.3e-2,.4e-2,.4e-2,.4e-2,.4e-2,.4e-2,.5e-2,.4e-2,.4e-2,.5e-\
2,.3e-2,.4e-2,.4e-2,.4e-2,.4e-2,.3e-2,.5e-2,.4e-2,.4e-2,.5e-2,.3e-2,.3e-2,.4e-2
,.5e-2,.4e-2,.3e-2,.4e-2,.4e-2,.5e-2,.4e-2,.4e-2,.4e-2,.3e-2,.4e-2,.4e-2,.4e-2,
.4e-2,.4e-2,.4e-2,.3e-2,.4e-2,.4e-2,.4e-2,.3e-2,.3e-2,.4e-2,.6e-2,.4e-2,.4e-2,.\
4e-2,.4e-2,.4e-2,.4e-2,.4e-2,.5e-2,.4e-2,.4e-2,.4e-2,.4e-2,.7e-2,.3e-2,.4e-2,.4\
e-2,.3e-2,.59e-1,.6e-2,.4e-2,.4e-2,.5e-2,.4e-2,.4e-2,.4e-2,.3e-2,.4e-2,.4e-2,.5\
e-2,.3e-2,.4e-2,.4e-2,.4e-2,.3e-2,.3e-2,.4e-2,.4e-2,.3e-2,.3e-2,.3e-2,.3e-2,.3e\
-2,.3e-2,.3e-2,.3e-2,.3e-2,.4e-2,.4e-2,.3e-2,.3e-2,.5e-2,.4e-2,.3e-2,.4e-2,.3e-\
2,.3e-2,.3e-2,.4e-2,.4e-2,.3e-2,.5e-2,.4e-2,.4e-2,.3e-2,.4e-2,.4e-2,.3e-2,.5e-2
,.5e-2,.3e-2,.6e-2,.5e-2,.4e-2,.4e-2,.5e-2,.3e-2,.4e-2,.3e-2,.5e-2,.4e-2,.3e-2,
.5e-2,.4e-2,.4e-2,.5e-2,.3e-2,.6e-2,.5e-2,.3e-2,.4e-2,.3e-2,.4e-2,.4e-2,.5e-2,.\
4e-2,.3e-2,.5e-2,.5e-2,.3e-2,.3e-2,.4e-2,.3e-2,.3e-2,.4e-2,.5e-2,.3e-2,.6e-2,.5\
e-2,.4e-2,.3e-2,.4e-2,.4e-2,.4e-2,.4e-2,.5e-2,.3e-2,.4e-2,.4e-2,.4e-2,.5e-2,.4e\
-2,.6e-2,.3e-2,.64e-1,.7e-2,.4e-2,.5e-2,.3e-2,.3e-2,.4e-2,.4e-2,.6e-2,.5e-2,.4e\
-2,.4e-2,.3e-2,.4e-2,.3e-2,.4e-2,.4e-2,.3e-2,.4e-2,.4e-2,.4e-2,.4e-2,.4e-2,.3e-\
2,.4e-2,.4e-2,.4e-2,.4e-2,.3e-2,.3e-2,.3e-2,.3e-2,.5e-2,.4e-2,.4e-2,.5e-2,.4e-2
,.3e-2,.5e-2,.3e-2,.4e-2,.4e-2,.3e-2,.3e-2,.3e-2,.4e-2,.4e-2,.4e-2,.5e-2,.3e-2,
.5e-2,.4e-2,.4e-2,.3e-2,.3e-2,.4e-2,.3e-2,.3e-2,.4e-2,.4e-2,.4e-2,.5e-2,.5e-2,.\
3e-2,.3e-2,.4e-2,.5e-2,.4e-2,.4e-2,.4e-2,.4e-2,.5e-2,.5e-2,.3e-2,.3e-2,.4e-2,.4\
e-2,.3e-2,.3e-2,.4e-2,.4e-2,.3e-2,.3e-2,.5e-2,.3e-2],[.4e-2,.5e-2,.3e-2,.3e-2,.\
3e-2,.4e-2,.3e-2,.4e-2,.4e-2,.4e-2,.4e-2,.6e-2,.4e-2,.4e-2,.4e-2,.4e-2,.3e-2,.3\
e-2,.4e-2,.4e-2,.4e-2,.55e-1,.5e-2,.6e-2,.4e-2,.4e-2,.6e-2,.3e-2,.3e-2,.6e-2,.4\
e-2,.3e-2,.4e-2,.3e-2,.3e-2,.3e-2,.3e-2,.3e-2,.3e-2,.4e-2,.3e-2,.3e-2,.4e-2,.4e\
-2,.5e-2,.5e-2,.3e-2,.4e-2,.4e-2,.4e-2,.4e-2,.5e-2,.4e-2,.4e-2,.4e-2,.4e-2,.4e-\
2,.4e-2,.4e-2,.3e-2,.3e-2,.4e-2,.4e-2,.3e-2,.4e-2,.4e-2,.6e-2,.3e-2,.3e-2,.5e-2
,.4e-2,.6e-2,.6e-2,.4e-2,.4e-2,.3e-2,.4e-2,.4e-2,.6e-2,.5e-2,.4e-2,.5e-2,.5e-2,
.4e-2,.3e-2,.3e-2,.4e-2,.4e-2,.4e-2,.5e-2,.4e-2,.5e-2,.4e-2,.4e-2,.3e-2,.4e-2,.\
4e-2,.3e-2,.4e-2,.3e-2,.4e-2,.3e-2,.5e-2,.4e-2,.4e-2,.4e-2,.4e-2,.4e-2,.3e-2,.4\
e-2,.3e-2,.4e-2,.3e-2,.5e-2,.5e-2,.4e-2,.3e-2,.3e-2,.4e-2,.4e-2,.4e-2,.4e-2,.4e\
-2,.4e-2,.3e-2,.3e-2,.4e-2,.4e-2,.4e-2,.52e-1,.5e-2,.5e-2,.4e-2,.4e-2,.4e-2,.5e\
-2,.4e-2,.3e-2,.3e-2,.3e-2,.4e-2,.4e-2,.5e-2,.5e-2,.4e-2,.5e-2,.6e-2,.4e-2,.4e-\
2,.6e-2,.4e-2,.5e-2,.5e-2,.5e-2,.3e-2,.5e-2,.3e-2,.3e-2,.3e-2,.3e-2,.3e-2,.3e-2
,.3e-2,.3e-2,.4e-2,.3e-2,.3e-2,.4e-2,.3e-2,.6e-2,.4e-2,.4e-2,.4e-2,.3e-2,.3e-2,
.3e-2,.3e-2,.4e-2,.4e-2,.4e-2,.3e-2,.4e-2,.4e-2,.3e-2,.5e-2,.4e-2,.3e-2,.5e-2,.\
4e-2,.6e-2,.4e-2,.5e-2,.5e-2,.4e-2,.4e-2,.3e-2,.5e-2,.4e-2,.4e-2,.3e-2,.3e-2,.4\
e-2,.4e-2,.5e-2,.3e-2,.5e-2,.5e-2,.4e-2,.4e-2,.3e-2,.5e-2,.3e-2,.3e-2,.5e-2,.3e\
-2,.4e-2,.4e-2,.5e-2,.3e-2,.4e-2,.4e-2,.3e-2,.4e-2,.4e-2,.4e-2,.3e-2,.3e-2,.4e-\
2,.4e-2,.3e-2,.3e-2,.4e-2,.4e-2,.3e-2,.5e-2,.4e-2,.4e-2,.49e-1,.6e-2,.5e-2,.4e-\
2,.5e-2,.6e-2,.4e-2,.4e-2,.3e-2,.4e-2,.3e-2,.5e-2,.5e-2,.3e-2,.6e-2,.5e-2,.4e-2
,.4e-2,.4e-2,.4e-2,.4e-2,.4e-2,.4e-2,.3e-2,.3e-2,.5e-2,.6e-2,.4e-2,.3e-2,.5e-2,
.4e-2,.6e-2,.5e-2,.3e-2,.6e-2,.4e-2,.4e-2,.4e-2,.3e-2,.3e-2,.3e-2,.3e-2,.3e-2,.\
4e-2,.4e-2,.3e-2,.4e-2,.4e-2,.3e-2,.6e-2,.5e-2,.3e-2,.3e-2,.3e-2,.4e-2,.3e-2,.5\
e-2,.6e-2,.4e-2,.4e-2,.4e-2,.4e-2,.4e-2,.5e-2,.5e-2,.4e-2,.3e-2,.4e-2,.4e-2,.4e\
-2,.3e-2,.5e-2,.4e-2,.4e-2,.5e-2,.4e-2,.3e-2,.3e-2,.4e-2,.4e-2,.3e-2,.4e-2,.4e-\
2,.4e-2,.5e-2,.5e-2,.3e-2,.4e-2,.4e-2,.4e-2,.5e-2,.4e-2,.4e-2,.4e-2,.5e-2,.4e-2
,.3e-2,.4e-2,.3e-2,.4e-2,.4e-2,.4e-2,.3e-2,.4e-2,.4e-2,.3e-2,.51e-1,.9e-2,.4e-2
,.5e-2,.5e-2,.4e-2,.4e-2,.4e-2,.3e-2,.4e-2,.5e-2,.5e-2,.3e-2,.4e-2,.3e-2,.3e-2,
.4e-2,.4e-2,.4e-2,.3e-2,.3e-2,.5e-2,.6e-2,.4e-2,.3e-2,.3e-2,.4e-2,.4e-2,.4e-2,.\
4e-2,.4e-2,.5e-2,.5e-2,.4e-2,.3e-2,.3e-2,.4e-2,.4e-2,.4e-2,.4e-2,.4e-2,.4e-2,.3\
e-2,.5e-2,.4e-2,.3e-2,.6e-2,.4e-2,.6e-2,.5e-2,.3e-2,.6e-2,.5e-2,.4e-2,.3e-2,.4e\
-2,.3e-2,.4e-2,.4e-2,.5e-2,.4e-2,.4e-2,.3e-2,.3e-2,.4e-2,.4e-2,.4e-2,.3e-2,.4e-\
2,.4e-2,.5e-2,.4e-2,.3e-2,.4e-2,.4e-2,.4e-2,.4e-2,.5e-2,.4e-2,.5e-2,.4e-2,.3e-2
,.4e-2,.4e-2,.4e-2,.3e-2,.4e-2,.5e-2,.4e-2,.3e-2,.5e-2,.5e-2,.4e-2,.4e-2,.4e-2,
.3e-2,.4e-2,.4e-2,.4e-2,.3e-2,.5e-2,.6e-2,.4e-2,.5e-2,.4e-2,.4e-2,.54e-1,.5e-2,
.6e-2,.4e-2,.4e-2,.3e-2,.4e-2,.3e-2,.4e-2,.6e-2,.4e-2,.3e-2,.5e-2,.4e-2,.6e-2,.\
5e-2,.3e-2,.6e-2,.4e-2,.4e-2,.3e-2,.3e-2,.3e-2,.4e-2,.3e-2,.4e-2,.3e-2,.6e-2,.5\
e-2,.4e-2,.4e-2,.4e-2,.4e-2,.3e-2,.3e-2,.3e-2,.4e-2,.4e-2,.4e-2,.4e-2,.3e-2,.4e\
-2,.4e-2,.5e-2,.4e-2,.3e-2,.3e-2,.4e-2,.4e-2,.5e-2,.5e-2,.4e-2,.5e-2,.6e-2,.4e-\
2,.4e-2,.5e-2,.4e-2,.6e-2,.5e-2,.4e-2,.4e-2,.4e-2,.3e-2,.4e-2,.4e-2,.5e-2,.3e-2
,.4e-2,.3e-2,.4e-2,.4e-2,.3e-2,.3e-2,.4e-2,.5e-2,.4e-2,.4e-2,.4e-2,.6e-2,.3e-2,
.3e-2,.4e-2,.5e-2,.3e-2,.4e-2,.5e-2,.6e-2,.4e-2,.4e-2,.7e-2,.4e-2,.6e-2,.3e-2,.\
5e-2,.6e-2,.6e-2,.4e-2,.5e-2,.3e-2,.4e-2,.4e-2,.4e-2,.4e-2,.4e-2,.4e-2,.3e-2,.\
55e-1,.4e-2,.3e-2,.5e-2,.4e-2,.4e-2,.5e-2,.4e-2,.5e-2,.5e-2,.4e-2,.4e-2,.4e-2,.\
3e-2,.5e-2,.4e-2,.5e-2,.4e-2,.3e-2,.6e-2,.5e-2,.4e-2,.4e-2,.4e-2,.4e-2,.4e-2,.3\
e-2,.4e-2,.3e-2,.3e-2,.3e-2,.5e-2,.3e-2,.6e-2,.5e-2,.4e-2,.4e-2,.4e-2,.4e-2,.4e\
-2,.4e-2,.4e-2,.3e-2,.5e-2,.4e-2,.4e-2,.3e-2,.3e-2,.3e-2,.4e-2,.4e-2,.3e-2,.5e-\
2,.4e-2,.3e-2,.6e-2,.4e-2,.5e-2,.5e-2,.3e-2,.3e-2,.3e-2,.4e-2,.3e-2,.4e-2,.5e-2
,.4e-2,.5e-2,.5e-2,.4e-2,.3e-2,.4e-2,.4e-2,.4e-2,.4e-2,.5e-2,.5e-2,.4e-2,.5e-2,
.4e-2,.3e-2,.5e-2,.4e-2,.4e-2,.4e-2,.4e-2,.4e-2,.4e-2,.4e-2,.4e-2,.4e-2,.4e-2,.\
5e-2,.4e-2,.4e-2,.3e-2,.5e-2,.4e-2,.6e-2,.4e-2,.5e-2,.4e-2,.4e-2,.4e-2,.3e-2,.5\
e-2,.3e-2,.4e-2,.59e-1,.5e-2,.3e-2,.5e-2,.4e-2,.3e-2,.4e-2,.4e-2,.3e-2,.3e-2,.4\
e-2,.4e-2,.4e-2,.4e-2,.5e-2,.4e-2,.4e-2,.4e-2,.4e-2,.4e-2,.4e-2,.3e-2,.4e-2,.4e\
-2,.6e-2,.4e-2,.4e-2,.3e-2,.4e-2,.5e-2,.4e-2,.4e-2,.4e-2,.6e-2,.6e-2,.3e-2,.4e-\
2,.4e-2,.3e-2,.4e-2,.5e-2,.4e-2,.5e-2,.4e-2,.4e-2,.4e-2,.5e-2,.3e-2,.4e-2,.4e-2
,.3e-2,.4e-2,.3e-2,.4e-2,.5e-2,.4e-2,.4e-2,.5e-2,.5e-2,.5e-2,.6e-2,.4e-2,.5e-2,
.4e-2,.6e-2,.5e-2,.6e-2,.5e-2,.4e-2,.5e-2,.5e-2,.4e-2,.4e-2,.5e-2,.4e-2,.5e-2,.\
6e-2,.4e-2,.4e-2,.4e-2,.4e-2,.4e-2,.6e-2,.3e-2,.6e-2,.5e-2,.5e-2,.3e-2,.5e-2,.5\
e-2,.5e-2,.6e-2,.4e-2,.4e-2,.6e-2,.5e-2,.7e-2,.5e-2,.5e-2,.4e-2,.4e-2,.4e-2,.5e\
-2,.5e-2,.4e-2,.4e-2,.6e-2,.56e-1,.6e-2,.7e-2,.4e-2,.4e-2,.4e-2,.4e-2,.4e-2,.4e\
-2,.4e-2,.6e-2,.5e-2,.4e-2,.4e-2,.4e-2,.4e-2,.3e-2,.4e-2,.6e-2,.4e-2,.4e-2,.5e-\
2,.4e-2,.5e-2,.3e-2,.5e-2,.4e-2,.3e-2,.4e-2,.4e-2,.3e-2,.4e-2,.4e-2,.4e-2,.4e-2
,.4e-2,.5e-2,.5e-2,.4e-2,.6e-2,.4e-2,.4e-2,.5e-2,.5e-2,.5e-2,.5e-2,.5e-2,.4e-2,
.5e-2,.5e-2,.3e-2,.4e-2,.5e-2,.4e-2,.3e-2,.4e-2,.4e-2,.4e-2,.5e-2,.5e-2,.4e-2,.\
4e-2,.4e-2,.4e-2,.3e-2,.4e-2,.4e-2,.3e-2,.5e-2,.5e-2,.4e-2,.4e-2,.4e-2,.4e-2,.3\
e-2,.4e-2,.5e-2,.4e-2,.5e-2,.5e-2,.3e-2,.5e-2,.5e-2,.4e-2,.4e-2,.3e-2,.5e-2,.4e\
-2,.4e-2,.6e-2,.4e-2,.5e-2,.5e-2,.3e-2,.5e-2,.4e-2,.4e-2,.5e-2,.5e-2,.4e-2,.5e-\
2,.4e-2,.4e-2,.3e-2,.4e-2,.3e-2,.4e-2,.5e-2,.7e-2,.4e-2,.4e-2,.5e-2,.3e-2,.4e-2
,.4e-2,.4e-2,.5e-2,.3e-2,.4e-2,.4e-2,.4e-2,.4e-2,.4e-2,.6e-2,.5e-2,.6e-2,.3e-2,
.3e-2,.5e-2,.3e-2,.6e-2,.5e-2,.4e-2,.4e-2,.4e-2,.3e-2,.4e-2,.5e-2,.5e-2,.4e-2,.\
4e-2,.3e-2,.4e-2,.3e-2,.3e-2,.4e-2,.4e-2,.3e-2,.3e-2,.4e-2,.4e-2,.4e-2,.5e-2,.3\
e-2,.4e-2,.3e-2,.4e-2,.4e-2,.3e-2,.4e-2,.4e-2,.5e-2,.4e-2,.5e-2,.3e-2,.4e-2,.3e\
-2,.4e-2,.3e-2,.3e-2,.4e-2,.3e-2,.4e-2,.3e-2,.5e-2,.4e-2,.4e-2,.5e-2,.3e-2,.6e-\
2,.6e-2,.5e-2,.10e-1,.7e-2,.13e-1,.8e-2,.6e-2,.4e-2,.4e-2,.4e-2,.3e-2,.6e-2,.6e\
-2,.3e-2,.4e-2,.4e-2,.3e-2,.4e-2,.4e-2,.4e-2,.4e-2,.7e-2,.4e-2,.4e-2,.4e-2,.4e-\
2,.4e-2,.4e-2,.4e-2,.4e-2,.5e-2,.4e-2,.5e-2,.4e-2,.3e-2,.10e-1,.5e-2,.5e-2,.4e-\
2,.5e-2,.4e-2,.4e-2,.4e-2,.4e-2,.3e-2,.4e-2,.4e-2,.4e-2,.4e-2,.5e-2,.6e-2,.4e-2
,.4e-2,.5e-2,.4e-2,.4e-2,.5e-2,.4e-2,.4e-2,.4e-2,.3e-2,.4e-2,.3e-2,.5e-2,.4e-2,
.5e-2,.5e-2,.3e-2,.5e-2,.5e-2,.4e-2,.3e-2,.4e-2,.4e-2,.3e-2,.5e-2,.4e-2,.4e-2,.\
5e-2,.5e-2,.4e-2,.5e-2,.4e-2,.4e-2,.3e-2,.4e-2,.4e-2,.4e-2,.4e-2,.3e-2,.4e-2,.4\
e-2,.4e-2,.4e-2,.4e-2,.6e-2,.3e-2,.4e-2,.3e-2,.4e-2,.3e-2,.4e-2,.5e-2,.3e-2,.4e\
-2,.6e-2,.4e-2,.4e-2,.5e-2,.3e-2,.4e-2,.7e-2,.4e-2,.3e-2,.5e-2,.4e-2,.5e-2,.5e-\
2,.4e-2,.4e-2,.4e-2,.5e-2,.4e-2,.3e-2,.5e-2,.3e-2,.7e-2,.4e-2,.4e-2,.4e-2,.3e-2
,.4e-2,.4e-2,.3e-2,.4e-2,.3e-2,.4e-2,.4e-2,.4e-2,.6e-2,.4e-2,.51e-1,.9e-2,.5e-2
,.3e-2,.5e-2,.5e-2,.5e-2,.4e-2,.7e-2,.4e-2,.3e-2,.6e-2,.5e-2,.5e-2,.3e-2,.3e-2,
.4e-2,.4e-2,.3e-2,.4e-2,.4e-2,.3e-2,.4e-2,.5e-2,.4e-2,.4e-2,.3e-2,.4e-2,.4e-2,.\
3e-2,.4e-2,.4e-2,.5e-2,.4e-2,.6e-2,.3e-2,.3e-2,.5e-2,.5e-2,.4e-2,.7e-2,.9e-2,.4\
e-2,.5e-2,.6e-2,.5e-2,.5e-2,.3e-2,.4e-2,.4e-2,.6e-2,.4e-2,.4e-2,.4e-2,.4e-2,.4e\
-2,.4e-2,.3e-2,.3e-2,.4e-2,.4e-2,.4e-2,.4e-2,.5e-2,.4e-2,.3e-2,.5e-2,.3e-2,.4e-\
2,.3e-2,.4e-2,.5e-2,.3e-2,.5e-2,.4e-2,.4e-2,.6e-2,.3e-2,.6e-2,.5e-2,.4e-2,.4e-2
,.4e-2,.3e-2,.3e-2,.4e-2,.4e-2,.4e-2,.3e-2,.5e-2,.3e-2,.4e-2,.5e-2,.4e-2,.4e-2,
.5e-2,.4e-2,.5e-2,.4e-2,.4e-2,.4e-2,.5e-2,.5e-2,.4e-2,.4e-2,.3e-2,.55e-1,.5e-2,
.4e-2,.4e-2,.4e-2,.4e-2,.5e-2,.3e-2,.4e-2,.5e-2,.4e-2,.5e-2,.5e-2,.4e-2,.4e-2,.\
3e-2,.3e-2,.4e-2,.4e-2,.3e-2,.4e-2,.3e-2,.3e-2,.4e-2,.4e-2,.5e-2,.5e-2,.4e-2,.3\
e-2,.3e-2,.4e-2,.4e-2,.4e-2,.3e-2,.4e-2,.3e-2,.4e-2,.4e-2,.3e-2,.4e-2,.4e-2,.5e\
-2,.4e-2,.4e-2,.5e-2,.5e-2,.6e-2,.3e-2,.3e-2,.4e-2,.4e-2,.4e-2,.4e-2,.4e-2,.4e-\
2,.3e-2,.6e-2,.5e-2,.4e-2,.5e-2,.3e-2,.3e-2,.4e-2,.4e-2,.3e-2,.3e-2,.4e-2,.3e-2
,.5e-2,.3e-2,.4e-2,.5e-2,.4e-2,.6e-2,.3e-2,.4e-2,.3e-2,.4e-2,.3e-2,.3e-2,.4e-2,
.4e-2,.6e-2,.4e-2,.4e-2,.4e-2,.4e-2,.3e-2,.4e-2,.4e-2,.5e-2,.3e-2,.4e-2,.6e-2,.\
4e-2,.4e-2,.5e-2,.3e-2,.6e-2,.4e-2,.5e-2,.5e-2,.4e-2,.3e-2,.4e-2,.4e-2,.53e-1,.\
5e-2,.5e-2,.4e-2,.3e-2,.5e-2,.3e-2,.3e-2,.5e-2,.4e-2,.4e-2,.5e-2,.4e-2,.3e-2,.3\
e-2,.5e-2,.3e-2,.4e-2,.4e-2,.4e-2,.3e-2,.4e-2,.5e-2,.4e-2,.3e-2,.3e-2,.4e-2,.4e\
-2,.4e-2,.4e-2,.5e-2,.5e-2,.3e-2,.4e-2,.5e-2,.4e-2,.3e-2,.4e-2,.6e-2,.4e-2,.3e-\
2,.4e-2,.5e-2,.4e-2,.4e-2,.4e-2,.4e-2,.6e-2,.4e-2,.5e-2,.6e-2,.4e-2,.3e-2,.3e-2
,.4e-2,.3e-2,.4e-2,.3e-2,.3e-2,.5e-2,.5e-2,.5e-2,.4e-2,.3e-2,.4e-2,.5e-2,.6e-2,
.5e-2,.5e-2,.5e-2,.3e-2,.3e-2,.4e-2,.3e-2,.4e-2,.4e-2,.4e-2,.4e-2,.7e-2,.4e-2,.\
3e-2,.4e-2,.3e-2,.4e-2,.4e-2,.4e-2,.4e-2,.4e-2,.3e-2,.5e-2,.4e-2,.5e-2,.4e-2,.4\
e-2,.3e-2,.4e-2,.5e-2,.3e-2,.4e-2,.4e-2,.5e-2,.5e-2,.4e-2,.3e-2,.4e-2,.4e-2,.59\
e-1,.8e-2,.6e-2,.3e-2,.5e-2,.6e-2,.3e-2,.4e-2,.3e-2,.3e-2,.4e-2,.4e-2,.6e-2,.5e\
-2,.3e-2,.4e-2,.4e-2,.3e-2,.4e-2,.3e-2,.4e-2,.4e-2,.5e-2,.4e-2,.4e-2,.4e-2,.3e-\
2,.4e-2,.5e-2,.4e-2,.5e-2,.4e-2,.5e-2,.4e-2,.4e-2,.3e-2,.3e-2,.4e-2,.4e-2,.4e-2
,.6e-2,.3e-2,.5e-2,.4e-2,.4e-2,.4e-2,.6e-2,.3e-2,.4e-2,.5e-2,.3e-2,.4e-2,.3e-2,
.4e-2,.4e-2,.3e-2,.4e-2,.3e-2,.4e-2,.4e-2,.4e-2,.3e-2,.4e-2,.3e-2,.4e-2,.4e-2,.\
3e-2,.4e-2,.3e-2,.5e-2,.5e-2,.3e-2,.3e-2,.4e-2,.4e-2,.5e-2,.4e-2,.5e-2,.4e-2,.5\
e-2,.4e-2,.5e-2,.5e-2,.4e-2,.4e-2,.4e-2,.4e-2,.3e-2,.4e-2,.4e-2],[.4e-2,.6e-2,.\
4e-2,.4e-2,.3e-2,.5e-2,.3e-2,.3e-2,.4e-2,.5e-2,.4e-2,.6e-2,.4e-2,.3e-2,.4e-2,.4\
e-2,.49e-1,.6e-2,.3e-2,.5e-2,.4e-2,.4e-2,.3e-2,.3e-2,.4e-2,.4e-2,.4e-2,.4e-2,.6\
e-2,.3e-2,.4e-2,.5e-2,.3e-2,.4e-2,.5e-2,.3e-2,.3e-2,.3e-2,.3e-2,.3e-2,.3e-2,.4e\
-2,.3e-2,.4e-2,.3e-2,.4e-2,.4e-2,.4e-2,.5e-2,.5e-2,.5e-2,.3e-2,.4e-2,.4e-2,.3e-\
2,.6e-2,.4e-2,.6e-2,.4e-2,.3e-2,.3e-2,.4e-2,.5e-2,.3e-2,.3e-2,.4e-2,.6e-2,.3e-2
,.4e-2,.4e-2,.3e-2,.4e-2,.4e-2,.4e-2,.4e-2,.4e-2,.5e-2,.5e-2,.4e-2,.4e-2,.3e-2,
.3e-2,.3e-2,.4e-2,.4e-2,.4e-2,.4e-2,.4e-2,.5e-2,.5e-2,.4e-2,.4e-2,.4e-2,.4e-2,.\
4e-2,.3e-2,.3e-2,.3e-2,.4e-2,.4e-2,.4e-2,.4e-2,.3e-2,.5e-2,.4e-2,.3e-2,.4e-2,.5\
e-2,.4e-2,.4e-2,.4e-2,.3e-2,.4e-2,.4e-2,.3e-2,.4e-2,.3e-2,.4e-2,.4e-2,.5e-2,.3e\
-2,.4e-2,.3e-2,.4e-2,.50e-1,.4e-2,.7e-2,.4e-2,.4e-2,.3e-2,.4e-2,.3e-2,.3e-2,.4e\
-2,.4e-2,.3e-2,.5e-2,.4e-2,.4e-2,.4e-2,.4e-2,.3e-2,.3e-2,.3e-2,.4e-2,.4e-2,.4e-\
2,.4e-2,.4e-2,.5e-2,.4e-2,.4e-2,.4e-2,.4e-2,.3e-2,.4e-2,.3e-2,.4e-2,.5e-2,.4e-2
,.4e-2,.3e-2,.5e-2,.5e-2,.3e-2,.3e-2,.5e-2,.3e-2,.4e-2,.3e-2,.4e-2,.4e-2,.4e-2,
.6e-2,.4e-2,.4e-2,.6e-2,.3e-2,.3e-2,.4e-2,.6e-2,.4e-2,.5e-2,.5e-2,.6e-2,.4e-2,.\
4e-2,.4e-2,.6e-2,.4e-2,.4e-2,.3e-2,.4e-2,.4e-2,.5e-2,.4e-2,.3e-2,.4e-2,.5e-2,.4\
e-2,.3e-2,.3e-2,.4e-2,.3e-2,.4e-2,.4e-2,.4e-2,.4e-2,.6e-2,.5e-2,.3e-2,.4e-2,.4e\
-2,.3e-2,.3e-2,.4e-2,.4e-2,.4e-2,.4e-2,.5e-2,.4e-2,.3e-2,.4e-2,.4e-2,.3e-2,.3e-\
2,.4e-2,.4e-2,.4e-2,.4e-2,.5e-2,.3e-2,.4e-2,.7e-2,.4e-2,.5e-2,.5e-2,.3e-2,.3e-2
,.3e-2,.3e-2,.3e-2,.3e-2,.3e-2,.3e-2,.4e-2,.4e-2,.4e-2,.4e-2,.4e-2,.6e-2,.4e-2,
.3e-2,.3e-2,.3e-2,.4e-2,.4e-2,.5e-2,.4e-2,.5e-2,.4e-2,.4e-2,.4e-2,.5e-2,.4e-2,.\
4e-2,.3e-2,.4e-2,.5e-2,.4e-2,.4e-2,.4e-2,.4e-2,.6e-2,.4e-2,.4e-2,.3e-2,.3e-2,.4\
e-2,.3e-2,.4e-2,.4e-2,.4e-2,.4e-2,.6e-2,.5e-2,.3e-2,.4e-2,.4e-2,.4e-2,.3e-2,.3e\
-2,.3e-2,.3e-2,.4e-2,.4e-2,.3e-2,.5e-2,.5e-2,.3e-2,.5e-2,.4e-2,.3e-2,.3e-2,.3e-\
2,.4e-2,.3e-2,.4e-2,.5e-2,.4e-2,.4e-2,.4e-2,.3e-2,.5e-2,.3e-2,.3e-2,.4e-2,.4e-2
,.4e-2,.5e-2,.4e-2,.3e-2,.4e-2,.4e-2,.5e-2,.5e-2,.4e-2,.4e-2,.5e-2,.5e-2,.5e-2,
.4e-2,.4e-2,.5e-2,.4e-2,.4e-2,.4e-2,.4e-2,.4e-2,.50e-1,.3e-2,.7e-2,.4e-2,.4e-2,
.3e-2,.4e-2,.3e-2,.3e-2,.3e-2,.4e-2,.4e-2,.3e-2,.3e-2,.4e-2,.3e-2,.5e-2,.4e-2,.\
3e-2,.3e-2,.6e-2,.6e-2,.5e-2,.8e-2,.9e-2,.5e-2,.10e-1,.10e-1,.9e-2,.7e-2,.6e-2,
.9e-2,.7e-2,.7e-2,.7e-2,.6e-2,.5e-2,.6e-2,.4e-2,.6e-2,.6e-2,.5e-2,.6e-2,.5e-2,.\
5e-2,.6e-2,.4e-2,.7e-2,.5e-2,.7e-2,.6e-2,.5e-2,.6e-2,.6e-2,.5e-2,.5e-2,.6e-2,.5\
e-2,.4e-2,.7e-2,.5e-2,.6e-2,.5e-2,.6e-2,.5e-2,.4e-2,.6e-2,.6e-2,.7e-2,.5e-2,.5e\
-2,.7e-2,.5e-2,.6e-2,.5e-2,.4e-2,.5e-2,.5e-2,.7e-2,.6e-2,.6e-2,.6e-2,.5e-2,.6e-\
2,.6e-2,.5e-2,.6e-2,.5e-2,.8e-2,.5e-2,.7e-2,.5e-2,.5e-2,.7e-2,.4e-2,.6e-2,.6e-2
,.5e-2,.7e-2,.4e-2,.8e-2,.6e-2,.6e-2,.7e-2,.9e-2,.5e-2,.71e-1,.7e-2,.5e-2,.6e-2
,.6e-2,.4e-2,.6e-2,.5e-2,.6e-2,.6e-2,.6e-2,.5e-2,.5e-2,.6e-2,.7e-2,.4e-2,.7e-2,
.5e-2,.6e-2,.6e-2,.4e-2,.8e-2,.5e-2,.6e-2,.5e-2,.4e-2,.8e-2,.5e-2,.6e-2,.7e-2,.\
7e-2,.7e-2,.8e-2,.4e-2,.4e-2,.6e-2,.4e-2,.7e-2,.5e-2,.7e-2,.5e-2,.6e-2,.6e-2,.4\
e-2,.7e-2,.6e-2,.7e-2,.4e-2,.6e-2,.5e-2,.5e-2,.6e-2,.4e-2,.7e-2,.5e-2,.6e-2,.7e\
-2,.4e-2,.5e-2,.4e-2,.5e-2,.6e-2,.6e-2,.6e-2,.4e-2,.6e-2,.4e-2,.4e-2,.5e-2,.4e-\
2,.4e-2,.4e-2,.3e-2,.5e-2,.6e-2,.4e-2,.4e-2,.3e-2,.4e-2,.4e-2,.3e-2,.5e-2,.4e-2
,.4e-2,.5e-2,.4e-2,.4e-2,.4e-2,.4e-2,.5e-2,.4e-2,.5e-2,.3e-2,.4e-2,.4e-2,.4e-2,
.4e-2,.4e-2,.4e-2,.5e-2,.4e-2,.4e-2,.5e-2,.5e-2,.4e-2,.5e-2,.6e-2,.64e-1,.5e-2,
.4e-2,.6e-2,.6e-2,.3e-2,.4e-2,.4e-2,.3e-2,.4e-2,.5e-2,.4e-2,.4e-2,.5e-2,.5e-2,.\
4e-2,.4e-2,.4e-2,.4e-2,.3e-2,.4e-2,.4e-2,.4e-2,.4e-2,.4e-2,.4e-2,.4e-2,.4e-2,.4\
e-2,.4e-2,.5e-2,.5e-2,.3e-2,.4e-2,.3e-2,.4e-2,.4e-2,.4e-2,.5e-2,.4e-2,.4e-2,.5e\
-2,.4e-2,.4e-2,.4e-2,.3e-2,.4e-2,.4e-2,.4e-2,.4e-2,.6e-2,.6e-2,.3e-2,.3e-2,.4e-\
2,.4e-2,.4e-2,.5e-2,.4e-2,.4e-2,.5e-2,.4e-2,.5e-2,.3e-2,.4e-2,.3e-2,.4e-2,.3e-2
,.4e-2,.4e-2,.3e-2,.4e-2,.3e-2,.4e-2,.4e-2,.4e-2,.4e-2,.4e-2,.5e-2,.3e-2,.4e-2,
.4e-2,.4e-2,.3e-2,.4e-2,.4e-2,.7e-2,.9e-2,.6e-2,.5e-2,.3e-2,.4e-2,.4e-2,.3e-2,.\
4e-2,.8e-2,.4e-2,.4e-2,.4e-2,.3e-2,.4e-2,.4e-2,.8e-2,.5e-2,.4e-2,.4e-2,.5e-2,.6\
e-2,.56e-1,.7e-2,.3e-2,.5e-2,.4e-2,.4e-2,.4e-2,.4e-2,.5e-2,.3e-2,.3e-2,.4e-2,.4\
e-2,.3e-2,.4e-2,.5e-2,.3e-2,.4e-2,.4e-2,.3e-2,.3e-2,.4e-2,.4e-2,.3e-2,.3e-2,.5e\
-2,.6e-2,.3e-2,.4e-2,.4e-2,.4e-2,.4e-2,.6e-2,.4e-2,.5e-2,.5e-2,.4e-2,.5e-2,.5e-\
2,.3e-2,.4e-2,.4e-2,.4e-2,.3e-2,.3e-2,.5e-2,.4e-2,.5e-2,.4e-2,.4e-2,.4e-2,.3e-2
,.4e-2,.4e-2,.5e-2,.3e-2,.3e-2,.4e-2,.5e-2,.5e-2,.3e-2,.5e-2,.5e-2,.4e-2,.4e-2,
.4e-2,.4e-2,.4e-2,.4e-2,.5e-2,.3e-2,.5e-2,.4e-2,.4e-2,.5e-2,.5e-2,.4e-2,.4e-2,.\
4e-2,.4e-2,.3e-2,.3e-2,.5e-2,.3e-2,.4e-2,.5e-2,.4e-2,.4e-2,.3e-2,.4e-2,.4e-2,.4\
e-2,.3e-2,.4e-2,.4e-2,.5e-2,.4e-2,.4e-2,.4e-2,.4e-2,.4e-2,.4e-2,.3e-2,.4e-2,.3e\
-2,.4e-2,.4e-2,.3e-2,.7e-2,.6e-2,.5e-2,.4e-2,.3e-2,.3e-2,.4e-2,.3e-2,.4e-2,.4e-\
2,.4e-2,.4e-2,.3e-2,.3e-2,.4e-2,.3e-2,.3e-2,.4e-2,.3e-2,.5e-2,.5e-2,.3e-2,.3e-2
,.3e-2,.3e-2,.3e-2,.4e-2,.3e-2,.4e-2,.3e-2,.4e-2,.4e-2,.3e-2,.4e-2,.3e-2,.3e-2,
.3e-2,.4e-2,.3e-2,.5e-2,.3e-2,.5e-2,.5e-2,.3e-2,.5e-2,.7e-2,.5e-2,.3e-2,.5e-2,.\
5e-2,.4e-2,.6e-2,.3e-2,.4e-2,.6e-2,.4e-2,.3e-2,.4e-2,.6e-2,.4e-2,.3e-2,.4e-2,.3\
e-2,.3e-2,.4e-2,.4e-2,.5e-2,.3e-2,.4e-2,.4e-2,.4e-2,.4e-2,.6e-2,.5e-2,.6e-2,.4e\
-2,.5e-2,.6e-2,.4e-2,.4e-2,.3e-2,.4e-2,.4e-2,.3e-2,.4e-2,.4e-2,.4e-2,.5e-2,.5e-\
2,.3e-2,.4e-2,.4e-2,.5e-2,.4e-2,.4e-2,.5e-2,.3e-2,.4e-2,.6e-2,.4e-2,.4e-2,.4e-2
,.4e-2,.4e-2,.3e-2,.4e-2,.3e-2,.58e-1,.6e-2,.4e-2,.4e-2,.3e-2,.4e-2,.4e-2,.5e-2
,.5e-2,.4e-2,.3e-2,.3e-2,.4e-2,.5e-2,.5e-2,.4e-2,.6e-2,.5e-2,.3e-2,.6e-2,.5e-2,
.4e-2,.4e-2,.5e-2,.4e-2,.6e-2,.5e-2,.3e-2,.4e-2,.4e-2,.4e-2,.3e-2,.3e-2,.3e-2,.\
3e-2,.4e-2,.4e-2,.4e-2,.4e-2,.3e-2,.6e-2,.4e-2,.4e-2,.6e-2,.5e-2,.3e-2,.4e-2,.4\
e-2,.5e-2,.3e-2,.4e-2,.5e-2,.3e-2,.5e-2,.5e-2,.3e-2,.4e-2,.3e-2,.3e-2,.4e-2,.5e\
-2,.5e-2,.5e-2,.4e-2,.5e-2,.4e-2,.7e-2,.3e-2,.3e-2,.4e-2,.4e-2,.5e-2,.3e-2,.5e-\
2,.5e-2,.5e-2,.5e-2,.3e-2,.7e-2,.4e-2,.4e-2,.4e-2,.4e-2,.4e-2,.5e-2,.4e-2,.3e-2
,.4e-2,.5e-2,.4e-2,.4e-2,.3e-2,.4e-2,.4e-2,.3e-2,.5e-2,.4e-2,.5e-2,.6e-2,.4e-2,
.4e-2,.3e-2,.4e-2,.4e-2,.3e-2,.4e-2,.4e-2,.60e-1,.7e-2,.4e-2,.5e-2,.5e-2,.3e-2,
.7e-2,.4e-2,.3e-2,.3e-2,.3e-2,.3e-2,.4e-2,.4e-2,.5e-2,.4e-2,.4e-2,.6e-2,.3e-2,.\
4e-2,.3e-2,.5e-2,.3e-2,.4e-2,.3e-2,.3e-2,.4e-2,.4e-2,.5e-2,.5e-2,.4e-2,.4e-2,.5\
e-2,.4e-2,.4e-2,.6e-2,.4e-2,.5e-2,.4e-2,.4e-2,.5e-2,.3e-2,.4e-2,.4e-2,.4e-2,.4e\
-2,.3e-2,.3e-2,.4e-2,.3e-2,.3e-2,.5e-2,.5e-2,.5e-2,.4e-2,.4e-2,.5e-2,.5e-2,.4e-\
2,.3e-2,.4e-2,.4e-2,.3e-2,.4e-2,.5e-2,.7e-2,.4e-2,.4e-2,.4e-2,.3e-2,.4e-2,.4e-2
,.4e-2,.4e-2,.4e-2,.6e-2,.5e-2,.5e-2,.3e-2,.5e-2,.3e-2,.7e-2,.6e-2,.4e-2,.6e-2,
.4e-2,.3e-2,.4e-2,.4e-2,.4e-2,.3e-2,.3e-2,.4e-2,.4e-2,.3e-2,.4e-2,.4e-2,.5e-2,.\
7e-2,.4e-2,.3e-2,.4e-2,.4e-2,.4e-2,.4e-2,.4e-2,.3e-2,.8e-2,.6e-2,.4e-2,.4e-2,.4\
e-2,.4e-2,.4e-2,.3e-2,.5e-2,.5e-2,.4e-2,.5e-2,.5e-2,.3e-2,.3e-2,.6e-2,.6e-2,.3e\
-2,.5e-2,.4e-2,.4e-2,.5e-2,.4e-2,.6e-2,.5e-2,.4e-2,.3e-2,.4e-2,.4e-2,.3e-2,.6e-\
2,.3e-2,.4e-2,.3e-2,.3e-2,.3e-2,.4e-2,.4e-2,.4e-2,.4e-2,.5e-2,.5e-2,.3e-2,.4e-2
,.4e-2,.3e-2,.3e-2,.4e-2,.4e-2,.4e-2,.3e-2,.3e-2,.3e-2,.4e-2,.5e-2,.3e-2,.5e-2,
.3e-2,.5e-2,.5e-2,.3e-2,.4e-2,.4e-2,.3e-2,.4e-2,.3e-2,.5e-2,.4e-2,.4e-2,.3e-2,.\
4e-2,.4e-2,.3e-2,.4e-2,.3e-2,.4e-2,.3e-2,.4e-2,.3e-2,.6e-2,.5e-2,.4e-2,.3e-2,.4\
e-2,.4e-2,.4e-2,.3e-2,.5e-2,.3e-2,.4e-2,.4e-2,.4e-2,.4e-2,.4e-2,.3e-2,.3e-2,.4e\
-2,.4e-2,.3e-2,.4e-2,.5e-2,.5e-2,.3e-2,.4e-2,.4e-2,.3e-2,.54e-1,.6e-2,.5e-2,.3e\
-2,.6e-2,.5e-2,.3e-2,.3e-2,.4e-2,.3e-2,.3e-2,.3e-2,.4e-2,.3e-2,.5e-2,.5e-2,.4e-\
2,.4e-2,.3e-2,.3e-2,.3e-2,.4e-2,.5e-2,.3e-2,.3e-2,.5e-2,.6e-2,.3e-2,.3e-2,.5e-2
,.3e-2,.4e-2,.7e-2,.5e-2,.4e-2,.4e-2,.3e-2,.4e-2,.3e-2,.4e-2,.4e-2,.4e-2,.3e-2,
.3e-2,.4e-2,.3e-2,.4e-2,.3e-2,.4e-2,.3e-2,.7e-2,.4e-2,.3e-2,.5e-2,.5e-2,.4e-2,.\
5e-2,.4e-2,.3e-2,.4e-2,.4e-2,.5e-2,.5e-2,.3e-2,.4e-2,.4e-2,.4e-2,.3e-2,.4e-2,.6\
e-2,.4e-2,.5e-2,.3e-2,.4e-2,.3e-2,.4e-2,.3e-2,.4e-2,.4e-2,.4e-2,.4e-2,.4e-2,.3e\
-2,.5e-2,.4e-2,.5e-2,.5e-2,.4e-2,.4e-2,.3e-2,.4e-2,.3e-2,.4e-2,.4e-2,.4e-2,.3e-\
2,.5e-2,.5e-2,.3e-2,.5e-2,.5e-2,.4e-2,.5e-2,.5e-2,.4e-2,.4e-2,.62e-1,.8e-2,.5e-\
2,.3e-2,.4e-2,.4e-2,.3e-2,.5e-2,.5e-2,.3e-2,.4e-2,.3e-2,.4e-2,.3e-2,.3e-2,.4e-2
,.5e-2,.4e-2,.3e-2,.6e-2,.4e-2,.4e-2,.4e-2,.5e-2,.5e-2,.4e-2,.4e-2,.3e-2,.3e-2,
.4e-2,.5e-2,.4e-2,.4e-2,.3e-2,.4e-2,.3e-2,.4e-2,.4e-2,.4e-2,.3e-2,.6e-2,.4e-2,.\
4e-2,.3e-2,.3e-2,.4e-2,.4e-2,.5e-2,.6e-2,.3e-2,.3e-2,.4e-2,.3e-2,.6e-2,.6e-2,.5\
e-2,.3e-2,.5e-2,.4e-2,.5e-2,.5e-2,.3e-2,.6e-2,.4e-2,.3e-2,.4e-2,.3e-2,.4e-2,.4e\
-2,.4e-2,.4e-2,.4e-2,.4e-2,.4e-2,.3e-2,.3e-2,.4e-2,.3e-2,.4e-2,.4e-2,.3e-2,.4e-\
2,.5e-2,.5e-2,.4e-2,.4e-2,.6e-2,.4e-2,.3e-2,.3e-2,.4e-2,.4e-2,.4e-2,.5e-2,.4e-2
,.6e-2,.4e-2,.5e-2,.5e-2,.4e-2,.4e-2,.3e-2,.4e-2,.4e-2,.3e-2,.4e-2,.57e-1,.6e-2
,.3e-2,.4e-2,.5e-2,.4e-2,.3e-2,.4e-2,.3e-2,.5e-2,.5e-2,.4e-2,.4e-2,.4e-2,.4e-2,
.4e-2,.6e-2,.3e-2,.4e-2,.3e-2,.5e-2,.4e-2,.3e-2,.4e-2,.4e-2,.3e-2,.4e-2,.4e-2,.\
4e-2,.3e-2,.4e-2,.5e-2,.5e-2,.3e-2,.3e-2,.4e-2,.4e-2,.3e-2,.3e-2,.4e-2,.3e-2,.5\
e-2,.5e-2,.4e-2,.4e-2,.4e-2,.4e-2,.4e-2,.3e-2,.4e-2,.3e-2,.5e-2,.5e-2,.4e-2,.5e\
-2,.5e-2,.3e-2,.4e-2,.4e-2,.4e-2,.4e-2,.5e-2,.4e-2,.4e-2,.3e-2,.5e-2,.6e-2,.5e-\
2,.8e-2,.3e-2,.6e-2,.4e-2,.5e-2,.5e-2,.4e-2,.6e-2,.5e-2,.4e-2,.3e-2,.4e-2,.3e-2
,.5e-2,.5e-2,.4e-2,.5e-2,.4e-2,.3e-2,.4e-2,.4e-2,.3e-2,.3e-2,.4e-2,.4e-2]]);
