TIMES1 := Matrix(5, 50, [[.13e-1,.5e-2,.4e-2,.5e-2,.4e-2,.4e-2,.3e-2,.5e-2,.5e-\
2,.4e-2,.4e-2,.3e-2,.5e-2,.3e-2,.3e-2,.4e-2,.3e-2,.4e-2,.4e-2,.5e-2,.3e-2,.4e-2
,.4e-2,.4e-2,.4e-2,.4e-2,.4e-2,.3e-2,.3e-2,.6e-2,.4e-2,.3e-2,.4e-2,.3e-2,.4e-2,
.19e-1,.6e-2,.7e-2,.6e-2,.5e-2,.4e-2,.4e-2,.3e-2,.4e-2,.4e-2,.3e-2,.4e-2,.4e-2,
.3e-2,.4e-2],[.4e-2,.3e-2,.3e-2,.3e-2,.3e-2,.3e-2,.3e-2,.3e-2,.3e-2,.4e-2,.3e-2
,.3e-2,.4e-2,.3e-2,.3e-2,.4e-2,.5e-2,.3e-2,.3e-2,.3e-2,.3e-2,.3e-2,.3e-2,.19e-1
,.4e-2,.5e-2,.5e-2,.4e-2,.4e-2,.4e-2,.3e-2,.3e-2,.3e-2,.3e-2,.4e-2,.4e-2,.3e-2,
.5e-2,.4e-2,.4e-2,.3e-2,.4e-2,.3e-2,.3e-2,.3e-2,.3e-2,.5e-2,.3e-2,.4e-2,.4e-2],
[.4e-2,.4e-2,.3e-2,.3e-2,.3e-2,.4e-2,.6e-2,.4e-2,.4e-2,.6e-2,.3e-2,.19e-1,.3e-2
,.4e-2,.4e-2,.4e-2,.5e-2,.5e-2,.3e-2,.6e-2,.4e-2,.3e-2,.3e-2,.3e-2,.4e-2,.4e-2,
.4e-2,.4e-2,.3e-2,.3e-2,.5e-2,.3e-2,.4e-2,.4e-2,.3e-2,.3e-2,.3e-2,.3e-2,.4e-2,.\
3e-2,.4e-2,.6e-2,.3e-2,.3e-2,.4e-2,.5e-2,.4e-2,.3e-2,.5e-2,.19e-1],[.3e-2,.3e-2
,.6e-2,.3e-2,.4e-2,.4e-2,.4e-2,.3e-2,.3e-2,.6e-2,.3e-2,.4e-2,.3e-2,.4e-2,.3e-2,
.3e-2,.5e-2,.7e-2,.4e-2,.3e-2,.3e-2,.3e-2,.5e-2,.4e-2,.3e-2,.4e-2,.4e-2,.4e-2,.\
3e-2,.4e-2,.4e-2,.3e-2,.3e-2,.4e-2,.3e-2,.4e-2,.3e-2,.19e-1,.4e-2,.5e-2,.4e-2,.\
4e-2,.4e-2,.4e-2,.3e-2,.4e-2,.5e-2,.7e-2,.9e-2,.6e-2],[.7e-2,.4e-2,.6e-2,.3e-2,
.3e-2,.4e-2,.3e-2,.3e-2,.3e-2,.5e-2,.5e-2,.3e-2,.3e-2,.3e-2,.3e-2,.3e-2,.3e-2,.\
4e-2,.3e-2,.3e-2,.5e-2,.4e-2,.3e-2,.3e-2,.3e-2,.20e-1,.3e-2,.5e-2,.4e-2,.3e-2,.\
5e-2,.4e-2,.4e-2,.3e-2,.3e-2,.3e-2,.3e-2,.4e-2,.3e-2,.4e-2,.4e-2,.4e-2,.4e-2,.3\
e-2,.4e-2,.4e-2,.6e-2,.5e-2,.3e-2,.3e-2]]);
