TIMES1 := Matrix(5, 250, [[.5e-2,.5e-2,.3e-2,.3e-2,.3e-2,.3e-2,.4e-2,.4e-2,.4e-\
2,.3e-2,.3e-2,.5e-2,.5e-2,.3e-2,.4e-2,.4e-2,.3e-2,.21e-1,.5e-2,.5e-2,.4e-2,.5e-\
2,.5e-2,.3e-2,.3e-2,.5e-2,.4e-2,.4e-2,.3e-2,.3e-2,.3e-2,.3e-2,.3e-2,.4e-2,.3e-2
,.3e-2,.4e-2,.6e-2,.5e-2,.9e-2,.6e-2,.7e-2,.3e-2,.5e-2,.3e-2,.3e-2,.3e-2,.3e-2,
.5e-2,.3e-2,.3e-2,.4e-2,.24e-1,.6e-2,.5e-2,.4e-2,.5e-2,.4e-2,.3e-2,.3e-2,.3e-2,
.3e-2,.4e-2,.3e-2,.3e-2,.3e-2,.3e-2,.4e-2,.6e-2,.5e-2,.3e-2,.3e-2,.3e-2,.3e-2,.\
3e-2,.4e-2,.3e-2,.4e-2,.3e-2,.4e-2,.3e-2,.4e-2,.3e-2,.3e-2,.4e-2,.4e-2,.3e-2,.6\
e-2,.4e-2,.4e-2,.4e-2,.4e-2,.3e-2,.3e-2,.3e-2,.3e-2,.4e-2,.3e-2,.4e-2,.4e-2,.5e\
-2,.4e-2,.3e-2,.4e-2,.3e-2,.4e-2,.4e-2,.5e-2,.4e-2,.4e-2,.3e-2,.5e-2,.3e-2,.6e-\
2,.6e-2,.3e-2,.4e-2,.3e-2,.4e-2,.4e-2,.5e-2,.35e-1,.4e-2,.4e-2,.5e-2,.5e-2,.4e-\
2,.6e-2,.4e-2,.5e-2,.6e-2,.3e-2,.6e-2,.6e-2,.7e-2,.6e-2,.7e-2,.6e-2,.3e-2,.5e-2
,.6e-2,.5e-2,.6e-2,.5e-2,.4e-2,.5e-2,.5e-2,.4e-2,.6e-2,.5e-2,.5e-2,.6e-2,.4e-2,
.6e-2,.6e-2,.5e-2,.6e-2,.5e-2,.3e-2,.6e-2,.4e-2,.5e-2,.6e-2,.4e-2,.5e-2,.5e-2,.\
3e-2,.5e-2,.5e-2,.4e-2,.5e-2,.4e-2,.4e-2,.5e-2,.5e-2,.4e-2,.6e-2,.5e-2,.4e-2,.4\
e-2,.4e-2,.3e-2,.3e-2,.4e-2,.4e-2,.4e-2,.4e-2,.5e-2,.4e-2,.4e-2,.4e-2,.5e-2,.35\
e-1,.3e-2,.5e-2,.4e-2,.5e-2,.4e-2,.3e-2,.5e-2,.5e-2,.4e-2,.4e-2,.3e-2,.3e-2,.3e\
-2,.3e-2,.3e-2,.5e-2,.3e-2,.4e-2,.5e-2,.4e-2,.3e-2,.3e-2,.3e-2,.4e-2,.3e-2,.4e-\
2,.4e-2,.5e-2,.3e-2,.4e-2,.6e-2,.4e-2,.3e-2,.4e-2,.4e-2,.3e-2,.3e-2,.4e-2,.4e-2
,.4e-2,.4e-2,.5e-2,.4e-2,.5e-2,.4e-2,.4e-2,.4e-2,.3e-2,.5e-2,.4e-2,.4e-2,.3e-2,
.4e-2,.4e-2,.4e-2,.5e-2,.4e-2],[.5e-2,.5e-2,.4e-2,.4e-2,.4e-2,.4e-2,.4e-2,.3e-2
,.5e-2,.4e-2,.4e-2,.4e-2,.6e-2,.36e-1,.4e-2,.5e-2,.4e-2,.5e-2,.4e-2,.4e-2,.5e-2
,.4e-2,.4e-2,.4e-2,.5e-2,.4e-2,.4e-2,.4e-2,.4e-2,.4e-2,.5e-2,.5e-2,.3e-2,.4e-2,
.3e-2,.3e-2,.4e-2,.3e-2,.3e-2,.4e-2,.3e-2,.4e-2,.3e-2,.3e-2,.3e-2,.4e-2,.4e-2,.\
3e-2,.4e-2,.3e-2,.4e-2,.4e-2,.4e-2,.5e-2,.4e-2,.4e-2,.3e-2,.4e-2,.3e-2,.3e-2,.3\
e-2,.4e-2,.4e-2,.4e-2,.4e-2,.3e-2,.5e-2,.4e-2,.4e-2,.5e-2,.4e-2,.7e-2,.3e-2,.4e\
-2,.5e-2,.3e-2,.5e-2,.4e-2,.4e-2,.3e-2,.3e-2,.6e-2,.4e-2,.4e-2,.4e-2,.4e-2,.4e-\
2,.40e-1,.6e-2,.3e-2,.4e-2,.4e-2,.3e-2,.3e-2,.4e-2,.4e-2,.4e-2,.4e-2,.4e-2,.4e-\
2,.3e-2,.3e-2,.3e-2,.3e-2,.3e-2,.4e-2,.7e-2,.4e-2,.3e-2,.5e-2,.4e-2,.3e-2,.6e-2
,.4e-2,.3e-2,.7e-2,.4e-2,.3e-2,.5e-2,.4e-2,.4e-2,.6e-2,.4e-2,.4e-2,.6e-2,.3e-2,
.4e-2,.7e-2,.3e-2,.5e-2,.5e-2,.3e-2,.5e-2,.5e-2,.4e-2,.6e-2,.5e-2,.4e-2,.5e-2,.\
5e-2,.3e-2,.5e-2,.7e-2,.3e-2,.4e-2,.4e-2,.3e-2,.5e-2,.4e-2,.3e-2,.3e-2,.4e-2,.4\
e-2,.4e-2,.4e-2,.3e-2,.4e-2,.4e-2,.4e-2,.36e-1,.4e-2,.5e-2,.4e-2,.4e-2,.3e-2,.5\
e-2,.5e-2,.3e-2,.3e-2,.3e-2,.3e-2,.3e-2,.4e-2,.4e-2,.4e-2,.3e-2,.3e-2,.5e-2,.4e\
-2,.3e-2,.3e-2,.3e-2,.3e-2,.4e-2,.3e-2,.3e-2,.3e-2,.3e-2,.3e-2,.3e-2,.3e-2,.3e-\
2,.3e-2,.5e-2,.5e-2,.3e-2,.4e-2,.3e-2,.4e-2,.3e-2,.3e-2,.4e-2,.3e-2,.4e-2,.4e-2
,.4e-2,.4e-2,.3e-2,.3e-2,.3e-2,.3e-2,.4e-2,.3e-2,.3e-2,.3e-2,.5e-2,.4e-2,.3e-2,
.4e-2,.5e-2,.3e-2,.3e-2,.4e-2,.4e-2,.3e-2,.3e-2,.5e-2,.3e-2,.3e-2,.4e-2,.4e-2,.\
4e-2,.35e-1,.4e-2,.5e-2,.3e-2,.4e-2,.5e-2,.3e-2,.3e-2,.3e-2,.5e-2,.4e-2,.5e-2,.\
5e-2,.4e-2,.3e-2,.3e-2,.4e-2,.4e-2],[.3e-2,.4e-2,.3e-2,.4e-2,.3e-2,.3e-2,.3e-2,
.4e-2,.4e-2,.4e-2,.3e-2,.3e-2,.3e-2,.4e-2,.3e-2,.4e-2,.4e-2,.5e-2,.4e-2,.4e-2,.\
3e-2,.3e-2,.3e-2,.3e-2,.4e-2,.3e-2,.3e-2,.4e-2,.4e-2,.5e-2,.4e-2,.4e-2,.3e-2,.3\
e-2,.4e-2,.3e-2,.4e-2,.4e-2,.4e-2,.3e-2,.4e-2,.5e-2,.6e-2,.7e-2,.4e-2,.4e-2,.6e\
-2,.5e-2,.5e-2,.5e-2,.4e-2,.6e-2,.5e-2,.4e-2,.4e-2,.3e-2,.36e-1,.5e-2,.5e-2,.5e\
-2,.4e-2,.3e-2,.4e-2,.3e-2,.3e-2,.3e-2,.3e-2,.3e-2,.4e-2,.3e-2,.4e-2,.3e-2,.3e-\
2,.3e-2,.4e-2,.3e-2,.4e-2,.3e-2,.4e-2,.3e-2,.3e-2,.3e-2,.3e-2,.4e-2,.4e-2,.3e-2
,.3e-2,.4e-2,.4e-2,.4e-2,.4e-2,.4e-2,.3e-2,.4e-2,.4e-2,.4e-2,.3e-2,.3e-2,.3e-2,
.4e-2,.4e-2,.5e-2,.4e-2,.4e-2,.4e-2,.3e-2,.4e-2,.4e-2,.5e-2,.3e-2,.5e-2,.5e-2,.\
4e-2,.4e-2,.4e-2,.4e-2,.4e-2,.4e-2,.4e-2,.3e-2,.4e-2,.4e-2,.3e-2,.3e-2,.3e-2,.3\
e-2,.3e-2,.3e-2,.3e-2,.32e-1,.4e-2,.5e-2,.4e-2,.3e-2,.3e-2,.4e-2,.5e-2,.3e-2,.3\
e-2,.3e-2,.4e-2,.3e-2,.4e-2,.3e-2,.4e-2,.3e-2,.3e-2,.5e-2,.4e-2,.3e-2,.3e-2,.3e\
-2,.3e-2,.3e-2,.3e-2,.4e-2,.3e-2,.3e-2,.3e-2,.5e-2,.5e-2,.4e-2,.4e-2,.4e-2,.4e-\
2,.3e-2,.3e-2,.4e-2,.3e-2,.3e-2,.4e-2,.5e-2,.3e-2,.4e-2,.3e-2,.3e-2,.4e-2,.3e-2
,.3e-2,.3e-2,.3e-2,.3e-2,.3e-2,.4e-2,.4e-2,.4e-2,.4e-2,.4e-2,.3e-2,.3e-2,.5e-2,
.5e-2,.3e-2,.5e-2,.5e-2,.3e-2,.4e-2,.4e-2,.3e-2,.3e-2,.4e-2,.5e-2,.35e-1,.4e-2,
.6e-2,.3e-2,.4e-2,.5e-2,.4e-2,.4e-2,.5e-2,.4e-2,.3e-2,.3e-2,.3e-2,.3e-2,.2e-2,.\
3e-2,.3e-2,.3e-2,.3e-2,.4e-2,.4e-2,.4e-2,.3e-2,.4e-2,.4e-2,.3e-2,.3e-2,.4e-2,.4\
e-2,.5e-2,.7e-2,.3e-2,.4e-2,.4e-2,.3e-2,.3e-2,.3e-2,.3e-2,.3e-2,.3e-2,.4e-2,.5e\
-2,.4e-2,.3e-2,.3e-2,.5e-2,.5e-2,.4e-2],[.3e-2,.3e-2,.3e-2,.3e-2,.3e-2,.3e-2,.4\
e-2,.3e-2,.3e-2,.5e-2,.4e-2,.4e-2,.5e-2,.5e-2,.3e-2,.5e-2,.6e-2,.6e-2,.6e-2,.4e\
-2,.3e-2,.5e-2,.4e-2,.3e-2,.3e-2,.4e-2,.4e-2,.4e-2,.3e-2,.3e-2,.3e-2,.3e-2,.5e-\
2,.3e-2,.3e-2,.3e-2,.4e-2,.3e-2,.2e-2,.5e-2,.4e-2,.3e-2,.4e-2,.3e-2,.3e-2,.3e-2
,.3e-2,.3e-2,.3e-2,.3e-2,.2e-2,.3e-2,.4e-2,.3e-2,.4e-2,.3e-2,.4e-2,.3e-2,.3e-2,
.5e-2,.4e-2,.3e-2,.3e-2,.3e-2,.4e-2,.4e-2,.3e-2,.5e-2,.4e-2,.3e-2,.4e-2,.5e-2,.\
3e-2,.3e-2,.3e-2,.3e-2,.3e-2,.3e-2,.4e-2,.3e-2,.3e-2,.3e-2,.4e-2,.5e-2,.3e-2,.4\
e-2,.4e-2,.4e-2,.3e-2,.5e-2,.5e-2,.4e-2,.4e-2,.4e-2,.3e-2,.3e-2,.5e-2,.5e-2,.3e\
-2,.35e-1,.4e-2,.4e-2,.3e-2,.4e-2,.3e-2,.3e-2,.3e-2,.3e-2,.4e-2,.3e-2,.3e-2,.4e\
-2,.3e-2,.4e-2,.3e-2,.3e-2,.4e-2,.3e-2,.5e-2,.5e-2,.3e-2,.3e-2,.3e-2,.4e-2,.4e-\
2,.3e-2,.3e-2,.4e-2,.3e-2,.4e-2,.5e-2,.4e-2,.4e-2,.4e-2,.4e-2,.3e-2,.3e-2,.4e-2
,.4e-2,.3e-2,.4e-2,.5e-2,.4e-2,.3e-2,.6e-2,.3e-2,.3e-2,.3e-2,.4e-2,.3e-2,.4e-2,
.4e-2,.3e-2,.4e-2,.5e-2,.4e-2,.4e-2,.4e-2,.3e-2,.4e-2,.5e-2,.5e-2,.5e-2,.5e-2,.\
4e-2,.5e-2,.4e-2,.6e-2,.5e-2,.3e-2,.4e-2,.6e-2,.44e-1,.7e-2,.7e-2,.4e-2,.4e-2,.\
7e-2,.3e-2,.5e-2,.5e-2,.3e-2,.3e-2,.4e-2,.3e-2,.3e-2,.5e-2,.7e-2,.4e-2,.5e-2,.5\
e-2,.4e-2,.6e-2,.3e-2,.5e-2,.5e-2,.3e-2,.4e-2,.5e-2,.4e-2,.4e-2,.3e-2,.5e-2,.4e\
-2,.5e-2,.5e-2,.4e-2,.3e-2,.6e-2,.3e-2,.4e-2,.3e-2,.4e-2,.4e-2,.5e-2,.5e-2,.3e-\
2,.5e-2,.5e-2,.4e-2,.5e-2,.5e-2,.3e-2,.5e-2,.4e-2,.5e-2,.6e-2,.5e-2,.4e-2,.5e-2
,.5e-2,.4e-2,.4e-2,.5e-2,.3e-2,.6e-2,.5e-2,.4e-2,.5e-2,.5e-2,.4e-2,.5e-2,.6e-2,
.5e-2,.6e-2,.42e-1,.5e-2,.4e-2,.5e-2,.5e-2],[.3e-2,.5e-2,.4e-2,.3e-2,.6e-2,.5e-\
2,.3e-2,.5e-2,.5e-2,.4e-2,.6e-2,.5e-2,.3e-2,.5e-2,.5e-2,.4e-2,.4e-2,.6e-2,.4e-2
,.5e-2,.4e-2,.4e-2,.4e-2,.4e-2,.4e-2,.3e-2,.5e-2,.5e-2,.3e-2,.6e-2,.5e-2,.6e-2,
.4e-2,.3e-2,.4e-2,.5e-2,.5e-2,.4e-2,.4e-2,.6e-2,.3e-2,.3e-2,.6e-2,.3e-2,.4e-2,.\
4e-2,.5e-2,.3e-2,.3e-2,.3e-2,.4e-2,.3e-2,.3e-2,.4e-2,.4e-2,.3e-2,.3e-2,.4e-2,.5\
e-2,.4e-2,.4e-2,.4e-2,.3e-2,.4e-2,.4e-2,.4e-2,.4e-2,.3e-2,.4e-2,.5e-2,.7e-2,.4e\
-2,.4e-2,.4e-2,.4e-2,.4e-2,.3e-2,.4e-2,.3e-2,.3e-2,.4e-2,.5e-2,.3e-2,.3e-2,.3e-\
2,.3e-2,.4e-2,.4e-2,.3e-2,.4e-2,.3e-2,.3e-2,.5e-2,.4e-2,.4e-2,.4e-2,.3e-2,.4e-2
,.3e-2,.3e-2,.3e-2,.4e-2,.3e-2,.3e-2,.3e-2,.5e-2,.4e-2,.5e-2,.5e-2,.3e-2,.3e-2,
.10e-1,.9e-2,.10e-1,.7e-2,.7e-2,.5e-2,.3e-2,.6e-2,.8e-2,.4e-2,.6e-2,.3e-2,.6e-2
,.4e-2,.5e-2,.8e-2,.3e-2,.3e-2,.4e-2,.7e-2,.3e-2,.3e-2,.5e-2,.3e-2,.3e-2,.4e-2,
.4e-2,.6e-2,.5e-2,.3e-2,.6e-2,.37e-1,.3e-2,.5e-2,.5e-2,.4e-2,.4e-2,.3e-2,.4e-2,
.6e-2,.6e-2,.3e-2,.4e-2,.4e-2,.4e-2,.3e-2,.3e-2,.3e-2,.4e-2,.3e-2,.3e-2,.6e-2,.\
5e-2,.5e-2,.5e-2,.6e-2,.5e-2,.6e-2,.6e-2,.6e-2,.6e-2,.6e-2,.5e-2,.5e-2,.5e-2,.7\
e-2,.5e-2,.6e-2,.7e-2,.5e-2,.6e-2,.4e-2,.7e-2,.5e-2,.6e-2,.5e-2,.5e-2,.6e-2,.4e\
-2,.6e-2,.6e-2,.4e-2,.7e-2,.4e-2,.5e-2,.6e-2,.3e-2,.5e-2,.6e-2,.4e-2,.4e-2,.5e-\
2,.4e-2,.5e-2,.7e-2,.4e-2,.6e-2,.3e-2,.4e-2,.6e-2,.4e-2,.3e-2,.4e-2,.4e-2,.37e-\
1,.6e-2,.4e-2,.5e-2,.7e-2,.4e-2,.4e-2,.4e-2,.4e-2,.3e-2,.5e-2,.4e-2,.4e-2,.4e-2
,.5e-2,.4e-2,.4e-2,.5e-2,.4e-2,.4e-2,.6e-2,.3e-2,.3e-2,.4e-2,.5e-2,.4e-2,.5e-2,
.4e-2,.3e-2,.3e-2,.4e-2,.4e-2,.4e-2,.4e-2,.4e-2]]);
